1.000000e-02 8.809327e+03 1.632285e+04 2.227445e+04 3.359387e+04  
1.013939e-02 8.855449e+03 1.640793e+04 2.239014e+04 3.376732e+04  
1.028073e-02 8.900712e+03 1.649140e+04 2.250363e+04 3.393744e+04  
1.042404e-02 8.945081e+03 1.657320e+04 2.261484e+04 3.410408e+04  
1.056935e-02 8.988524e+03 1.665328e+04 2.272368e+04 3.426712e+04  
1.071668e-02 9.031002e+03 1.673156e+04 2.283006e+04 3.442641e+04  
1.086606e-02 9.072479e+03 1.680796e+04 2.293387e+04 3.458182e+04  
1.101753e-02 9.112915e+03 1.688244e+04 2.303503e+04 3.473319e+04  
1.117111e-02 9.152274e+03 1.695490e+04 2.313343e+04 3.488038e+04  
1.132683e-02 9.190517e+03 1.702528e+04 2.322899e+04 3.502325e+04  
1.148472e-02 9.227604e+03 1.709351e+04 2.332159e+04 3.516164e+04  
1.164481e-02 9.263498e+03 1.715952e+04 2.341115e+04 3.529541e+04  
1.180713e-02 9.298158e+03 1.722322e+04 2.349756e+04 3.542441e+04  
1.197171e-02 9.331546e+03 1.728456e+04 2.358072e+04 3.554848e+04  
1.213859e-02 9.363622e+03 1.734346e+04 2.366054e+04 3.566748e+04  
1.230780e-02 9.394347e+03 1.739984e+04 2.373692e+04 3.578127e+04  
1.247936e-02 9.423681e+03 1.745363e+04 2.380975e+04 3.588968e+04  
1.265332e-02 9.451587e+03 1.750476e+04 2.387894e+04 3.599257e+04  
1.282970e-02 9.478024e+03 1.755316e+04 2.394438e+04 3.608979e+04  
1.300854e-02 9.502950e+03 1.759874e+04 2.400598e+04 3.618118e+04  
1.318987e-02 9.526321e+03 1.764143e+04 2.406362e+04 3.626657e+04  
1.337373e-02 9.548096e+03 1.768115e+04 2.411719e+04 3.634581e+04  
1.356015e-02 9.568230e+03 1.771782e+04 2.416659e+04 3.641872e+04  
1.374917e-02 9.586683e+03 1.775137e+04 2.421170e+04 3.648516e+04  
1.394083e-02 9.603411e+03 1.778170e+04 2.425243e+04 3.654495e+04  
1.413516e-02 9.618373e+03 1.780875e+04 2.428867e+04 3.659795e+04  
1.433219e-02 9.631526e+03 1.783244e+04 2.432031e+04 3.664399e+04  
1.453198e-02 9.642829e+03 1.785269e+04 2.434724e+04 3.668291e+04  
1.473454e-02 9.652238e+03 1.786941e+04 2.436936e+04 3.671455e+04  
1.493993e-02 9.659714e+03 1.788255e+04 2.438656e+04 3.673876e+04  
1.514819e-02 9.665215e+03 1.789201e+04 2.439875e+04 3.675539e+04  
1.535935e-02 9.668702e+03 1.789774e+04 2.440582e+04 3.676428e+04  
1.557345e-02 9.670137e+03 1.789965e+04 2.440768e+04 3.676530e+04  
1.579053e-02 9.669479e+03 1.789767e+04 2.440423e+04 3.675829e+04  
1.601064e-02 9.666687e+03 1.789173e+04 2.439536e+04 3.674309e+04  
1.623382e-02 9.661719e+03 1.788175e+04 2.438097e+04 3.671956e+04  
1.646012e-02 9.654538e+03 1.786766e+04 2.436096e+04 3.668754e+04  
1.668956e-02 9.645103e+03 1.784939e+04 2.433525e+04 3.664690e+04  
1.692220e-02 9.633380e+03 1.782687e+04 2.430372e+04 3.659750e+04  
1.715809e-02 9.619332e+03 1.780004e+04 2.426631e+04 3.653921e+04  
1.739726e-02 9.602927e+03 1.776883e+04 2.422293e+04 3.647190e+04  
1.763977e-02 9.584130e+03 1.773319e+04 2.417349e+04 3.639545e+04  
1.788566e-02 9.562909e+03 1.769305e+04 2.411791e+04 3.630975e+04  
1.813498e-02 9.539236e+03 1.764837e+04 2.405612e+04 3.621468e+04  
1.838777e-02 9.513083e+03 1.759909e+04 2.398806e+04 3.611016e+04  
1.864409e-02 9.484426e+03 1.754517e+04 2.391367e+04 3.599608e+04  
1.890397e-02 9.453244e+03 1.748657e+04 2.383290e+04 3.587239e+04  
1.916748e-02 9.419517e+03 1.742326e+04 2.374569e+04 3.573900e+04  
1.943467e-02 9.383222e+03 1.735519e+04 2.365199e+04 3.559583e+04  
1.970558e-02 9.344340e+03 1.728233e+04 2.355176e+04 3.544283e+04  
1.998026e-02 9.302855e+03 1.720465e+04 2.344496e+04 3.527993e+04  
2.025878e-02 9.258753e+03 1.712213e+04 2.333156e+04 3.510710e+04  
2.054117e-02 9.212028e+03 1.703476e+04 2.321155e+04 3.492430e+04  
2.082751e-02 9.162674e+03 1.694252e+04 2.308490e+04 3.473153e+04  
2.111783e-02 9.110690e+03 1.684543e+04 2.295163e+04 3.452880e+04  
2.141220e-02 9.056072e+03 1.674346e+04 2.281173e+04 3.431609e+04  
2.171068e-02 8.998821e+03 1.663663e+04 2.266521e+04 3.409341e+04  
2.201331e-02 8.938941e+03 1.652495e+04 2.251207e+04 3.386080e+04  
2.232016e-02 8.876441e+03 1.640843e+04 2.235234e+04 3.361829e+04  
2.263130e-02 8.811338e+03 1.628710e+04 2.218608e+04 3.336595e+04  
2.294676e-02 8.743651e+03 1.616101e+04 2.201333e+04 3.310388e+04  
2.326663e-02 8.673409e+03 1.603020e+04 2.183417e+04 3.283217e+04  
2.359095e-02 8.600635e+03 1.589473e+04 2.164866e+04 3.255095e+04  
2.391980e-02 8.525359e+03 1.575465e+04 2.145688e+04 3.226032e+04  
2.425323e-02 8.447615e+03 1.561002e+04 2.125893e+04 3.196042e+04  
2.459130e-02 8.367446e+03 1.546093e+04 2.105491e+04 3.165143e+04  
2.493409e-02 8.284901e+03 1.530747e+04 2.084495e+04 3.133354e+04  
2.528166e-02 8.200037e+03 1.514975e+04 2.062920e+04 3.100699e+04  
2.563407e-02 8.112922e+03 1.498789e+04 2.040784e+04 3.067202e+04  
2.599140e-02 8.023615e+03 1.482201e+04 2.018102e+04 3.032889e+04  
2.635371e-02 7.932174e+03 1.465221e+04 1.994890e+04 2.997782e+04  
2.672106e-02 7.838666e+03 1.447863e+04 1.971163e+04 2.961906e+04  
2.709354e-02 7.743165e+03 1.430139e+04 1.946942e+04 2.925292e+04  
2.747121e-02 7.645754e+03 1.412065e+04 1.922247e+04 2.887971e+04  
2.785414e-02 7.546525e+03 1.393660e+04 1.897103e+04 2.849980e+04  
2.824241e-02 7.445583e+03 1.374942e+04 1.871536e+04 2.811359e+04  
2.863610e-02 7.343030e+03 1.355930e+04 1.845572e+04 2.772146e+04  
2.903527e-02 7.238958e+03 1.336641e+04 1.819234e+04 2.732379e+04  
2.944000e-02 7.133467e+03 1.317094e+04 1.792549e+04 2.692095e+04  
2.985038e-02 7.026669e+03 1.297311e+04 1.765545e+04 2.651338e+04  
3.026648e-02 6.918684e+03 1.277312e+04 1.738251e+04 2.610153e+04  
3.068838e-02 6.809645e+03 1.257124e+04 1.710703e+04 2.568592e+04  
3.111616e-02 6.699698e+03 1.236772e+04 1.682936e+04 2.526710e+04  
3.154990e-02 6.588985e+03 1.216284e+04 1.654987e+04 2.484561e+04  
3.198969e-02 6.477626e+03 1.195681e+04 1.626886e+04 2.442192e+04  
3.243561e-02 6.365744e+03 1.174987e+04 1.598665e+04 2.399648e+04  
3.288774e-02 6.253472e+03 1.154225e+04 1.570356e+04 2.356981e+04  
3.334618e-02 6.140951e+03 1.133423e+04 1.541995e+04 2.314244e+04  
3.381101e-02 6.028336e+03 1.112608e+04 1.513621e+04 2.271496e+04  
3.428231e-02 5.915793e+03 1.091811e+04 1.485276e+04 2.228798e+04  
3.476019e-02 5.803491e+03 1.071063e+04 1.457003e+04 2.186216e+04  
3.524473e-02 5.691574e+03 1.050392e+04 1.428837e+04 2.143804e+04  
3.573602e-02 5.580182e+03 1.029822e+04 1.400813e+04 2.101613e+04  
3.623416e-02 5.469463e+03 1.009381e+04 1.372968e+04 2.059699e+04  
3.673925e-02 5.359574e+03 9.890972e+03 1.345343e+04 2.018123e+04  
3.725137e-02 5.250685e+03 9.690025e+03 1.317978e+04 1.976945e+04  
3.777064e-02 5.142972e+03 9.491292e+03 1.290917e+04 1.936234e+04  
3.829714e-02 5.036620e+03 9.295109e+03 1.264208e+04 1.896057e+04  
3.883098e-02 4.931758e+03 9.101713e+03 1.237881e+04 1.856463e+04  
3.937226e-02 4.828479e+03 8.911273e+03 1.211960e+04 1.817485e+04  
3.992109e-02 4.726877e+03 8.723961e+03 1.186468e+04 1.779159e+04  
4.047757e-02 4.627050e+03 8.539957e+03 1.161428e+04 1.741521e+04  
4.104181e-02 4.529099e+03 8.359443e+03 1.136867e+04 1.704607e+04  
4.161391e-02 4.433127e+03 8.182608e+03 1.112809e+04 1.668457e+04  
4.219398e-02 4.339242e+03 8.009647e+03 1.089281e+04 1.633108e+04  
4.278214e-02 4.247563e+03 7.840778e+03 1.066312e+04 1.598606e+04  
4.337850e-02 4.158230e+03 7.676252e+03 1.043936e+04 1.565001e+04  
4.398317e-02 4.071384e+03 7.516328e+03 1.022189e+04 1.532344e+04  
4.459628e-02 3.987175e+03 7.361278e+03 1.001105e+04 1.500691e+04  
4.521792e-02 3.905758e+03 7.211380e+03 9.807243e+03 1.470098e+04  
4.584824e-02 3.827293e+03 7.066925e+03 9.610847e+03 1.440622e+04  
4.648734e-02 3.751941e+03 6.928205e+03 9.422256e+03 1.412323e+04  
4.713535e-02 3.679774e+03 6.795345e+03 9.241640e+03 1.385225e+04  
4.779239e-02 3.610778e+03 6.668319e+03 9.068959e+03 1.359322e+04  
4.845859e-02 3.544930e+03 6.547079e+03 8.904145e+03 1.334603e+04  
4.913407e-02 3.482195e+03 6.431557e+03 8.747105e+03 1.311055e+04  
4.981898e-02 3.422528e+03 6.321666e+03 8.597718e+03 1.288658e+04  
5.051342e-02 3.365872e+03 6.217300e+03 8.455837e+03 1.267391e+04  
5.121755e-02 3.312181e+03 6.118369e+03 8.321337e+03 1.247235e+04  
5.193150e-02 3.261436e+03 6.024834e+03 8.194164e+03 1.228180e+04  
5.265540e-02 3.213614e+03 5.936649e+03 8.074251e+03 1.210218e+04  
5.338938e-02 3.168683e+03 5.853751e+03 7.961509e+03 1.193334e+04  
5.413360e-02 3.126602e+03 5.776057e+03 7.855826e+03 1.177511e+04  
5.488820e-02 3.087317e+03 5.703468e+03 7.757061e+03 1.162729e+04  
5.565331e-02 3.050742e+03 5.635817e+03 7.664988e+03 1.148952e+04  
5.642908e-02 3.016752e+03 5.572875e+03 7.579293e+03 1.136135e+04  
5.721568e-02 2.985205e+03 5.514377e+03 7.499615e+03 1.124223e+04  
5.801323e-02 2.955942e+03 5.460029e+03 7.425554e+03 1.113156e+04  
5.882190e-02 2.928783e+03 5.409500e+03 7.356660e+03 1.102866e+04  
5.964185e-02 2.903544e+03 5.362448e+03 7.292469e+03 1.093286e+04  
6.047322e-02 2.880055e+03 5.318561e+03 7.232558e+03 1.084351e+04  
6.131619e-02 2.858133e+03 5.277504e+03 7.176471e+03 1.075993e+04  
6.217090e-02 2.837577e+03 5.238907e+03 7.123709e+03 1.068138e+04  
6.303753e-02 2.818166e+03 5.202366e+03 7.073723e+03 1.060705e+04  
6.391624e-02 2.799667e+03 5.167457e+03 7.025942e+03 1.053607e+04  
6.480720e-02 2.781861e+03 5.133779e+03 6.979824e+03 1.046765e+04  
6.571058e-02 2.764510e+03 5.100902e+03 6.934788e+03 1.040091e+04  
6.662655e-02 2.747356e+03 5.068358e+03 6.890204e+03 1.033492e+04  
6.755528e-02 2.730121e+03 5.035643e+03 6.845392e+03 1.026867e+04  
6.849697e-02 2.712533e+03 5.002268e+03 6.799695e+03 1.020116e+04  
6.945178e-02 2.694331e+03 4.967765e+03 6.752483e+03 1.013147e+04  
7.041990e-02 2.675236e+03 4.931631e+03 6.703081e+03 1.005858e+04  
7.140151e-02 2.654945e+03 4.893326e+03 6.650764e+03 9.981413e+03  
7.239681e-02 2.633160e+03 4.852318e+03 6.594818e+03 9.898890e+03  
7.340598e-02 2.609639e+03 4.808176e+03 6.534666e+03 9.810150e+03  
7.442922e-02 2.584135e+03 4.760467e+03 6.469728e+03 9.714319e+03  
7.546673e-02 2.556386e+03 4.708725e+03 6.399381e+03 9.610462e+03  
7.651869e-02 2.526142e+03 4.652511e+03 6.323038e+03 9.497693e+03  
7.758532e-02 2.493266e+03 4.591590e+03 6.240386e+03 9.375537e+03  
7.866682e-02 2.457648e+03 4.525776e+03 6.151179e+03 9.243616e+03  
7.976339e-02 2.419177e+03 4.454877e+03 6.055163e+03 9.101542e+03  
8.087525e-02 2.377770e+03 4.378760e+03 5.952164e+03 8.949044e+03  
8.200261e-02 2.333467e+03 4.297504e+03 5.842290e+03 8.786279e+03  
8.314568e-02 2.286338e+03 4.211245e+03 5.725729e+03 8.613518e+03  
8.430468e-02 2.236465e+03 4.120139e+03 5.602694e+03 8.431075e+03  
8.547985e-02 2.183995e+03 4.024460e+03 5.473554e+03 8.239497e+03  
8.667139e-02 2.129167e+03 3.924641e+03 5.338898e+03 8.039663e+03  
8.787954e-02 2.072250e+03 3.821171e+03 5.199381e+03 7.832553e+03  
8.910453e-02 2.013542e+03 3.714586e+03 5.055728e+03 7.619252e+03  
9.034660e-02 1.953388e+03 3.605506e+03 4.908772e+03 7.401011e+03  
9.160598e-02 1.892171e+03 3.494618e+03 4.759437e+03 7.179215e+03  
9.288292e-02 1.830307e+03 3.382665e+03 4.608723e+03 6.955368e+03  
9.417766e-02 1.768245e+03 3.270449e+03 4.457705e+03 6.731081e+03  
9.549045e-02 1.706415e+03 3.158736e+03 4.307412e+03 6.507902e+03  
9.682153e-02 1.645253e+03 3.048298e+03 4.158879e+03 6.287383e+03  
9.817117e-02 1.585224e+03 2.939965e+03 4.013218e+03 6.071189e+03  
9.953962e-02 1.526819e+03 2.834604e+03 3.871590e+03 5.861062e+03  
1.009272e-01 1.470432e+03 2.732914e+03 3.734929e+03 5.658396e+03  
1.023340e-01 1.416418e+03 2.635520e+03 3.604070e+03 5.464440e+03  
1.037605e-01 1.365154e+03 2.543090e+03 3.479905e+03 5.280519e+03  
1.052069e-01 1.317000e+03 2.456257e+03 3.363277e+03 5.107890e+03  
1.066734e-01 1.272171e+03 2.375394e+03 3.254681e+03 4.947286e+03  
1.081604e-01 1.230848e+03 2.300820e+03 3.154538e+03 4.799325e+03  
1.096681e-01 1.193219e+03 2.232856e+03 3.063275e+03 4.664639e+03  
1.111968e-01 1.159380e+03 2.171665e+03 2.981103e+03 4.543534e+03  
1.127468e-01 1.129316e+03 2.117214e+03 2.907969e+03 4.435926e+03  
1.143184e-01 1.102999e+03 2.069439e+03 2.843786e+03 4.341679e+03  
1.159120e-01 1.080362e+03 2.028210e+03 2.788373e+03 4.260524e+03  
1.175277e-01 1.061239e+03 1.993224e+03 2.741316e+03 4.191845e+03  
1.191660e-01 1.045425e+03 1.964104e+03 2.702111e+03 4.134889e+03  
1.208271e-01 1.032681e+03 1.940416e+03 2.670172e+03 4.088792e+03  
1.225114e-01 1.022683e+03 1.921574e+03 2.644711e+03 4.052388e+03  
1.242191e-01 1.015048e+03 1.906892e+03 2.624810e+03 4.024315e+03  
1.259506e-01 1.009354e+03 1.895617e+03 2.609462e+03 4.003082e+03  
1.277063e-01 1.005132e+03 1.886912e+03 2.597547e+03 3.987025e+03  
1.294865e-01 1.001861e+03 1.879856e+03 2.587835e+03 3.974314e+03  
1.312915e-01 9.989836e+02 1.873467e+03 2.579017e+03 3.962994e+03  
1.331216e-01 9.959662e+02 1.866807e+03 2.569839e+03 3.951188e+03  
1.349772e-01 9.922619e+02 1.858921e+03 2.559027e+03 3.936979e+03  
1.368587e-01 9.873126e+02 1.848836e+03 2.545286e+03 3.918408e+03  
1.387665e-01 9.806762e+02 1.835789e+03 2.527596e+03 3.893927e+03  
1.407008e-01 9.719264e+02 1.819045e+03 2.504977e+03 3.862037e+03  
1.426621e-01 9.606881e+02 1.797962e+03 2.476572e+03 3.821425e+03  
1.446507e-01 9.467501e+02 1.772185e+03 2.441908e+03 3.771353e+03  
1.466671e-01 9.299233e+02 1.741398e+03 2.400566e+03 3.711164e+03  
1.487115e-01 9.101607e+02 1.705533e+03 2.352455e+03 3.640705e+03  
1.507845e-01 8.875518e+02 1.664758e+03 2.297801e+03 3.560308e+03  
1.528864e-01 8.622527e+02 1.619355e+03 2.236986e+03 3.470545e+03  
1.550175e-01 8.346362e+02 1.569981e+03 2.170889e+03 3.372752e+03  
1.571784e-01 8.051640e+02 1.517443e+03 2.100594e+03 3.268578e+03  
1.593694e-01 7.744101e+02 1.462743e+03 2.027439e+03 3.160062e+03  
1.615909e-01 7.430623e+02 1.407076e+03 1.953021e+03 3.049630e+03  
1.638434e-01 7.118315e+02 1.351673e+03 1.878986e+03 2.939777e+03  
1.661273e-01 6.813903e+02 1.297700e+03 1.806883e+03 2.832846e+03  
1.684430e-01 6.524145e+02 1.246324e+03 1.738267e+03 2.731176e+03  
1.707910e-01 6.254025e+02 1.198404e+03 1.674275e+03 2.636468e+03  
1.731717e-01 6.007882e+02 1.154686e+03 1.615894e+03 2.550191e+03  
1.755856e-01 5.788564e+02 1.115655e+03 1.563763e+03 2.473285e+03  
1.780332e-01 5.597751e+02 1.081594e+03 1.518251e+03 2.406287e+03  
1.805149e-01 5.436240e+02 1.052632e+03 1.479522e+03 2.349425e+03  
1.830312e-01 5.303775e+02 1.028714e+03 1.447496e+03 2.302572e+03  
1.855825e-01 5.199343e+02 1.009654e+03 1.421920e+03 2.265344e+03  
1.881694e-01 5.120871e+02 9.950817e+02 1.402301e+03 2.237007e+03  
1.907924e-01 5.065309e+02 9.844603e+02 1.387923e+03 2.216496e+03  
1.934520e-01 5.028175e+02 9.770070e+02 1.377746e+03 2.202269e+03  
1.961486e-01 5.004108e+02 9.717914e+02 1.370537e+03 2.192492e+03  
1.988828e-01 4.986709e+02 9.677093e+02 1.364831e+03 2.184977e+03  
2.016551e-01 4.969407e+02 9.636325e+02 1.359133e+03 2.177479e+03  
2.044661e-01 4.945724e+02 9.584540e+02 1.351975e+03 2.167786e+03  
2.073162e-01 4.910086e+02 9.512264e+02 1.342098e+03 2.153988e+03  
2.102061e-01 4.858016e+02 9.411939e+02 1.328499e+03 2.134554e+03  
2.131362e-01 4.786573e+02 9.278647e+02 1.310525e+03 2.108481e+03  
2.161073e-01 4.694103e+02 9.109684e+02 1.287818e+03 2.075215e+03  
2.191197e-01 4.580756e+02 8.905409e+02 1.260428e+03 2.034827e+03  
2.221741e-01 4.448060e+02 8.668521e+02 1.228717e+03 1.987870e+03  
2.252711e-01 4.299503e+02 8.405023e+02 1.193486e+03 1.935569e+03  
2.284112e-01 4.139878e+02 8.123117e+02 1.155828e+03 1.879592e+03  
2.315951e-01 3.975218e+02 7.833073e+02 1.117110e+03 1.822019e+03  
2.348235e-01 3.811899e+02 7.545714e+02 1.078766e+03 1.765021e+03  
2.380968e-01 3.656152e+02 7.271587e+02 1.042192e+03 1.710698e+03  
2.414157e-01 3.513083e+02 7.019305e+02 1.008522e+03 1.660745e+03  
2.447809e-01 3.386539e+02 6.795326e+02 9.786029e+02 1.616411e+03  
2.481930e-01 3.278986e+02 6.603755e+02 9.529704e+02 1.578478e+03  
2.516527e-01 3.191343e+02 6.446060e+02 9.318105e+02 1.547205e+03  
2.551606e-01 3.123138e+02 6.321350e+02 9.149996e+02 1.522395e+03  
2.587174e-01 3.072422e+02 6.226245e+02 9.020879e+02 1.503370e+03  
2.623238e-01 3.035728e+02 6.154811e+02 8.922915e+02 1.488963e+03  
2.659804e-01 3.008485e+02 6.099286e+02 8.845869e+02 1.477650e+03  
2.696881e-01 2.985379e+02 6.050701e+02 8.777929e+02 1.467673e+03  
2.734474e-01 2.961040e+02 6.000032e+02 8.707213e+02 1.457257e+03  
2.772591e-01 2.930742e+02 5.939385e+02 8.623326e+02 1.444846e+03  
2.811239e-01 2.890764e+02 5.862581e+02 8.518137e+02 1.429218e+03  
2.850426e-01 2.838702e+02 5.765673e+02 8.386459e+02 1.409595e+03  
2.890160e-01 2.773772e+02 5.647425e+02 8.226694e+02 1.385742e+03  
2.930447e-01 2.696942e+02 5.509525e+02 8.041105e+02 1.358006e+03  
2.971296e-01 2.610931e+02 5.356567e+02 7.835783e+02 1.327313e+03  
3.012714e-01 2.519931e+02 5.195569e+02 7.619999e+02 1.295062e+03  
3.054710e-01 2.428864e+02 5.034731e+02 7.404546e+02 1.262870e+03  
3.097291e-01 2.342356e+02 4.881729e+02 7.199488e+02 1.232232e+03  
3.140465e-01 2.264103e+02 4.742667e+02 7.012794e+02 1.204323e+03  
3.184242e-01 2.196525e+02 4.621506e+02 6.849598e+02 1.179888e+03  
3.228628e-01 2.140643e+02 4.519877e+02 6.711978e+02 1.159217e+03  
3.273634e-01 2.096136e+02 4.437180e+02 6.599099e+02 1.142174e+03  
3.319266e-01 2.061285e+02 4.370512e+02 6.507133e+02 1.128186e+03  
3.365535e-01 2.033120e+02 4.314921e+02 6.429591e+02 1.116295e+03  
3.412449e-01 2.007841e+02 4.264115e+02 6.358255e+02 1.105289e+03  
3.460016e-01 1.981595e+02 4.211753e+02 6.284856e+02 1.093955e+03  
3.508247e-01 1.951239e+02 4.152694e+02 6.202698e+02 1.081307e+03  
3.557150e-01 1.914765e+02 4.083685e+02 6.107562e+02 1.066731e+03  
3.606735e-01 1.871534e+02 4.003728e+02 5.998174e+02 1.050047e+03  
3.657011e-01 1.822286e+02 3.914076e+02 5.876205e+02 1.031509e+03  
3.707988e-01 1.768960e+02 3.817938e+02 5.745862e+02 1.011746e+03  
3.759675e-01 1.714534e+02 3.720191e+02 5.613505e+02 9.916944e+02  
3.812083e-01 1.662130e+02 3.625916e+02 5.485731e+02 9.723177e+02  
3.865221e-01 1.614330e+02 3.539294e+02 5.367938e+02 9.543949e+02  
3.919100e-01 1.572612e+02 3.462690e+02 5.263154e+02 9.383551e+02  
3.973730e-01 1.537417e+02 3.396776e+02 5.172209e+02 9.243069e+02  
4.029122e-01 1.507965e+02 3.340246e+02 5.093379e+02 9.119922e+02  
4.085286e-01 1.482496e+02 3.290217e+02 5.022923e+02 9.008660e+02  
4.142232e-01 1.458629e+02 3.242828e+02 4.955854e+02 8.902086e+02  
4.199973e-01 1.434041e+02 3.194335e+02 4.887350e+02 8.793285e+02  
4.258518e-01 1.407091e+02 3.142120e+02 4.814053e+02 8.677478e+02  
4.317880e-01 1.376960e+02 3.084890e+02 4.734324e+02 8.552385e+02  
4.378069e-01 1.343800e+02 3.022919e+02 4.648539e+02 8.418622e+02  
4.439097e-01 1.308852e+02 2.958216e+02 4.559302e+02 8.279969e+02  
4.500975e-01 1.273931e+02 2.893689e+02 4.470347e+02 8.141772e+02  
4.563716e-01 1.240757e+02 2.832075e+02 4.385173e+02 8.008977e+02  
4.627332e-01 1.210540e+02 2.775283e+02 4.306202e+02 7.884951e+02  
4.691835e-01 1.183787e+02 2.724091e+02 4.234398e+02 7.770980e+02  
4.757236e-01 1.160225e+02 2.678038e+02 4.169154e+02 7.666143e+02  
4.823549e-01 1.138706e+02 2.635288e+02 4.108116e+02 7.567103e+02  
4.890787e-01 1.117837e+02 2.593630e+02 4.048470e+02 7.469924e+02  
4.958962e-01 1.096472e+02 2.551264e+02 3.987939e+02 7.371451e+02  
5.028087e-01 1.073895e+02 2.507073e+02 3.925121e+02 7.269782e+02  
5.098176e-01 1.049974e+02 2.460867e+02 3.859790e+02 7.164655e+02  
5.169242e-01 1.025349e+02 2.413663e+02 3.793246e+02 7.057901e+02  
5.241298e-01 1.000989e+02 2.366978e+02 3.727407e+02 6.952172e+02  
5.314359e-01 9.777928e+01 2.322208e+02 3.664024e+02 6.849851e+02  
5.388438e-01 9.563283e+01 2.280224e+02 3.604177e+02 6.752375e+02  
5.463550e-01 9.366812e+01 2.241142e+02 3.547999e+02 6.659876e+02  
5.539709e-01 9.183565e+01 2.204183e+02 3.494499e+02 6.570988e+02  
5.616930e-01 9.006478e+01 2.168247e+02 3.442303e+02 6.483844e+02  
5.695227e-01 8.829395e+01 2.132386e+02 3.390229e+02 6.396874e+02  
5.774615e-01 8.648098e+01 2.095959e+02 3.337487e+02 6.309045e+02  
5.855110e-01 8.463051e+01 2.059044e+02 3.284185e+02 6.220526e+02  
5.936727e-01 8.278280e+01 2.022263e+02 3.231096e+02 6.132358e+02  
6.019482e-01 8.098512e+01 1.986333e+02 3.179109e+02 6.045712e+02  
6.103390e-01 7.927570e+01 1.951831e+02 3.128928e+02 5.961492e+02  
6.188468e-01 7.766726e+01 1.918941e+02 3.080769e+02 5.879956e+02  
6.274732e-01 7.613560e+01 1.887287e+02 3.034166e+02 5.800482e+02  
6.362198e-01 7.464384e+01 1.856310e+02 2.988431e+02 5.722177e+02  
6.450884e-01 7.316995e+01 1.825678e+02 2.943159e+02 5.644525e+02  
6.540806e-01 7.169476e+01 1.795106e+02 2.898008e+02 5.567100e+02  
6.631981e-01 7.022446e+01 1.764691e+02 2.853096e+02 5.490065e+02  
6.724427e-01 6.878745e+01 1.734853e+02 2.808936e+02 5.414065e+02  
6.818162e-01 6.739020e+01 1.705686e+02 2.765639e+02 5.339237e+02  
6.913204e-01 6.603906e+01 1.677282e+02 2.723311e+02 5.265705e+02  
7.009570e-01 6.473734e+01 1.649684e+02 2.682001e+02 5.193521e+02  
7.107280e-01 6.347679e+01 1.622768e+02 2.641557e+02 5.122490e+02  
7.206351e-01 6.224595e+01 1.596363e+02 2.601774e+02 5.052360e+02  
7.306804e-01 6.103268e+01 1.570292e+02 2.562441e+02 4.982878e+02  
7.408657e-01 5.983313e+01 1.544499e+02 2.523495e+02 4.913970e+02  
7.511929e-01 5.865397e+01 1.519082e+02 2.485049e+02 4.845776e+02  
7.616642e-01 5.750294e+01 1.494149e+02 2.447234e+02 4.778448e+02  
7.722814e-01 5.638697e+01 1.469798e+02 2.410159e+02 4.712111e+02  
7.830465e-01 5.530433e+01 1.446002e+02 2.373791e+02 4.646718e+02  
7.939618e-01 5.424930e+01 1.422675e+02 2.338029e+02 4.582151e+02  
8.050292e-01 5.321566e+01 1.399730e+02 2.302769e+02 4.518289e+02  
8.162509e-01 5.219944e+01 1.377108e+02 2.267946e+02 4.455059e+02  
8.276289e-01 5.120218e+01 1.354831e+02 2.233584e+02 4.392488e+02  
8.391656e-01 5.022627e+01 1.332932e+02 2.199719e+02 4.330616e+02  
8.508632e-01 4.927405e+01 1.311441e+02 2.166385e+02 4.269479e+02  
8.627237e-01 4.834560e+01 1.290358e+02 2.133581e+02 4.209072e+02  
8.747496e-01 4.743910e+01 1.269655e+02 2.101275e+02 4.149358e+02  
8.869432e-01 4.655253e+01 1.249303e+02 2.069432e+02 4.090299e+02  
8.993067e-01 4.568406e+01 1.229277e+02 2.038023e+02 4.031863e+02  
9.118425e-01 4.483338e+01 1.209571e+02 2.007041e+02 3.974041e+02  
9.245531e-01 4.400055e+01 1.190184e+02 1.976486e+02 3.916833e+02  
9.374409e-01 4.318558e+01 1.171116e+02 1.946355e+02 3.860235e+02  
9.505083e-01 4.238829e+01 1.152363e+02 1.916644e+02 3.804241e+02  
9.637579e-01 4.160824e+01 1.133917e+02 1.887343e+02 3.748841e+02  
9.771921e-01 4.084489e+01 1.115771e+02 1.858444e+02 3.694024e+02  
9.908137e-01 4.009767e+01 1.097915e+02 1.829936e+02 3.639779e+02  
1.004625e+00 3.936611e+01 1.080343e+02 1.801810e+02 3.586096e+02  
1.018629e+00 3.864977e+01 1.063047e+02 1.774058e+02 3.532968e+02  
1.032828e+00 3.794816e+01 1.046020e+02 1.746672e+02 3.480385e+02  
1.047225e+00 3.726080e+01 1.029254e+02 1.719643e+02 3.428339e+02  
1.061823e+00 3.658742e+01 1.012746e+02 1.692967e+02 3.376825e+02  
1.076624e+00 3.592774e+01 9.964908e+01 1.666638e+02 3.325836e+02  
1.091632e+00 3.528144e+01 9.804828e+01 1.640649e+02 3.275367e+02  
1.106848e+00 3.464819e+01 9.647174e+01 1.614995e+02 3.225411e+02  
1.122277e+00 3.402771e+01 9.491898e+01 1.589671e+02 3.175965e+02  
1.137921e+00 3.341963e+01 9.338946e+01 1.564670e+02 3.127021e+02  
1.153783e+00 3.282360e+01 9.188264e+01 1.539987e+02 3.078575e+02  
1.169866e+00 3.223932e+01 9.039807e+01 1.515617e+02 3.030620e+02  
1.186174e+00 3.166652e+01 8.893532e+01 1.491553e+02 2.983154e+02  
1.202708e+00 3.110485e+01 8.749391e+01 1.467792e+02 2.936173e+02  
1.219473e+00 3.055404e+01 8.607338e+01 1.444329e+02 2.889670e+02  
1.236472e+00 3.001384e+01 8.467339e+01 1.421158e+02 2.843645e+02  
1.253708e+00 2.948404e+01 8.329357e+01 1.398277e+02 2.798091e+02  
1.271184e+00 2.896435e+01 8.193353e+01 1.375681e+02 2.753007e+02  
1.288904e+00 2.845453e+01 8.059289e+01 1.353366e+02 2.708388e+02  
1.306870e+00 2.795434e+01 7.927129e+01 1.331328e+02 2.664233e+02  
1.325087e+00 2.746350e+01 7.796835e+01 1.309562e+02 2.620537e+02  
1.343558e+00 2.698173e+01 7.668367e+01 1.288065e+02 2.577297e+02  
1.362287e+00 2.650887e+01 7.541698e+01 1.266834e+02 2.534514e+02  
1.381276e+00 2.604472e+01 7.416800e+01 1.245866e+02 2.492183e+02  
1.400531e+00 2.558908e+01 7.293643e+01 1.225157e+02 2.450302e+02  
1.420053e+00 2.514175e+01 7.172197e+01 1.204704e+02 2.408871e+02  
1.439848e+00 2.470255e+01 7.052437e+01 1.184505e+02 2.367886e+02  
1.459919e+00 2.427129e+01 6.934333e+01 1.164556e+02 2.327346e+02  
1.480269e+00 2.384775e+01 6.817858e+01 1.144855e+02 2.287250e+02  
1.500903e+00 2.343176e+01 6.702985e+01 1.125398e+02 2.247596e+02  
1.521825e+00 2.302317e+01 6.589691e+01 1.106184e+02 2.208382e+02  
1.543038e+00 2.262178e+01 6.477951e+01 1.087210e+02 2.169607e+02  
1.564548e+00 2.222741e+01 6.367739e+01 1.068472e+02 2.131270e+02  
1.586357e+00 2.183992e+01 6.259033e+01 1.049970e+02 2.093370e+02  
1.608469e+00 2.145915e+01 6.151813e+01 1.031699e+02 2.055905e+02  
1.630891e+00 2.108493e+01 6.046055e+01 1.013659e+02 2.018875e+02  
1.653624e+00 2.071713e+01 5.941739e+01 9.958474e+01 1.982279e+02  
1.676675e+00 2.034048e+01 5.838848e+01 9.782615e+01 1.946115e+02  
1.700047e+00 2.000025e+01 5.737361e+01 9.608996e+01 1.910383e+02  
1.723745e+00 1.965092e+01 5.637261e+01 9.437598e+01 1.875082e+02  
1.747773e+00 1.930748e+01 5.538530e+01 9.268402e+01 1.840211e+02  
1.772136e+00 1.896981e+01 5.441149e+01 9.101389e+01 1.805770e+02  
1.796838e+00 1.863778e+01 5.345101e+01 8.936540e+01 1.771757e+02  
1.821885e+00 1.831125e+01 5.250367e+01 8.773838e+01 1.738172e+02  
1.847281e+00 1.799013e+01 5.156934e+01 8.613264e+01 1.705013e+02  
1.873032e+00 1.767430e+01 5.064786e+01 8.454803e+01 1.672282e+02  
1.899141e+00 1.736365e+01 4.973905e+01 8.298437e+01 1.639975e+02  
1.925614e+00 1.705807e+01 4.884278e+01 8.144150e+01 1.608093e+02  
1.952456e+00 1.675748e+01 4.795892e+01 7.991927e+01 1.576635e+02  
1.979672e+00 1.646175e+01 4.708730e+01 7.841752e+01 1.545600e+02  
2.007267e+00 1.617080e+01 4.622779e+01 7.693609e+01 1.514986e+02  
2.035248e+00 1.588454e+01 4.538027e+01 7.547484e+01 1.484794e+02  
2.063618e+00 1.560287e+01 4.454459e+01 7.403361e+01 1.455021e+02  
2.092383e+00 1.532571e+01 4.372064e+01 7.261227e+01 1.425668e+02  
2.121550e+00 1.505297e+01 4.290829e+01 7.121066e+01 1.396732e+02  
2.151123e+00 1.478457e+01 4.210741e+01 6.982865e+01 1.368213e+02  
2.181109e+00 1.452043e+01 4.131788e+01 6.846609e+01 1.340109e+02  
2.211512e+00 1.426047e+01 4.053959e+01 6.712285e+01 1.312419e+02  
2.242340e+00 1.400461e+01 3.977242e+01 6.579878e+01 1.285141e+02  
2.273597e+00 1.375278e+01 3.901626e+01 6.449376e+01 1.258276e+02  
2.305289e+00 1.350490e+01 3.827099e+01 6.320764e+01 1.231819e+02  
2.337424e+00 1.326092e+01 3.753652e+01 6.194029e+01 1.205768e+02  
2.370006e+00 1.302075e+01 3.681272e+01 6.069158e+01 1.180124e+02  
2.403043e+00 1.278433e+01 3.609950e+01 5.946137e+01 1.154885e+02  
2.436540e+00 1.255160e+01 3.539675e+01 5.824954e+01 1.130045e+02  
2.470504e+00 1.232250e+01 3.470437e+01 5.705594e+01 1.105608e+02  
2.504942e+00 1.209696e+01 3.402225e+01 5.588045e+01 1.081570e+02  
2.539859e+00 1.187493e+01 3.335031e+01 5.472293e+01 1.057926e+02  
2.575263e+00 1.165635e+01 3.268844e+01 5.358327e+01 1.034674e+02  
2.611161e+00 1.144116e+01 3.203654e+01 5.246131e+01 1.011814e+02  
2.647559e+00 1.122932e+01 3.139452e+01 5.135693e+01 9.893415e+01  
2.684465e+00 1.102077e+01 3.076229e+01 5.027000e+01 9.672543e+01  
2.721885e+00 1.081545e+01 3.013975e+01 4.920038e+01 9.455496e+01  
2.759826e+00 1.061331e+01 2.952681e+01 4.814795e+01 9.242246e+01  
2.798297e+00 1.041432e+01 2.892337e+01 4.711256e+01 9.032763e+01  
2.837304e+00 1.021842e+01 2.832935e+01 4.609407e+01 8.827015e+01  
2.876854e+00 1.002556e+01 2.774465e+01 4.509237e+01 8.624971e+01  
2.916956e+00 9.835701e+00 2.716919e+01 4.410727e+01 8.426598e+01  
2.957617e+00 9.648799e+00 2.660287e+01 4.313871e+01 8.231863e+01  
2.998844e+00 9.464809e+00 2.604562e+01 4.218655e+01 8.040732e+01  
3.040646e+00 9.283692e+00 2.549733e+01 4.125058e+01 7.853168e+01  
3.083031e+00 9.105408e+00 2.495792e+01 4.033070e+01 7.669138e+01  
3.126007e+00 8.929916e+00 2.442732e+01 3.942675e+01 7.488603e+01  
3.169582e+00 8.757175e+00 2.390544e+01 3.853861e+01 7.311526e+01  
3.213764e+00 8.587152e+00 2.339217e+01 3.766612e+01 7.137871e+01  
3.258562e+00 8.419802e+00 2.288744e+01 3.680914e+01 6.967597e+01  
3.303985e+00 8.255096e+00 2.239117e+01 3.596753e+01 6.800667e+01  
3.350041e+00 8.093001e+00 2.190327e+01 3.514112e+01 6.637040e+01  
3.396739e+00 7.933474e+00 2.142365e+01 3.432978e+01 6.476677e+01  
3.444087e+00 7.776485e+00 2.095224e+01 3.353335e+01 6.319571e+01  
3.492096e+00 7.622001e+00 2.048894e+01 3.275168e+01 6.165615e+01  
3.540774e+00 7.469988e+00 2.003368e+01 3.198462e+01 6.014764e+01  
3.590130e+00 7.320417e+00 1.962289e+01 3.123201e+01 5.867013e+01  
3.640175e+00 7.173252e+00 1.914692e+01 3.049368e+01 5.722389e+01  
3.690917e+00 7.028464e+00 1.871526e+01 2.976950e+01 5.580747e+01  
3.742366e+00 6.886025e+00 1.829130e+01 2.905928e+01 5.442078e+01  
3.794533e+00 6.745903e+00 1.787496e+01 2.836288e+01 5.306340e+01  
3.847427e+00 6.608069e+00 1.746615e+01 2.768013e+01 5.173492e+01  
3.901058e+00 6.472496e+00 1.706479e+01 2.701087e+01 5.043490e+01  
3.955436e+00 6.339154e+00 1.667081e+01 2.635497e+01 4.916292e+01  
4.010573e+00 6.208016e+00 1.628411e+01 2.571220e+01 4.791855e+01  
4.066478e+00 6.079053e+00 1.590461e+01 2.508233e+01 4.670136e+01  
4.123163e+00 5.952240e+00 1.553224e+01 2.446536e+01 4.551093e+01  
4.180637e+00 5.827550e+00 1.516690e+01 2.386109e+01 4.434684e+01  
4.238913e+00 5.704954e+00 1.480852e+01 2.326927e+01 4.320864e+01  
4.298001e+00 5.584430e+00 1.445702e+01 2.268976e+01 4.209593e+01  
4.357913e+00 5.465949e+00 1.411230e+01 2.212240e+01 4.100828e+01  
4.418660e+00 5.349488e+00 1.377429e+01 2.156701e+01 3.994527e+01  
4.480254e+00 5.235021e+00 1.344291e+01 2.102343e+01 3.890647e+01  
4.542706e+00 5.122524e+00 1.311805e+01 2.049148e+01 3.789147e+01  
4.606029e+00 5.011971e+00 1.279966e+01 1.997099e+01 3.689986e+01  
4.670234e+00 4.903340e+00 1.248765e+01 1.946179e+01 3.593121e+01  
4.735335e+00 4.796605e+00 1.218192e+01 1.896371e+01 3.498474e+01  
4.801343e+00 4.691743e+00 1.188241e+01 1.847657e+01 3.399284e+01  
4.868271e+00 4.588732e+00 1.158902e+01 1.800021e+01 3.315938e+01  
4.936132e+00 4.487546e+00 1.130167e+01 1.753444e+01 3.227815e+01  
5.004939e+00 4.388164e+00 1.102028e+01 1.707912e+01 3.141824e+01  
5.074705e+00 4.290563e+00 1.074476e+01 1.663404e+01 3.057887e+01  
5.145444e+00 4.194720e+00 1.047504e+01 1.619906e+01 2.975966e+01  
5.217169e+00 4.100613e+00 1.021103e+01 1.577399e+01 2.896022e+01  
5.289893e+00 4.008221e+00 9.952646e+00 1.535871e+01 2.818015e+01  
5.363631e+00 3.917518e+00 9.699804e+00 1.495295e+01 2.741908e+01  
5.438397e+00 3.828483e+00 9.452423e+00 1.455662e+01 2.667662e+01  
5.514206e+00 3.741097e+00 9.210420e+00 1.416957e+01 2.595242e+01  
5.591071e+00 3.655339e+00 8.973711e+00 1.379159e+01 2.524609e+01  
5.669007e+00 3.571185e+00 8.742213e+00 1.342253e+01 2.455727e+01  
5.748030e+00 3.488615e+00 8.515845e+00 1.306222e+01 2.388560e+01  
5.828155e+00 3.407607e+00 8.294522e+00 1.271050e+01 2.323072e+01  
5.909396e+00 3.328141e+00 8.078165e+00 1.236722e+01 2.259229e+01  
5.991770e+00 3.250196e+00 7.866690e+00 1.203221e+01 2.197045e+01  
6.075292e+00 3.173751e+00 7.660017e+00 1.170532e+01 2.136336e+01  
6.159978e+00 3.098786e+00 7.458065e+00 1.138638e+01 2.077163e+01  
6.245845e+00 3.025281e+00 7.260755e+00 1.107525e+01 2.019606e+01  
6.332908e+00 2.953215e+00 7.068008e+00 1.077176e+01 1.963471e+01  
6.421186e+00 2.882569e+00 6.879746e+00 1.047577e+01 1.908779e+01  
6.510694e+00 2.813322e+00 6.695885e+00 1.018712e+01 1.855497e+01  
6.601449e+00 2.745455e+00 6.516343e+00 9.905673e+00 1.803595e+01  
6.693470e+00 2.678948e+00 6.341058e+00 9.631348e+00 1.753040e+01  
6.786773e+00 2.613781e+00 6.169938e+00 9.363768e+00 1.703804e+01  
6.881377e+00 2.549936e+00 6.002908e+00 9.102960e+00 1.655854e+01  
6.977300e+00 2.487393e+00 5.839892e+00 8.848904e+00 1.609164e+01  
7.074559e+00 2.426134e+00 5.680813e+00 8.601257e+00 1.563704e+01  
7.173175e+00 2.366138e+00 5.525595e+00 8.359948e+00 1.519446e+01  
7.273165e+00 2.307388e+00 5.374164e+00 8.124843e+00 1.476357e+01  
7.374549e+00 2.249864e+00 5.226444e+00 7.895803e+00 1.434413e+01  
7.477346e+00 2.193549e+00 5.082369e+00 7.672695e+00 1.393592e+01  
7.581576e+00 2.138423e+00 4.941862e+00 7.455388e+00 1.353861e+01  
7.687260e+00 2.084470e+00 4.804851e+00 7.243753e+00 1.315195e+01  
7.794416e+00 2.031666e+00 4.671270e+00 7.037674e+00 1.277570e+01  
7.903066e+00 1.980002e+00 4.541046e+00 6.837011e+00 1.240960e+01  
8.013230e+00 1.929453e+00 4.414111e+00 6.641647e+00 1.205340e+01  
8.124930e+00 1.880005e+00 4.290394e+00 6.451459e+00 1.170687e+01  
8.238187e+00 1.831638e+00 4.169827e+00 6.266475e+00 1.136976e+01  
8.353023e+00 1.784336e+00 4.052342e+00 6.086141e+00 1.104185e+01  
8.469460e+00 1.738081e+00 3.937873e+00 5.910777e+00 1.072291e+01  
8.587519e+00 1.692856e+00 3.826355e+00 5.740125e+00 1.041271e+01  
8.707225e+00 1.648643e+00 3.717724e+00 5.574080e+00 1.011103e+01  
8.828599e+00 1.605427e+00 3.611918e+00 5.412508e+00 9.815861e+00  
8.951665e+00 1.563190e+00 3.508876e+00 5.255334e+00 9.532419e+00  
9.076446e+00 1.521914e+00 3.408539e+00 5.102442e+00 9.256874e+00  
9.202967e+00 1.481585e+00 3.310846e+00 4.953717e+00 8.985398e+00  
9.331251e+00 1.442183e+00 3.215739e+00 4.809068e+00 8.723237e+00  
9.461324e+00 1.403700e+00 3.123157e+00 4.668393e+00 8.468386e+00  
9.593209e+00 1.366107e+00 3.033041e+00 4.531591e+00 8.220654e+00  
9.726934e+00 1.329397e+00 2.945334e+00 4.398571e+00 7.979841e+00  
9.862522e+00 1.293552e+00 2.859977e+00 4.269068e+00 7.745823e+00  
1.000000e+01 1.258556e+00 2.776915e+00 4.143290e+00 7.518386e+00  
