1.000000e-02 4.317693e+03 8.109578e+03 1.118105e+04 1.718472e+04  
1.013939e-02 4.344391e+03 8.159535e+03 1.124974e+04 1.728982e+04  
1.028073e-02 4.370790e+03 8.208924e+03 1.131764e+04 1.739370e+04  
1.042404e-02 4.396874e+03 8.257716e+03 1.138472e+04 1.749630e+04  
1.056935e-02 4.422628e+03 8.305882e+03 1.145092e+04 1.759755e+04  
1.071668e-02 4.448037e+03 8.353395e+03 1.151622e+04 1.769740e+04  
1.086606e-02 4.473084e+03 8.400223e+03 1.158057e+04 1.779578e+04  
1.101753e-02 4.497754e+03 8.446337e+03 1.164394e+04 1.789263e+04  
1.117111e-02 4.522031e+03 8.491708e+03 1.170627e+04 1.798788e+04  
1.132683e-02 4.545900e+03 8.536307e+03 1.176753e+04 1.808148e+04  
1.148472e-02 4.569345e+03 8.580103e+03 1.182768e+04 1.817335e+04  
1.164481e-02 4.592350e+03 8.623068e+03 1.188668e+04 1.826345e+04  
1.180713e-02 4.614900e+03 8.665172e+03 1.194448e+04 1.835171e+04  
1.197171e-02 4.636979e+03 8.706386e+03 1.200106e+04 1.843806e+04  
1.213859e-02 4.658571e+03 8.746681e+03 1.205636e+04 1.852245e+04  
1.230780e-02 4.679661e+03 8.786026e+03 1.211035e+04 1.860480e+04  
1.247936e-02 4.700231e+03 8.824390e+03 1.216298e+04 1.868506e+04  
1.265332e-02 4.720264e+03 8.861738e+03 1.221420e+04 1.876315e+04  
1.282970e-02 4.739742e+03 8.898038e+03 1.226397e+04 1.883900e+04  
1.300854e-02 4.758646e+03 8.933255e+03 1.231225e+04 1.891254e+04  
1.318987e-02 4.776960e+03 8.967357e+03 1.235898e+04 1.898371e+04  
1.337373e-02 4.794665e+03 9.000311e+03 1.240413e+04 1.905242e+04  
1.356015e-02 4.811744e+03 9.032083e+03 1.244764e+04 1.911861e+04  
1.374917e-02 4.828178e+03 9.062639e+03 1.248947e+04 1.918221e+04  
1.394083e-02 4.843949e+03 9.091943e+03 1.252957e+04 1.924314e+04  
1.413516e-02 4.859038e+03 9.119960e+03 1.256789e+04 1.930134e+04  
1.433219e-02 4.873426e+03 9.146657e+03 1.260439e+04 1.935672e+04  
1.453198e-02 4.887096e+03 9.171998e+03 1.263901e+04 1.940921e+04  
1.473454e-02 4.900028e+03 9.195951e+03 1.267171e+04 1.945875e+04  
1.493993e-02 4.912207e+03 9.218480e+03 1.270245e+04 1.950527e+04  
1.514819e-02 4.923612e+03 9.239553e+03 1.273118e+04 1.954869e+04  
1.535935e-02 4.934226e+03 9.259136e+03 1.275784e+04 1.958894e+04  
1.557345e-02 4.944031e+03 9.277194e+03 1.278240e+04 1.962594e+04  
1.579053e-02 4.953010e+03 9.293695e+03 1.280482e+04 1.965965e+04  
1.601064e-02 4.961146e+03 9.308608e+03 1.282503e+04 1.968997e+04  
1.623382e-02 4.968421e+03 9.321901e+03 1.284301e+04 1.971686e+04  
1.646012e-02 4.974821e+03 9.333544e+03 1.285872e+04 1.974025e+04  
1.668956e-02 4.980327e+03 9.343507e+03 1.287210e+04 1.976007e+04  
1.692220e-02 4.984925e+03 9.351757e+03 1.288312e+04 1.977625e+04  
1.715809e-02 4.988596e+03 9.358265e+03 1.289174e+04 1.978874e+04  
1.739726e-02 4.991326e+03 9.363000e+03 1.289790e+04 1.979748e+04  
1.763977e-02 4.993099e+03 9.365936e+03 1.290159e+04 1.980240e+04  
1.788566e-02 4.993901e+03 9.367045e+03 1.290276e+04 1.980344e+04  
1.813498e-02 4.993720e+03 9.366303e+03 1.290137e+04 1.980057e+04  
1.838777e-02 4.992541e+03 9.363685e+03 1.289739e+04 1.979372e+04  
1.864409e-02 4.990351e+03 9.359165e+03 1.289079e+04 1.978285e+04  
1.890397e-02 4.987135e+03 9.352718e+03 1.288153e+04 1.976789e+04  
1.916748e-02 4.982883e+03 9.344321e+03 1.286959e+04 1.974881e+04  
1.943467e-02 4.977583e+03 9.333954e+03 1.285493e+04 1.972556e+04  
1.970558e-02 4.971225e+03 9.321600e+03 1.283752e+04 1.969811e+04  
1.998026e-02 4.963800e+03 9.307242e+03 1.281736e+04 1.966642e+04  
2.025878e-02 4.955302e+03 9.290865e+03 1.279441e+04 1.963046e+04  
2.054117e-02 4.945720e+03 9.272455e+03 1.276866e+04 1.959020e+04  
2.082751e-02 4.935048e+03 9.251997e+03 1.274009e+04 1.954562e+04  
2.111783e-02 4.923280e+03 9.229480e+03 1.270868e+04 1.949669e+04  
2.141220e-02 4.910412e+03 9.204898e+03 1.267443e+04 1.944339e+04  
2.171068e-02 4.896442e+03 9.178246e+03 1.263732e+04 1.938573e+04  
2.201331e-02 4.881368e+03 9.149525e+03 1.259736e+04 1.932370e+04  
2.232016e-02 4.865193e+03 9.118736e+03 1.255456e+04 1.925730e+04  
2.263130e-02 4.847916e+03 9.085880e+03 1.250891e+04 1.918654e+04  
2.294676e-02 4.829538e+03 9.050961e+03 1.246041e+04 1.911143e+04  
2.326663e-02 4.810065e+03 9.013986e+03 1.240909e+04 1.903199e+04  
2.359095e-02 4.789501e+03 8.974967e+03 1.235495e+04 1.894824e+04  
2.391980e-02 4.767856e+03 8.933921e+03 1.229802e+04 1.886021e+04  
2.425323e-02 4.745142e+03 8.890872e+03 1.223834e+04 1.876797e+04  
2.459130e-02 4.721372e+03 8.845844e+03 1.217593e+04 1.867156e+04  
2.493409e-02 4.696555e+03 8.798857e+03 1.211083e+04 1.857102e+04  
2.528166e-02 4.670704e+03 8.749932e+03 1.204306e+04 1.846640e+04  
2.563407e-02 4.643832e+03 8.699096e+03 1.197266e+04 1.835776e+04  
2.599140e-02 4.615956e+03 8.646380e+03 1.189967e+04 1.824517e+04  
2.635371e-02 4.587096e+03 8.591824e+03 1.182416e+04 1.812871e+04  
2.672106e-02 4.557275e+03 8.535471e+03 1.174617e+04 1.800847e+04  
2.709354e-02 4.526520e+03 8.477371e+03 1.166579e+04 1.788456e+04  
2.747121e-02 4.494854e+03 8.417569e+03 1.158306e+04 1.775707e+04  
2.785414e-02 4.462302e+03 8.356111e+03 1.149806e+04 1.762611e+04  
2.824241e-02 4.428891e+03 8.293049e+03 1.141085e+04 1.749178e+04  
2.863610e-02 4.394652e+03 8.228443e+03 1.132153e+04 1.735421e+04  
2.903527e-02 4.359622e+03 8.162358e+03 1.123017e+04 1.721355e+04  
2.944000e-02 4.323838e+03 8.094870e+03 1.113689e+04 1.706994e+04  
2.985038e-02 4.287346e+03 8.026060e+03 1.104179e+04 1.692357e+04  
3.026648e-02 4.250181e+03 7.956000e+03 1.094498e+04 1.677458e+04  
3.068838e-02 4.212381e+03 7.884756e+03 1.084654e+04 1.662312e+04  
3.111616e-02 4.173984e+03 7.812402e+03 1.074659e+04 1.646934e+04  
3.154990e-02 4.135033e+03 7.739019e+03 1.064522e+04 1.631342e+04  
3.198969e-02 4.095575e+03 7.664696e+03 1.054257e+04 1.615554e+04  
3.243561e-02 4.055663e+03 7.589531e+03 1.043877e+04 1.599592e+04  
3.288774e-02 4.015352e+03 7.513630e+03 1.033396e+04 1.583477e+04  
3.334618e-02 3.974694e+03 7.437087e+03 1.022827e+04 1.567229e+04  
3.381101e-02 3.933730e+03 7.359982e+03 1.012182e+04 1.550866e+04  
3.428231e-02 3.892507e+03 7.282403e+03 1.001473e+04 1.534407e+04  
3.476019e-02 3.851076e+03 7.204443e+03 9.907123e+03 1.517870e+04  
3.524473e-02 3.809490e+03 7.126205e+03 9.799141e+03 1.501278e+04  
3.573602e-02 3.767808e+03 7.047799e+03 9.690936e+03 1.484654e+04  
3.623416e-02 3.726094e+03 6.969342e+03 9.582670e+03 1.468023e+04  
3.673925e-02 3.684405e+03 6.890943e+03 9.474495e+03 1.451408e+04  
3.725137e-02 3.642790e+03 6.812695e+03 9.366537e+03 1.434829e+04  
3.777064e-02 3.601300e+03 6.734692e+03 9.258926e+03 1.418305e+04  
3.829714e-02 3.559990e+03 6.657036e+03 9.151804e+03 1.401859e+04  
3.883098e-02 3.518918e+03 6.579837e+03 9.045320e+03 1.385514e+04  
3.937226e-02 3.478145e+03 6.503209e+03 8.939633e+03 1.369293e+04  
3.992109e-02 3.437738e+03 6.427275e+03 8.834912e+03 1.353224e+04  
4.047757e-02 3.397751e+03 6.352139e+03 8.731300e+03 1.337327e+04  
4.104181e-02 3.358212e+03 6.277851e+03 8.628866e+03 1.321615e+04  
4.161391e-02 3.319144e+03 6.204454e+03 8.527669e+03 1.306095e+04  
4.219398e-02 3.280570e+03 6.131992e+03 8.427770e+03 1.290778e+04  
4.278214e-02 3.242513e+03 6.060508e+03 8.329228e+03 1.275673e+04  
4.337850e-02 3.204998e+03 5.990046e+03 8.232106e+03 1.260788e+04  
4.398317e-02 3.168048e+03 5.920653e+03 8.136465e+03 1.246135e+04  
4.459628e-02 3.131693e+03 5.852381e+03 8.042379e+03 1.231725e+04  
4.521792e-02 3.095978e+03 5.785315e+03 7.949966e+03 1.217575e+04  
4.584824e-02 3.060955e+03 5.719552e+03 7.859357e+03 1.203706e+04  
4.648734e-02 3.026677e+03 5.655190e+03 7.770690e+03 1.190140e+04  
4.713535e-02 2.993200e+03 5.592333e+03 7.684106e+03 1.176898e+04  
4.779239e-02 2.960583e+03 5.531090e+03 7.599757e+03 1.164005e+04  
4.845859e-02 2.928886e+03 5.471574e+03 7.517797e+03 1.151484e+04  
4.913407e-02 2.898145e+03 5.413849e+03 7.438315e+03 1.139349e+04  
4.981898e-02 2.868321e+03 5.357844e+03 7.361214e+03 1.127585e+04  
5.051342e-02 2.839360e+03 5.303457e+03 7.286354e+03 1.116172e+04  
5.121755e-02 2.811201e+03 5.250574e+03 7.213579e+03 1.105085e+04  
5.193150e-02 2.783775e+03 5.199066e+03 7.142710e+03 1.094298e+04  
5.265540e-02 2.757006e+03 5.148790e+03 7.073552e+03 1.083780e+04  
5.338938e-02 2.730813e+03 5.099598e+03 7.005902e+03 1.073500e+04  
5.413360e-02 2.705147e+03 5.051397e+03 6.939632e+03 1.063439e+04  
5.488820e-02 2.679966e+03 5.004106e+03 6.874631e+03 1.053580e+04  
5.565331e-02 2.655220e+03 4.957637e+03 6.810778e+03 1.043904e+04  
5.642908e-02 2.630856e+03 4.911888e+03 6.747935e+03 1.034390e+04  
5.721568e-02 2.606816e+03 4.866751e+03 6.685951e+03 1.025016e+04  
5.801323e-02 2.583042e+03 4.822118e+03 6.624680e+03 1.015758e+04  
5.882190e-02 2.559493e+03 4.777916e+03 6.564020e+03 1.006601e+04  
5.964185e-02 2.536132e+03 4.734071e+03 6.503873e+03 9.975307e+03  
6.047322e-02 2.512914e+03 4.690504e+03 6.444127e+03 9.885289e+03  
6.131619e-02 2.489791e+03 4.647125e+03 6.384660e+03 9.795774e+03  
6.217090e-02 2.466709e+03 4.603832e+03 6.325333e+03 9.706542e+03  
6.303753e-02 2.443581e+03 4.560467e+03 6.265926e+03 9.617256e+03  
6.391624e-02 2.420302e+03 4.516831e+03 6.206167e+03 9.527490e+03  
6.480720e-02 2.396754e+03 4.472710e+03 6.145761e+03 9.436783e+03  
6.571058e-02 2.372811e+03 4.427871e+03 6.084388e+03 9.344635e+03  
6.662655e-02 2.348345e+03 4.382074e+03 6.021716e+03 9.250525e+03  
6.755528e-02 2.323264e+03 4.335152e+03 5.957515e+03 9.154087e+03  
6.849697e-02 2.297496e+03 4.286970e+03 5.891599e+03 9.055029e+03  
6.945178e-02 2.270962e+03 4.237387e+03 5.823772e+03 8.953035e+03  
7.041990e-02 2.243581e+03 4.186251e+03 5.753825e+03 8.847769e+03  
7.140151e-02 2.215279e+03 4.133427e+03 5.681569e+03 8.738930e+03  
7.239681e-02 2.186023e+03 4.078855e+03 5.606922e+03 8.626375e+03  
7.340598e-02 2.155786e+03 4.022487e+03 5.529816e+03 8.509991e+03  
7.442922e-02 2.124541e+03 3.964275e+03 5.450184e+03 8.389660e+03  
7.546673e-02 2.092267e+03 3.904181e+03 5.367971e+03 8.265282e+03  
7.651869e-02 2.058993e+03 3.842261e+03 5.283253e+03 8.136968e+03  
7.758532e-02 2.024784e+03 3.778634e+03 5.196195e+03 8.004962e+03  
7.866682e-02 1.989711e+03 3.713434e+03 5.106977e+03 7.869538e+03  
7.976339e-02 1.953852e+03 3.646809e+03 5.015802e+03 7.731004e+03  
8.087525e-02 1.917308e+03 3.578945e+03 4.922927e+03 7.589755e+03  
8.200261e-02 1.880202e+03 3.510068e+03 4.828663e+03 7.446271e+03  
8.314568e-02 1.842665e+03 3.440425e+03 4.733347e+03 7.301075e+03  
8.430468e-02 1.804841e+03 3.370278e+03 4.637342e+03 7.154734e+03  
8.547985e-02 1.766866e+03 3.299883e+03 4.541000e+03 7.007796e+03  
8.667139e-02 1.728881e+03 3.229497e+03 4.444675e+03 6.860817e+03  
8.787954e-02 1.691035e+03 3.159397e+03 4.348748e+03 6.714395e+03  
8.910453e-02 1.653482e+03 3.089867e+03 4.253611e+03 6.569146e+03  
9.034660e-02 1.616354e+03 3.021150e+03 4.159599e+03 6.425600e+03  
9.160598e-02 1.579783e+03 2.953490e+03 4.067048e+03 6.284288e+03  
9.288292e-02 1.543911e+03 2.887145e+03 3.976315e+03 6.145777e+03  
9.417766e-02 1.508868e+03 2.822357e+03 3.887734e+03 6.010594e+03  
9.549045e-02 1.474772e+03 2.759341e+03 3.801600e+03 5.879213e+03  
9.682153e-02 1.441746e+03 2.698323e+03 3.718227e+03 5.752134e+03  
9.817117e-02 1.409921e+03 2.639542e+03 3.637945e+03 5.629884e+03  
9.953962e-02 1.379412e+03 2.583209e+03 3.561047e+03 5.512933e+03  
1.009272e-01 1.350302e+03 2.529473e+03 3.487737e+03 5.401615e+03  
1.023340e-01 1.322672e+03 2.478482e+03 3.418220e+03 5.296262e+03  
1.037605e-01 1.296604e+03 2.430387e+03 3.352707e+03 5.197218e+03  
1.052069e-01 1.272142e+03 2.385265e+03 3.291303e+03 5.104665e+03  
1.066734e-01 1.249265e+03 2.343074e+03 3.233954e+03 5.018524e+03  
1.081604e-01 1.227940e+03 2.303752e+03 3.180576e+03 4.938677e+03  
1.096681e-01 1.208124e+03 2.267221e+03 3.131060e+03 4.864965e+03  
1.111968e-01 1.189714e+03 2.233284e+03 3.085139e+03 4.796974e+03  
1.127468e-01 1.172553e+03 2.201654e+03 3.042414e+03 4.734081e+03  
1.143184e-01 1.156466e+03 2.172009e+03 3.002444e+03 4.675593e+03  
1.159120e-01 1.141264e+03 2.143998e+03 2.964745e+03 4.620746e+03  
1.175277e-01 1.126739e+03 2.117242e+03 2.928790e+03 4.568702e+03  
1.191660e-01 1.112666e+03 2.091323e+03 2.894004e+03 4.518543e+03  
1.208271e-01 1.098804e+03 2.065800e+03 2.859775e+03 4.469285e+03  
1.225114e-01 1.084949e+03 2.040297e+03 2.825580e+03 4.420083e+03  
1.242191e-01 1.070910e+03 2.014468e+03 2.790937e+03 4.370151e+03  
1.259506e-01 1.056487e+03 1.987943e+03 2.755331e+03 4.318645e+03  
1.277063e-01 1.041518e+03 1.960425e+03 2.718348e+03 4.264881e+03  
1.294865e-01 1.025891e+03 1.931711e+03 2.679701e+03 4.208375e+03  
1.312915e-01 1.009491e+03 1.901589e+03 2.639091e+03 4.148625e+03  
1.331216e-01 9.922427e+02 1.869922e+03 2.596326e+03 4.085295e+03  
1.349772e-01 9.741352e+02 1.836691e+03 2.551373e+03 4.018315e+03  
1.368587e-01 9.551640e+02 1.801889e+03 2.504219e+03 3.947643e+03  
1.387665e-01 9.353650e+02 1.765582e+03 2.454952e+03 3.873407e+03  
1.407008e-01 9.148275e+02 1.727934e+03 2.403799e+03 3.795963e+03  
1.426621e-01 8.936542e+02 1.689135e+03 2.351021e+03 3.715727e+03  
1.446507e-01 8.719880e+02 1.649445e+03 2.296981e+03 3.633285e+03  
1.466671e-01 8.500098e+02 1.609199e+03 2.242140e+03 3.549389e+03  
1.487115e-01 8.279165e+02 1.568755e+03 2.187002e+03 3.464860e+03  
1.507845e-01 8.059182e+02 1.528499e+03 2.132101e+03 3.380579e+03  
1.528864e-01 7.842409e+02 1.488843e+03 2.078015e+03 3.297494e+03  
1.550175e-01 7.631117e+02 1.450202e+03 2.025321e+03 3.216558e+03  
1.571784e-01 7.427370e+02 1.412953e+03 1.974545e+03 3.138639e+03  
1.593694e-01 7.233275e+02 1.377479e+03 1.926222e+03 3.064624e+03  
1.615909e-01 7.050416e+02 1.344068e+03 1.880754e+03 2.995179e+03  
1.638434e-01 6.880010e+02 1.312940e+03 1.838450e+03 2.930820e+03  
1.661273e-01 6.722907e+02 1.284247e+03 1.799524e+03 2.871910e+03  
1.684430e-01 6.578985e+02 1.257967e+03 1.763944e+03 2.818408e+03  
1.707910e-01 6.447831e+02 1.234021e+03 1.731605e+03 2.770152e+03  
1.731717e-01 6.328178e+02 1.212177e+03 1.702184e+03 2.726622e+03  
1.755856e-01 6.218281e+02 1.192116e+03 1.675237e+03 2.687099e+03  
1.780332e-01 6.116255e+02 1.173492e+03 1.650286e+03 2.650800e+03  
1.805149e-01 6.020065e+02 1.155935e+03 1.626811e+03 2.616876e+03  
1.830312e-01 5.927619e+02 1.139062e+03 1.604281e+03 2.584447e+03  
1.855825e-01 5.836865e+02 1.122499e+03 1.582170e+03 2.552643e+03  
1.881694e-01 5.745749e+02 1.105872e+03 1.559956e+03 2.520588e+03  
1.907924e-01 5.652494e+02 1.088857e+03 1.537180e+03 2.487513e+03  
1.934520e-01 5.555381e+02 1.071141e+03 1.513403e+03 2.452672e+03  
1.961486e-01 5.453056e+02 1.052476e+03 1.488275e+03 2.415468e+03  
1.988828e-01 5.344432e+02 1.032666e+03 1.461515e+03 2.375419e+03  
2.016551e-01 5.229465e+02 1.011703e+03 1.433109e+03 2.332492e+03  
2.044661e-01 5.108636e+02 9.896750e+02 1.403182e+03 2.286884e+03  
2.073162e-01 4.983373e+02 9.668430e+02 1.372097e+03 2.239207e+03  
2.102061e-01 4.855520e+02 9.435433e+02 1.340329e+03 2.190253e+03  
2.131362e-01 4.727257e+02 9.201731e+02 1.308434e+03 2.140965e+03  
2.161073e-01 4.600751e+02 8.971268e+02 1.276969e+03 2.092280e+03  
2.191197e-01 4.477768e+02 8.747248e+02 1.246385e+03 2.044962e+03  
2.221741e-01 4.359857e+02 8.532484e+02 1.217077e+03 1.999678e+03  
2.252711e-01 4.248254e+02 8.329206e+02 1.189360e+03 1.956962e+03  
2.284112e-01 4.143937e+02 8.139180e+02 1.163482e+03 1.917235e+03  
2.315951e-01 4.047584e+02 7.963618e+02 1.139615e+03 1.880789e+03  
2.348235e-01 3.959221e+02 7.802558e+02 1.117764e+03 1.847640e+03  
2.380968e-01 3.878353e+02 7.655087e+02 1.097803e+03 1.817579e+03  
2.414157e-01 3.803810e+02 7.519073e+02 1.079433e+03 1.790107e+03  
2.447809e-01 3.734040e+02 7.391699e+02 1.062257e+03 1.764565e+03  
2.481930e-01 3.667197e+02 7.269614e+02 1.045807e+03 1.740159e+03  
2.516527e-01 3.601492e+02 7.149575e+02 1.029625e+03 1.716120e+03  
2.551606e-01 3.535314e+02 7.028660e+02 1.013299e+03 1.691750e+03  
2.587174e-01 3.467445e+02 6.904668e+02 9.965178e+02 1.666521e+03  
2.623238e-01 3.397061e+02 6.776110e+02 9.790715e+02 1.640072e+03  
2.659804e-01 3.323775e+02 6.642288e+02 9.608605e+02 1.612234e+03  
2.696881e-01 3.247794e+02 6.503581e+02 9.419385e+02 1.583097e+03  
2.734474e-01 3.169875e+02 6.361369e+02 9.225002e+02 1.552995e+03  
2.772591e-01 3.091218e+02 6.217829e+02 9.028533e+02 1.522452e+03  
2.811239e-01 3.013278e+02 6.075593e+02 8.833699e+02 1.492102e+03  
2.850426e-01 2.937421e+02 5.937125e+02 8.643982e+02 1.462540e+03  
2.890160e-01 2.864785e+02 5.804478e+02 8.462281e+02 1.434259e+03  
2.930447e-01 2.796175e+02 5.679095e+02 8.290629e+02 1.407603e+03  
2.971296e-01 2.731963e+02 5.561636e+02 8.129961e+02 1.382734e+03  
3.012714e-01 2.672122e+02 5.452044e+02 7.980195e+02 1.359636e+03  
3.054710e-01 2.616228e+02 5.349544e+02 7.840241e+02 1.338128e+03  
3.097291e-01 2.563481e+02 5.252691e+02 7.708066e+02 1.317865e+03  
3.140465e-01 2.512859e+02 5.159639e+02 7.581071e+02 1.298408e+03  
3.184242e-01 2.463251e+02 5.068389e+02 7.456439e+02 1.279283e+03  
3.228628e-01 2.413674e+02 4.977173e+02 7.331683e+02 1.260069e+03  
3.273634e-01 2.363463e+02 4.884801e+02 7.205124e+02 1.240483e+03  
3.319266e-01 2.312335e+02 4.790769e+02 7.076058e+02 1.220409e+03  
3.365535e-01 2.260408e+02 4.695292e+02 6.944794e+02 1.199901e+03  
3.412449e-01 2.208177e+02 4.599265e+02 6.812599e+02 1.179177e+03  
3.460016e-01 2.156348e+02 4.503956e+02 6.681267e+02 1.158542e+03  
3.508247e-01 2.105648e+02 4.410668e+02 6.552637e+02 1.138311e+03  
3.557150e-01 2.056738e+02 4.320582e+02 6.428373e+02 1.118763e+03  
3.606735e-01 2.010111e+02 4.234573e+02 6.309707e+02 1.100107e+03  
3.657011e-01 1.965912e+02 4.152894e+02 6.196994e+02 1.082403e+03  
3.707988e-01 1.924004e+02 4.075294e+02 6.089877e+02 1.065590e+03  
3.759675e-01 1.883952e+02 4.000991e+02 5.987259e+02 1.049483e+03  
3.812083e-01 1.845169e+02 3.928933e+02 5.887663e+02 1.033834e+03  
3.865221e-01 1.807141e+02 3.858208e+02 5.789810e+02 1.018432e+03  
3.919100e-01 1.769473e+02 3.788109e+02 5.692710e+02 1.003110e+03  
3.973730e-01 1.731891e+02 3.718155e+02 5.595695e+02 9.877605e+02  
4.029122e-01 1.694344e+02 3.648259e+02 5.498648e+02 9.723654e+02  
4.085286e-01 1.656982e+02 3.578686e+02 5.401947e+02 9.569907e+02  
4.142232e-01 1.620186e+02 3.510118e+02 5.306551e+02 9.417978e+02  
4.199973e-01 1.584386e+02 3.443311e+02 5.213522e+02 9.269645e+02  
4.258518e-01 1.549843e+02 3.378728e+02 5.123505e+02 9.125978e+02  
4.317880e-01 1.516594e+02 3.316428e+02 5.036585e+02 8.987117e+02  
4.378069e-01 1.484595e+02 3.256330e+02 4.952644e+02 8.852863e+02  
4.439097e-01 1.453749e+02 3.198261e+02 4.871442e+02 8.722815e+02  
4.500975e-01 1.423773e+02 3.141719e+02 4.792279e+02 8.595824e+02  
4.563716e-01 1.394361e+02 3.086163e+02 4.714405e+02 8.470665e+02  
4.627332e-01 1.365328e+02 3.031272e+02 4.637375e+02 8.346623e+02  
4.691835e-01 1.336680e+02 2.977057e+02 4.561210e+02 8.223748e+02  
4.757236e-01 1.308485e+02 2.923639e+02 4.486079e+02 8.102329e+02  
4.823549e-01 1.280804e+02 2.871125e+02 4.412135e+02 7.982627e+02  
4.890787e-01 1.253807e+02 2.819808e+02 4.339786e+02 7.865308e+02  
4.958962e-01 1.227639e+02 2.769943e+02 4.269383e+02 7.750941e+02  
5.028087e-01 1.202316e+02 2.721554e+02 4.200960e+02 7.639577e+02  
5.098176e-01 1.177725e+02 2.674440e+02 4.134237e+02 7.530764e+02  
5.169242e-01 1.153761e+02 2.628419e+02 4.068966e+02 7.424105e+02  
5.241298e-01 1.130353e+02 2.583368e+02 4.004976e+02 7.319332e+02  
5.314359e-01 1.107405e+02 2.539119e+02 3.942039e+02 7.216086e+02  
5.388438e-01 1.084847e+02 2.495551e+02 3.879992e+02 7.114116e+02  
5.463550e-01 1.062757e+02 2.452801e+02 3.819023e+02 7.013728e+02  
5.539709e-01 1.041185e+02 2.410952e+02 3.759248e+02 6.915104e+02  
5.616930e-01 1.020150e+02 2.370038e+02 3.700711e+02 6.818318e+02  
5.695227e-01 9.996735e+01 2.330091e+02 3.643459e+02 6.723439e+02  
5.774615e-01 9.797611e+01 2.291121e+02 3.587503e+02 6.630483e+02  
5.855110e-01 9.603245e+01 2.252976e+02 3.532635e+02 6.539129e+02  
5.936727e-01 9.413143e+01 2.215570e+02 3.478742e+02 6.449202e+02  
6.019482e-01 9.227210e+01 2.178887e+02 3.425802e+02 6.360671e+02  
6.103390e-01 9.045315e+01 2.142904e+02 3.373785e+02 6.273492e+02  
6.188468e-01 8.867286e+01 2.107593e+02 3.322652e+02 6.187608e+02  
6.274732e-01 8.693652e+01 2.073040e+02 3.272521e+02 6.103195e+02  
6.362198e-01 8.524209e+01 2.039210e+02 3.223343e+02 6.020181e+02  
6.450884e-01 8.358797e+01 2.006076e+02 3.175083e+02 5.938508e+02  
6.540806e-01 8.197403e+01 1.973634e+02 3.127734e+02 5.858168e+02  
6.631981e-01 8.039622e+01 1.941816e+02 3.081206e+02 5.779024e+02  
6.724427e-01 7.885264e+01 1.910589e+02 3.035455e+02 5.701014e+02  
6.818162e-01 7.734539e+01 1.879987e+02 2.990527e+02 5.624200e+02  
6.913204e-01 7.587175e+01 1.849965e+02 2.946362e+02 5.548495e+02  
7.009570e-01 7.443121e+01 1.820512e+02 2.902945e+02 5.473878e+02  
7.107280e-01 7.302330e+01 1.791621e+02 2.860266e+02 5.400331e+02  
7.206351e-01 7.164744e+01 1.763282e+02 2.818311e+02 5.327832e+02  
7.306804e-01 7.030287e+01 1.735479e+02 2.777062e+02 5.256355e+02  
7.408657e-01 6.898870e+01 1.708199e+02 2.736498e+02 5.185866e+02  
7.511929e-01 6.770390e+01 1.681424e+02 2.696597e+02 5.116332e+02  
7.616642e-01 6.644752e+01 1.655137e+02 2.657336e+02 5.047722e+02  
7.722814e-01 6.521891e+01 1.629327e+02 2.618700e+02 4.980011e+02  
7.830465e-01 6.401735e+01 1.603981e+02 2.580674e+02 4.913176e+02  
7.939618e-01 6.284203e+01 1.579086e+02 2.543239e+02 4.847190e+02  
8.050292e-01 6.169232e+01 1.554631e+02 2.506381e+02 4.782030e+02  
8.162509e-01 6.056768e+01 1.530606e+02 2.470087e+02 4.717677e+02  
8.276289e-01 5.946746e+01 1.507001e+02 2.434342e+02 4.654111e+02  
8.391656e-01 5.839100e+01 1.483803e+02 2.399133e+02 4.591302e+02  
8.508632e-01 5.733775e+01 1.461004e+02 2.364445e+02 4.529245e+02  
8.627237e-01 5.630711e+01 1.438594e+02 2.330267e+02 4.467913e+02  
8.747496e-01 5.529842e+01 1.416560e+02 2.296584e+02 4.407284e+02  
8.869432e-01 5.431106e+01 1.394894e+02 2.263381e+02 4.347341e+02  
8.993067e-01 5.334455e+01 1.373585e+02 2.230650e+02 4.288067e+02  
9.118425e-01 5.239830e+01 1.352626e+02 2.198376e+02 4.229444e+02  
9.245531e-01 5.147171e+01 1.332005e+02 2.166547e+02 4.171458e+02  
9.374409e-01 5.056431e+01 1.311715e+02 2.135153e+02 4.114090e+02  
9.505083e-01 4.967566e+01 1.291749e+02 2.104185e+02 4.057321e+02  
9.637579e-01 4.880526e+01 1.272097e+02 2.073631e+02 4.001141e+02  
9.771921e-01 4.795260e+01 1.252753e+02 2.043482e+02 3.945537e+02  
9.908137e-01 4.711726e+01 1.233708e+02 2.013728e+02 3.890494e+02  
1.004625e+00 4.629876e+01 1.214955e+02 1.984360e+02 3.836000e+02  
1.018629e+00 4.549658e+01 1.196485e+02 1.955367e+02 3.782041e+02  
1.032828e+00 4.471030e+01 1.178293e+02 1.926741e+02 3.728603e+02  
1.047225e+00 4.393958e+01 1.160371e+02 1.898475e+02 3.675682e+02  
1.061823e+00 4.318402e+01 1.142715e+02 1.870561e+02 3.623266e+02  
1.076624e+00 4.244320e+01 1.125316e+02 1.842991e+02 3.571343e+02  
1.091632e+00 4.171680e+01 1.108170e+02 1.815757e+02 3.519905e+02  
1.106848e+00 4.100447e+01 1.091272e+02 1.788855e+02 3.468944e+02  
1.122277e+00 4.030584e+01 1.074615e+02 1.762275e+02 3.418450e+02  
1.137921e+00 3.962053e+01 1.058193e+02 1.736012e+02 3.368416e+02  
1.153783e+00 3.894823e+01 1.042002e+02 1.710060e+02 3.318835e+02  
1.169866e+00 3.828856e+01 1.026035e+02 1.684411e+02 3.269699e+02  
1.186174e+00 3.764114e+01 1.010288e+02 1.659059e+02 3.221000e+02  
1.202708e+00 3.700569e+01 9.947553e+01 1.634000e+02 3.172734e+02  
1.219473e+00 3.638197e+01 9.794336e+01 1.609228e+02 3.124895e+02  
1.236472e+00 3.576971e+01 9.643187e+01 1.584739e+02 3.077479e+02  
1.253708e+00 3.516861e+01 9.494062e+01 1.560527e+02 3.030481e+02  
1.271184e+00 3.457843e+01 9.346921e+01 1.536590e+02 2.983897e+02  
1.288904e+00 3.399885e+01 9.201722e+01 1.512920e+02 2.937722e+02  
1.306870e+00 3.342956e+01 9.058419e+01 1.489515e+02 2.891953e+02  
1.325087e+00 3.287032e+01 8.916975e+01 1.466369e+02 2.846586e+02  
1.343558e+00 3.232090e+01 8.777361e+01 1.443479e+02 2.801620e+02  
1.362287e+00 3.178111e+01 8.639543e+01 1.420843e+02 2.757051e+02  
1.381276e+00 3.125068e+01 8.503488e+01 1.398455e+02 2.712878e+02  
1.400531e+00 3.072943e+01 8.369167e+01 1.376314e+02 2.669099e+02  
1.420053e+00 3.021714e+01 8.236551e+01 1.354416e+02 2.625713e+02  
1.439848e+00 2.971358e+01 8.105607e+01 1.332757e+02 2.582719e+02  
1.459919e+00 2.921853e+01 7.976306e+01 1.311336e+02 2.540115e+02  
1.480269e+00 2.873181e+01 7.848622e+01 1.290149e+02 2.497901e+02  
1.500903e+00 2.825322e+01 7.722529e+01 1.269193e+02 2.456076e+02  
1.521825e+00 2.778253e+01 7.597998e+01 1.248467e+02 2.414641e+02  
1.543038e+00 2.731958e+01 7.475007e+01 1.227967e+02 2.373596e+02  
1.564548e+00 2.686423e+01 7.353536e+01 1.207693e+02 2.332941e+02  
1.586357e+00 2.641630e+01 7.233563e+01 1.187641e+02 2.292677e+02  
1.608469e+00 2.597562e+01 7.115066e+01 1.167810e+02 2.252804e+02  
1.630891e+00 2.554204e+01 6.998025e+01 1.148198e+02 2.213324e+02  
1.653624e+00 2.511542e+01 6.882421e+01 1.128803e+02 2.174237e+02  
1.676675e+00 2.469557e+01 6.768234e+01 1.109624e+02 2.135545e+02  
1.700047e+00 2.428235e+01 6.655444e+01 1.090659e+02 2.097250e+02  
1.723745e+00 2.387563e+01 6.544037e+01 1.071907e+02 2.059351e+02  
1.747773e+00 2.344746e+01 6.433995e+01 1.053366e+02 2.021853e+02  
1.772136e+00 2.308117e+01 6.325302e+01 1.035034e+02 1.984755e+02  
1.796838e+00 2.269316e+01 6.217943e+01 1.016912e+02 1.948059e+02  
1.821885e+00 2.231113e+01 6.111903e+01 9.989970e+01 1.911768e+02  
1.847281e+00 2.193496e+01 6.007168e+01 9.812885e+01 1.875883e+02  
1.873032e+00 2.156453e+01 5.903724e+01 9.637854e+01 1.840407e+02  
1.899141e+00 2.119972e+01 5.801557e+01 9.464867e+01 1.805340e+02  
1.925614e+00 2.084045e+01 5.700657e+01 9.293916e+01 1.770684e+02  
1.952456e+00 2.048658e+01 5.601009e+01 9.124990e+01 1.736442e+02  
1.979672e+00 2.013802e+01 5.502603e+01 8.958083e+01 1.702616e+02  
2.007267e+00 1.979469e+01 5.405427e+01 8.793186e+01 1.669206e+02  
2.035248e+00 1.945647e+01 5.309470e+01 8.630292e+01 1.636214e+02  
2.063618e+00 1.912328e+01 5.214722e+01 8.469392e+01 1.603643e+02  
2.092383e+00 1.879502e+01 5.121172e+01 8.310482e+01 1.571493e+02  
2.121550e+00 1.847160e+01 5.028811e+01 8.153553e+01 1.539765e+02  
2.151123e+00 1.815295e+01 4.937628e+01 7.998599e+01 1.508462e+02  
2.181109e+00 1.783896e+01 4.847614e+01 7.845614e+01 1.477584e+02  
2.211512e+00 1.752958e+01 4.758761e+01 7.694592e+01 1.447131e+02  
2.242340e+00 1.722471e+01 4.671059e+01 7.545528e+01 1.417105e+02  
2.273597e+00 1.692428e+01 4.584499e+01 7.398414e+01 1.387507e+02  
2.305289e+00 1.662823e+01 4.499074e+01 7.253246e+01 1.358336e+02  
2.337424e+00 1.633648e+01 4.414776e+01 7.110017e+01 1.329593e+02  
2.370006e+00 1.604897e+01 4.331597e+01 6.968723e+01 1.301278e+02  
2.403043e+00 1.576563e+01 4.249528e+01 6.829358e+01 1.273391e+02  
2.436540e+00 1.548639e+01 4.168562e+01 6.691915e+01 1.245932e+02  
2.470504e+00 1.521120e+01 4.088692e+01 6.556390e+01 1.218900e+02  
2.504942e+00 1.493998e+01 4.009911e+01 6.422775e+01 1.192294e+02  
2.539859e+00 1.467269e+01 3.932210e+01 6.291066e+01 1.166113e+02  
2.575263e+00 1.440927e+01 3.855584e+01 6.161256e+01 1.140357e+02  
2.611161e+00 1.414966e+01 3.780025e+01 6.033338e+01 1.115024e+02  
2.647559e+00 1.389381e+01 3.705526e+01 5.907304e+01 1.090113e+02  
2.684465e+00 1.364167e+01 3.632079e+01 5.783150e+01 1.065621e+02  
2.721885e+00 1.339318e+01 3.559680e+01 5.660868e+01 1.041548e+02  
2.759826e+00 1.314830e+01 3.488320e+01 5.540450e+01 1.017890e+02  
2.798297e+00 1.290698e+01 3.417993e+01 5.421889e+01 9.946456e+01  
2.837304e+00 1.266917e+01 3.348692e+01 5.305175e+01 9.718123e+01  
2.876854e+00 1.243482e+01 3.280411e+01 5.190303e+01 9.493875e+01  
2.916956e+00 1.220389e+01 3.213143e+01 5.077265e+01 9.273683e+01  
2.957617e+00 1.197634e+01 3.146881e+01 4.966048e+01 9.057517e+01  
2.998844e+00 1.175213e+01 3.081619e+01 4.856644e+01 8.845346e+01  
3.040646e+00 1.153121e+01 3.017349e+01 4.749042e+01 8.637136e+01  
3.083031e+00 1.131355e+01 2.954067e+01 4.643234e+01 8.432854e+01  
3.126007e+00 1.109910e+01 2.891765e+01 4.539209e+01 8.232463e+01  
3.169582e+00 1.088783e+01 2.830436e+01 4.436954e+01 8.035926e+01  
3.213764e+00 1.067971e+01 2.770073e+01 4.336460e+01 7.843205e+01  
3.258562e+00 1.047469e+01 2.710671e+01 4.237713e+01 7.654289e+01  
3.303985e+00 1.027274e+01 2.652221e+01 4.140701e+01 7.469086e+01  
3.350041e+00 1.007382e+01 2.594717e+01 4.045412e+01 7.287538e+01  
3.396739e+00 9.877886e+00 2.538152e+01 3.951832e+01 7.109647e+01  
3.444087e+00 9.684928e+00 2.482519e+01 3.859948e+01 6.935388e+01  
3.492096e+00 9.494906e+00 2.427811e+01 3.769745e+01 6.764732e+01  
3.540774e+00 9.307778e+00 2.374022e+01 3.681209e+01 6.597562e+01  
3.590130e+00 9.123515e+00 2.321143e+01 3.594324e+01 6.433866e+01  
3.640175e+00 8.942089e+00 2.269167e+01 3.509077e+01 6.273599e+01  
3.690917e+00 8.763466e+00 2.218088e+01 3.425450e+01 6.116713e+01  
3.742366e+00 8.587616e+00 2.167897e+01 3.343427e+01 5.963163e+01  
3.794533e+00 8.414509e+00 2.118587e+01 3.262993e+01 5.812900e+01  
3.847427e+00 8.244115e+00 2.070150e+01 3.184133e+01 5.665878e+01  
3.901058e+00 8.076405e+00 2.022579e+01 3.106826e+01 5.522049e+01  
3.955436e+00 7.911350e+00 1.975866e+01 3.031053e+01 5.381364e+01  
4.010573e+00 7.748921e+00 1.930002e+01 2.956796e+01 5.243776e+01  
4.066478e+00 7.589090e+00 1.884980e+01 2.884044e+01 5.109236e+01  
4.123163e+00 7.431829e+00 1.840792e+01 2.812781e+01 4.977696e+01  
4.180637e+00 7.277110e+00 1.797429e+01 2.742977e+01 4.849109e+01  
4.238913e+00 7.124906e+00 1.754882e+01 2.674620e+01 4.723425e+01  
4.298001e+00 6.975189e+00 1.713144e+01 2.607689e+01 4.600596e+01  
4.357913e+00 6.827933e+00 1.672205e+01 2.542166e+01 4.480575e+01  
4.418660e+00 6.683110e+00 1.632058e+01 2.478033e+01 4.363314e+01  
4.480254e+00 6.540695e+00 1.592692e+01 2.415268e+01 4.248765e+01  
4.542706e+00 6.400660e+00 1.554100e+01 2.344430e+01 4.136880e+01  
4.606029e+00 6.262981e+00 1.516272e+01 2.293769e+01 4.027611e+01  
4.670234e+00 6.127631e+00 1.479200e+01 2.234995e+01 3.920889e+01  
4.735335e+00 5.994584e+00 1.442873e+01 2.177513e+01 3.816737e+01  
4.801343e+00 5.863815e+00 1.407283e+01 2.121302e+01 3.715038e+01  
4.868271e+00 5.735298e+00 1.372420e+01 2.066342e+01 3.615796e+01  
4.936132e+00 5.609009e+00 1.338276e+01 2.012614e+01 3.518884e+01  
5.004939e+00 5.484921e+00 1.304841e+01 1.960097e+01 3.424339e+01  
5.074705e+00 5.363011e+00 1.272105e+01 1.908773e+01 3.332086e+01  
5.145444e+00 5.243253e+00 1.240059e+01 1.858622e+01 3.242083e+01  
5.217169e+00 5.125623e+00 1.208693e+01 1.809622e+01 3.154284e+01  
5.289893e+00 5.010096e+00 1.177998e+01 1.761756e+01 3.068645e+01  
5.363631e+00 4.896648e+00 1.147964e+01 1.715002e+01 2.985124e+01  
5.438397e+00 4.785254e+00 1.118581e+01 1.669342e+01 2.903677e+01  
5.514206e+00 4.675890e+00 1.089840e+01 1.624759e+01 2.824261e+01  
5.591071e+00 4.568535e+00 1.061731e+01 1.581227e+01 2.746835e+01  
5.669007e+00 4.463159e+00 1.034244e+01 1.538734e+01 2.671356e+01  
5.748030e+00 4.359737e+00 1.007369e+01 1.497256e+01 2.597784e+01  
5.828155e+00 4.258257e+00 9.810962e+00 1.456776e+01 2.526079e+01  
5.909396e+00 4.158684e+00 9.554166e+00 1.417275e+01 2.456200e+01  
5.991770e+00 4.060999e+00 9.303201e+00 1.378734e+01 2.388107e+01  
6.075292e+00 3.965178e+00 9.057971e+00 1.341134e+01 2.321761e+01  
6.159978e+00 3.871196e+00 8.818379e+00 1.304458e+01 2.257123e+01  
6.245845e+00 3.779032e+00 8.584329e+00 1.268686e+01 2.194157e+01  
6.332908e+00 3.688661e+00 8.355726e+00 1.233802e+01 2.132827e+01  
6.421186e+00 3.600060e+00 8.132474e+00 1.199786e+01 2.073093e+01  
6.510694e+00 3.513206e+00 7.914480e+00 1.166621e+01 2.014920e+01  
6.601449e+00 3.428077e+00 7.701649e+00 1.134291e+01 1.958272e+01  
6.693470e+00 3.344649e+00 7.493891e+00 1.102785e+01 1.903114e+01  
6.786773e+00 3.262900e+00 7.291103e+00 1.072062e+01 1.849413e+01  
6.881377e+00 3.182806e+00 7.093193e+00 1.042121e+01 1.797134e+01  
6.977300e+00 3.104345e+00 6.900077e+00 1.012962e+01 1.746243e+01  
7.074559e+00 3.027494e+00 6.711658e+00 9.845448e+00 1.696710e+01  
7.173175e+00 2.952231e+00 6.527845e+00 9.568605e+00 1.648499e+01  
7.273165e+00 2.878532e+00 6.348547e+00 9.298930e+00 1.601578e+01  
7.374549e+00 2.806377e+00 6.173677e+00 9.036271e+00 1.527676e+01  
7.477346e+00 2.735742e+00 6.003144e+00 8.780470e+00 1.511494e+01  
7.581576e+00 2.666605e+00 5.836863e+00 8.531366e+00 1.468270e+01  
7.687260e+00 2.598944e+00 5.674749e+00 8.288813e+00 1.426156e+01  
7.794416e+00 2.532736e+00 5.516717e+00 8.052666e+00 1.385306e+01  
7.903066e+00 2.467961e+00 5.362682e+00 7.822777e+00 1.345510e+01  
8.013230e+00 2.404595e+00 5.212562e+00 7.598998e+00 1.306802e+01  
8.124930e+00 2.342615e+00 5.066274e+00 7.381109e+00 1.269153e+01  
8.238187e+00 2.282002e+00 4.923736e+00 7.169210e+00 1.232538e+01  
8.353023e+00 2.222738e+00 4.784866e+00 6.963012e+00 1.196932e+01  
8.469460e+00 2.164794e+00 4.649583e+00 6.762198e+00 1.162306e+01  
8.587519e+00 2.108146e+00 4.517808e+00 6.566904e+00 1.128639e+01  
8.707225e+00 2.052781e+00 4.389466e+00 6.376899e+00 1.095903e+01  
8.828599e+00 1.998675e+00 4.264478e+00 6.192062e+00 1.064079e+01  
8.951665e+00 1.945806e+00 4.142785e+00 6.012260e+00 1.033140e+01  
9.076446e+00 1.894153e+00 4.024278e+00 5.837392e+00 1.003063e+01  
9.202967e+00 1.843696e+00 3.908910e+00 5.667323e+00 9.739809e+00  
9.331251e+00 1.794423e+00 3.796632e+00 5.501931e+00 9.454113e+00  
9.461324e+00 1.746281e+00 3.687340e+00 5.341106e+00 9.177922e+00  
9.593209e+00 1.699284e+00 3.580974e+00 5.184696e+00 8.909497e+00  
9.726934e+00 1.653399e+00 3.477466e+00 5.032698e+00 8.648621e+00  
9.862522e+00 1.608606e+00 3.376746e+00 4.884916e+00 8.395138e+00  
1.000000e+01 1.564886e+00 3.278747e+00 4.741220e+00 8.148809e+00  
