1.000000e-02 4.203930e+03 7.881409e+03 1.084416e+04 1.659040e+04  
1.013939e-02 4.229021e+03 7.928264e+03 1.090845e+04 1.668830e+04  
1.028073e-02 4.253817e+03 7.974559e+03 1.097196e+04 1.678501e+04  
1.042404e-02 4.278303e+03 8.020270e+03 1.103466e+04 1.688047e+04  
1.056935e-02 4.302465e+03 8.065367e+03 1.109652e+04 1.697462e+04  
1.071668e-02 4.326288e+03 8.109824e+03 1.115748e+04 1.706740e+04  
1.086606e-02 4.349758e+03 8.153612e+03 1.121753e+04 1.715876e+04  
1.101753e-02 4.372858e+03 8.196703e+03 1.127660e+04 1.724863e+04  
1.117111e-02 4.395573e+03 8.239067e+03 1.133468e+04 1.733696e+04  
1.132683e-02 4.417889e+03 8.280677e+03 1.139171e+04 1.742368e+04  
1.148472e-02 4.439790e+03 8.321504e+03 1.144766e+04 1.750874e+04  
1.164481e-02 4.461262e+03 8.361523e+03 1.150249e+04 1.759207e+04  
1.180713e-02 4.482292e+03 8.400706e+03 1.155617e+04 1.767363e+04  
1.197171e-02 4.502866e+03 8.439028e+03 1.160865e+04 1.775337e+04  
1.213859e-02 4.522968e+03 8.476462e+03 1.165991e+04 1.783121e+04  
1.230780e-02 4.542587e+03 8.512983e+03 1.170991e+04 1.790712e+04  
1.247936e-02 4.561707e+03 8.548565e+03 1.175862e+04 1.798104e+04  
1.265332e-02 4.580315e+03 8.583180e+03 1.180599e+04 1.805291e+04  
1.282970e-02 4.598394e+03 8.616798e+03 1.185198e+04 1.812266e+04  
1.300854e-02 4.615927e+03 8.649388e+03 1.189655e+04 1.819023e+04  
1.318987e-02 4.632898e+03 8.680921e+03 1.193966e+04 1.825556e+04  
1.337373e-02 4.649293e+03 8.711365e+03 1.198128e+04 1.831859e+04  
1.356015e-02 4.665094e+03 8.740692e+03 1.202135e+04 1.837925e+04  
1.374917e-02 4.680285e+03 8.768871e+03 1.205983e+04 1.843749e+04  
1.394083e-02 4.694852e+03 8.795875e+03 1.209670e+04 1.849323e+04  
1.413516e-02 4.708778e+03 8.821670e+03 1.213190e+04 1.854642e+04  
1.433219e-02 4.722047e+03 8.846229e+03 1.216539e+04 1.859700e+04  
1.453198e-02 4.734642e+03 8.869521e+03 1.219713e+04 1.864490e+04  
1.473454e-02 4.746549e+03 8.891517e+03 1.222709e+04 1.869006e+04  
1.493993e-02 4.757752e+03 8.912189e+03 1.225523e+04 1.873242e+04  
1.514819e-02 4.768237e+03 8.931509e+03 1.228150e+04 1.877193e+04  
1.535935e-02 4.777988e+03 8.949451e+03 1.230587e+04 1.880852e+04  
1.557345e-02 4.786990e+03 8.965983e+03 1.232829e+04 1.884215e+04  
1.579053e-02 4.795228e+03 8.981076e+03 1.234874e+04 1.887273e+04  
1.601064e-02 4.802685e+03 8.994703e+03 1.236716e+04 1.890023e+04  
1.623382e-02 4.809347e+03 9.006836e+03 1.238353e+04 1.892457e+04  
1.646012e-02 4.815201e+03 9.017448e+03 1.239780e+04 1.894571e+04  
1.668956e-02 4.820232e+03 9.026515e+03 1.240994e+04 1.896359e+04  
1.692220e-02 4.824428e+03 9.034012e+03 1.241992e+04 1.897817e+04  
1.715809e-02 4.827774e+03 9.039913e+03 1.242770e+04 1.898938e+04  
1.739726e-02 4.830258e+03 9.044195e+03 1.243325e+04 1.899718e+04  
1.763977e-02 4.831867e+03 9.046832e+03 1.243653e+04 1.900153e+04  
1.788566e-02 4.832590e+03 9.047805e+03 1.243753e+04 1.900237e+04  
1.813498e-02 4.832415e+03 9.047093e+03 1.243620e+04 1.899966e+04  
1.838777e-02 4.831333e+03 9.044678e+03 1.243254e+04 1.899337e+04  
1.864409e-02 4.829335e+03 9.040544e+03 1.242650e+04 1.898347e+04  
1.890397e-02 4.826412e+03 9.034672e+03 1.241807e+04 1.896992e+04  
1.916748e-02 4.822552e+03 9.027042e+03 1.240723e+04 1.895267e+04  
1.943467e-02 4.817746e+03 9.017639e+03 1.239394e+04 1.893169e+04  
1.970558e-02 4.811987e+03 9.006447e+03 1.237820e+04 1.890696e+04  
1.998026e-02 4.805268e+03 8.993453e+03 1.235997e+04 1.887844e+04  
2.025878e-02 4.797583e+03 8.978650e+03 1.233926e+04 1.884613e+04  
2.054117e-02 4.788930e+03 8.962029e+03 1.231604e+04 1.881000e+04  
2.082751e-02 4.779303e+03 8.943583e+03 1.229032e+04 1.877004e+04  
2.111783e-02 4.768698e+03 8.923305e+03 1.226207e+04 1.872624e+04  
2.141220e-02 4.757113e+03 8.901190e+03 1.223130e+04 1.867859e+04  
2.171068e-02 4.744548e+03 8.877236e+03 1.219801e+04 1.862708e+04  
2.201331e-02 4.731002e+03 8.851447e+03 1.216219e+04 1.857173e+04  
2.232016e-02 4.716480e+03 8.823829e+03 1.212385e+04 1.851254e+04  
2.263130e-02 4.700986e+03 8.794391e+03 1.208302e+04 1.844954e+04  
2.294676e-02 4.684525e+03 8.763141e+03 1.203969e+04 1.838275e+04  
2.326663e-02 4.667099e+03 8.730086e+03 1.199389e+04 1.831218e+04  
2.359095e-02 4.648713e+03 8.695233e+03 1.194561e+04 1.823784e+04  
2.391980e-02 4.629374e+03 8.658597e+03 1.189489e+04 1.815978e+04  
2.425323e-02 4.609090e+03 8.620194e+03 1.184174e+04 1.807802e+04  
2.459130e-02 4.587874e+03 8.580048e+03 1.178619e+04 1.799261e+04  
2.493409e-02 4.565740e+03 8.538185e+03 1.172829e+04 1.790362e+04  
2.528166e-02 4.542703e+03 8.494633e+03 1.166807e+04 1.781110e+04  
2.563407e-02 4.518776e+03 8.449418e+03 1.160556e+04 1.771510e+04  
2.599140e-02 4.493975e+03 8.402569e+03 1.154082e+04 1.761569e+04  
2.635371e-02 4.468317e+03 8.354121e+03 1.147388e+04 1.751295e+04  
2.672106e-02 4.441824e+03 8.304114e+03 1.140480e+04 1.740695e+04  
2.709354e-02 4.414522e+03 8.252595e+03 1.133364e+04 1.729780e+04  
2.747121e-02 4.386437e+03 8.199617e+03 1.126049e+04 1.718561e+04  
2.785414e-02 4.357599e+03 8.145233e+03 1.118540e+04 1.707049e+04  
2.824241e-02 4.328031e+03 8.089486e+03 1.110845e+04 1.695253e+04  
2.863610e-02 4.297755e+03 8.032423e+03 1.102970e+04 1.683184e+04  
2.903527e-02 4.266800e+03 7.974094e+03 1.094921e+04 1.670851e+04  
2.944000e-02 4.235197e+03 7.914557e+03 1.086707e+04 1.658268e+04  
2.985038e-02 4.202979e+03 7.853876e+03 1.078336e+04 1.645447e+04  
3.026648e-02 4.170185e+03 7.792124e+03 1.069818e+04 1.632404e+04  
3.068838e-02 4.136853e+03 7.729373e+03 1.061164e+04 1.619154e+04  
3.111616e-02 4.103017e+03 7.665686e+03 1.052382e+04 1.605710e+04  
3.154990e-02 4.068709e+03 7.601123e+03 1.043480e+04 1.592086e+04  
3.198969e-02 4.033965e+03 7.535751e+03 1.034468e+04 1.578295e+04  
3.243561e-02 3.998823e+03 7.469644e+03 1.025355e+04 1.564352e+04  
3.288774e-02 3.963327e+03 7.402882e+03 1.016153e+04 1.550276e+04  
3.334618e-02 3.927522e+03 7.335553e+03 1.006874e+04 1.536084e+04  
3.381101e-02 3.891460e+03 7.267748e+03 9.975304e+03 1.521795e+04  
3.428231e-02 3.855181e+03 7.199548e+03 9.881334e+03 1.507427e+04  
3.476019e-02 3.818727e+03 7.131030e+03 9.786934e+03 1.492995e+04  
3.524473e-02 3.782142e+03 7.062275e+03 9.692217e+03 1.478518e+04  
3.573602e-02 3.745473e+03 6.993371e+03 9.597305e+03 1.464013e+04  
3.623416e-02 3.708771e+03 6.924415e+03 9.502330e+03 1.449501e+04  
3.673925e-02 3.672090e+03 6.855508e+03 9.407431e+03 1.435003e+04  
3.725137e-02 3.635488e+03 6.786757e+03 9.312756e+03 1.420543e+04  
3.777064e-02 3.599001e+03 6.718229e+03 9.218397e+03 1.406133e+04  
3.829714e-02 3.562643e+03 6.649954e+03 9.124395e+03 1.391781e+04  
3.883098e-02 3.526431e+03 6.581960e+03 9.030790e+03 1.377492e+04  
3.937226e-02 3.490381e+03 6.514278e+03 8.937623e+03 1.363273e+04  
3.992109e-02 3.454509e+03 6.446938e+03 8.844938e+03 1.349131e+04  
4.047757e-02 3.418832e+03 6.379973e+03 8.752777e+03 1.335072e+04  
4.104181e-02 3.383368e+03 6.313415e+03 8.661187e+03 1.321104e+04  
4.161391e-02 3.348150e+03 6.247327e+03 8.570254e+03 1.307239e+04  
4.219398e-02 3.313235e+03 6.181813e+03 8.480120e+03 1.293500e+04  
4.278214e-02 3.278682e+03 6.116986e+03 8.390943e+03 1.279910e+04  
4.337850e-02 3.244557e+03 6.052968e+03 8.302888e+03 1.266497e+04  
4.398317e-02 3.210929e+03 5.989887e+03 8.216132e+03 1.253285e+04  
4.459628e-02 3.177871e+03 5.927878e+03 8.130862e+03 1.240306e+04  
4.521792e-02 3.145461e+03 5.867087e+03 8.047278e+03 1.227589e+04  
4.584824e-02 3.113748e+03 5.807605e+03 7.965506e+03 1.215154e+04  
4.648734e-02 3.082712e+03 5.749396e+03 7.885495e+03 1.202993e+04  
4.713535e-02 3.052321e+03 5.692396e+03 7.807161e+03 1.191095e+04  
4.779239e-02 3.022536e+03 5.636536e+03 7.730406e+03 1.179443e+04  
4.845859e-02 2.993314e+03 5.581734e+03 7.655119e+03 1.168021e+04  
4.913407e-02 2.964605e+03 5.527899e+03 7.581177e+03 1.156811e+04  
4.981898e-02 2.936357e+03 5.474931e+03 7.508440e+03 1.145791e+04  
5.051342e-02 2.908520e+03 5.422739e+03 7.436785e+03 1.134942e+04  
5.121755e-02 2.881059e+03 5.371257e+03 7.366123e+03 1.124251e+04  
5.193150e-02 2.853936e+03 5.320416e+03 7.296358e+03 1.113703e+04  
5.265540e-02 2.827110e+03 5.270138e+03 7.227383e+03 1.103282e+04  
5.338938e-02 2.800534e+03 5.220336e+03 7.159078e+03 1.092970e+04  
5.413360e-02 2.774155e+03 5.170914e+03 7.091314e+03 1.082746e+04  
5.488820e-02 2.747927e+03 5.121782e+03 7.023966e+03 1.072593e+04  
5.565331e-02 2.721823e+03 5.072895e+03 6.956973e+03 1.062499e+04  
5.642908e-02 2.695826e+03 5.024217e+03 6.890285e+03 1.052459e+04  
5.721568e-02 2.669911e+03 4.975706e+03 6.823847e+03 1.042462e+04  
5.801323e-02 2.644056e+03 4.927317e+03 6.757594e+03 1.032500e+04  
5.882190e-02 2.618231e+03 4.878998e+03 6.691459e+03 1.022562e+04  
5.964185e-02 2.592398e+03 4.830676e+03 6.625337e+03 1.012632e+04  
6.047322e-02 2.566490e+03 4.782230e+03 6.559065e+03 1.002685e+04  
6.131619e-02 2.540435e+03 4.733526e+03 6.492457e+03 9.926904e+03  
6.217090e-02 2.514154e+03 4.684416e+03 6.425311e+03 9.826183e+03  
6.303753e-02 2.487560e+03 4.634742e+03 6.357409e+03 9.724342e+03  
6.391624e-02 2.460568e+03 4.584344e+03 6.288531e+03 9.621035e+03  
6.480720e-02 2.433118e+03 4.533113e+03 6.218525e+03 9.516024e+03  
6.571058e-02 2.405158e+03 4.480953e+03 6.147259e+03 9.409097e+03  
6.662655e-02 2.376632e+03 4.427761e+03 6.074591e+03 9.300030e+03  
6.755528e-02 2.347481e+03 4.373427e+03 6.000370e+03 9.188578e+03  
6.849697e-02 2.317647e+03 4.317848e+03 5.924451e+03 9.074509e+03  
6.945178e-02 2.287107e+03 4.260980e+03 5.846774e+03 8.957722e+03  
7.041990e-02 2.255849e+03 4.202803e+03 5.767309e+03 8.838162e+03  
7.140151e-02 2.223862e+03 4.143294e+03 5.686025e+03 8.715771e+03  
7.239681e-02 2.191132e+03 4.082433e+03 5.602892e+03 8.590494e+03  
7.340598e-02 2.157670e+03 4.020238e+03 5.517933e+03 8.462356e+03  
7.442922e-02 2.123528e+03 3.956805e+03 5.431280e+03 8.331556e+03  
7.546673e-02 2.088767e+03 3.892250e+03 5.343092e+03 8.198332e+03  
7.651869e-02 2.053455e+03 3.826700e+03 5.253541e+03 8.062947e+03  
7.758532e-02 2.017669e+03 3.760298e+03 5.162823e+03 7.925697e+03  
7.866682e-02 1.981506e+03 3.693221e+03 5.071184e+03 7.786963e+03  
7.976339e-02 1.945075e+03 3.625676e+03 4.978904e+03 7.647177e+03  
8.087525e-02 1.908497e+03 3.557882e+03 4.886287e+03 7.506811e+03  
8.200261e-02 1.871897e+03 3.490073e+03 4.793654e+03 7.366365e+03  
8.314568e-02 1.835389e+03 3.422459e+03 4.701295e+03 7.226291e+03  
8.430468e-02 1.799083e+03 3.355243e+03 4.609488e+03 7.087024e+03  
8.547985e-02 1.763097e+03 3.288643e+03 4.518533e+03 6.949036e+03  
8.667139e-02 1.727552e+03 3.222882e+03 4.428740e+03 6.812810e+03  
8.787954e-02 1.692543e+03 3.158135e+03 4.340347e+03 6.678726e+03  
8.910453e-02 1.658155e+03 3.094559e+03 4.253572e+03 6.547127e+03  
9.034660e-02 1.624480e+03 3.032322e+03 4.168648e+03 6.418383e+03  
9.160598e-02 1.591608e+03 2.971591e+03 4.085804e+03 6.292856e+03  
9.288292e-02 1.559616e+03 2.912504e+03 4.005231e+03 6.170855e+03  
9.417766e-02 1.528580e+03 2.855204e+03 3.927126e+03 6.052692e+03  
9.549045e-02 1.498580e+03 2.799834e+03 3.851690e+03 5.938692e+03  
9.682153e-02 1.469679e+03 2.746510e+03 3.779080e+03 5.829110e+03  
9.817117e-02 1.441924e+03 2.695319e+03 3.709420e+03 5.724148e+03  
9.953962e-02 1.415366e+03 2.646352e+03 3.642834e+03 5.624012e+03  
1.009272e-01 1.390053e+03 2.599697e+03 3.579446e+03 5.528908e+03  
1.023340e-01 1.365996e+03 2.555371e+03 3.519281e+03 5.438885e+03  
1.037605e-01 1.343156e+03 2.513303e+03 3.462242e+03 5.353797e+03  
1.052069e-01 1.321487e+03 2.473405e+03 3.408208e+03 5.273465e+03  
1.066734e-01 1.300932e+03 2.435574e+03 3.357039e+03 5.197673e+03  
1.081604e-01 1.281390e+03 2.399620e+03 3.308472e+03 5.126015e+03  
1.096681e-01 1.262710e+03 2.365264e+03 3.262123e+03 5.057885e+03  
1.111968e-01 1.244726e+03 2.332199e+03 3.217568e+03 4.992610e+03  
1.127468e-01 1.227258e+03 2.300097e+03 3.174353e+03 4.929467e+03  
1.143184e-01 1.210140e+03 2.268649e+03 3.132049e+03 4.867772e+03  
1.159120e-01 1.193202e+03 2.237543e+03 3.090222e+03 4.806825e+03  
1.175277e-01 1.176259e+03 2.206437e+03 3.048399e+03 4.745863e+03  
1.191660e-01 1.159147e+03 2.175031e+03 3.006160e+03 4.684198e+03  
1.208271e-01 1.141753e+03 2.143117e+03 2.963214e+03 4.621353e+03  
1.225114e-01 1.123962e+03 2.110483e+03 2.919265e+03 4.556837e+03  
1.242191e-01 1.105666e+03 2.076930e+03 2.874032e+03 4.490181e+03  
1.259506e-01 1.086828e+03 2.042391e+03 2.827421e+03 4.421217e+03  
1.277063e-01 1.067439e+03 2.006848e+03 2.779401e+03 4.349882e+03  
1.294865e-01 1.047490e+03 1.970287e+03 2.729950e+03 4.276125e+03  
1.312915e-01 1.027008e+03 1.932756e+03 2.679133e+03 4.200038e+03  
1.331216e-01 1.006043e+03 1.894349e+03 2.627077e+03 4.121816e+03  
1.349772e-01 9.846538e+02 1.855172e+03 2.573927e+03 4.041684e+03  
1.368587e-01 9.629366e+02 1.815402e+03 2.519929e+03 3.960037e+03  
1.387665e-01 9.410233e+02 1.775282e+03 2.465421e+03 3.877418e+03  
1.407008e-01 9.190568e+02 1.735075e+03 2.410766e+03 3.794419e+03  
1.426621e-01 8.971786e+02 1.695040e+03 2.356327e+03 3.711631e+03  
1.446507e-01 8.755331e+02 1.655441e+03 2.302471e+03 3.629658e+03  
1.466671e-01 8.542724e+02 1.616558e+03 2.249589e+03 3.549140e+03  
1.487115e-01 8.335399e+02 1.578652e+03 2.198047e+03 3.470680e+03  
1.507845e-01 8.134794e+02 1.541987e+03 2.148213e+03 3.394889e+03  
1.528864e-01 7.942288e+02 1.506815e+03 2.100438e+03 3.322349e+03  
1.550175e-01 7.758787e+02 1.473300e+03 2.054955e+03 3.253449e+03  
1.571784e-01 7.585121e+02 1.441594e+03 2.011975e+03 3.188546e+03  
1.593694e-01 7.421744e+02 1.411779e+03 1.971616e+03 3.127840e+03  
1.615909e-01 7.268608e+02 1.383844e+03 1.933863e+03 3.071321e+03  
1.638434e-01 7.125478e+02 1.357746e+03 1.898659e+03 3.018901e+03  
1.661273e-01 6.991356e+02 1.333300e+03 1.865747e+03 2.970169e+03  
1.684430e-01 6.864876e+02 1.310256e+03 1.834778e+03 2.924555e+03  
1.707910e-01 6.744493e+02 1.288330e+03 1.805356e+03 2.881412e+03  
1.731717e-01 6.628459e+02 1.267202e+03 1.777034e+03 2.840000e+03  
1.755856e-01 6.515012e+02 1.246549e+03 1.749359e+03 2.799572e+03  
1.780332e-01 6.402750e+02 1.226114e+03 1.721970e+03 2.759523e+03  
1.805149e-01 6.290307e+02 1.205646e+03 1.694514e+03 2.719266e+03  
1.830312e-01 6.176620e+02 1.184951e+03 1.666718e+03 2.678334e+03  
1.855825e-01 6.060770e+02 1.163860e+03 1.638341e+03 2.636323e+03  
1.881694e-01 5.942099e+02 1.142254e+03 1.609214e+03 2.592938e+03  
1.907924e-01 5.820222e+02 1.120060e+03 1.579235e+03 2.548003e+03  
1.934520e-01 5.695059e+02 1.097265e+03 1.548381e+03 2.501474e+03  
1.961486e-01 5.567002e+02 1.073941e+03 1.516753e+03 2.453512e+03  
1.988828e-01 5.436826e+02 1.050230e+03 1.484549e+03 2.404451e+03  
2.016551e-01 5.305960e+02 1.026393e+03 1.452138e+03 2.354908e+03  
2.044661e-01 5.175971e+02 1.002717e+03 1.419924e+03 2.305564e+03  
2.073162e-01 5.048443e+02 9.794907e+02 1.388315e+03 2.257110e+03  
2.102061e-01 4.924778e+02 9.569709e+02 1.357672e+03 2.210158e+03  
2.131362e-01 4.805890e+02 9.353239e+02 1.328231e+03 2.165107e+03  
2.161073e-01 4.692440e+02 9.146694e+02 1.300161e+03 2.122249e+03  
2.191197e-01 4.584711e+02 8.950585e+02 1.273536e+03 2.081711e+03  
2.221741e-01 4.482816e+02 8.765113e+02 1.248383e+03 2.043546e+03  
2.252711e-01 4.386673e+02 8.590117e+02 1.224683e+03 2.007724e+03  
2.284112e-01 4.295869e+02 8.424841e+02 1.202329e+03 1.974069e+03  
2.315951e-01 4.209679e+02 8.267955e+02 1.181133e+03 1.942271e+03  
2.348235e-01 4.127054e+02 8.117541e+02 1.160828e+03 1.911877e+03  
2.380968e-01 4.046763e+02 7.971354e+02 1.141095e+03 1.882351e+03  
2.414157e-01 3.967553e+02 7.827104e+02 1.121611e+03 1.853147e+03  
2.447809e-01 3.888420e+02 7.682963e+02 1.102117e+03 1.823826e+03  
2.481930e-01 3.808797e+02 7.537899e+02 1.082468e+03 1.794137e+03  
2.516527e-01 3.728358e+02 7.391315e+02 1.062579e+03 1.763937e+03  
2.551606e-01 3.646995e+02 7.243017e+02 1.042421e+03 1.733179e+03  
2.587174e-01 3.564912e+02 7.093382e+02 1.022049e+03 1.701953e+03  
2.623238e-01 3.482545e+02 6.943201e+02 1.001574e+03 1.670453e+03  
2.659804e-01 3.400559e+02 6.793693e+02 9.811689e+02 1.638974e+03  
2.696881e-01 3.319905e+02 6.646585e+02 9.610797e+02 1.607937e+03  
2.734474e-01 3.241522e+02 6.503582e+02 9.415480e+02 1.577757e+03  
2.772591e-01 3.166127e+02 6.365990e+02 9.227590e+02 1.548751e+03  
2.811239e-01 3.094018e+02 6.234341e+02 9.047886e+02 1.521050e+03  
2.850426e-01 3.025200e+02 6.108639e+02 8.876378e+02 1.494659e+03  
2.890160e-01 2.959457e+02 5.988490e+02 8.712511e+02 1.469484e+03  
2.930447e-01 2.896420e+02 5.873217e+02 8.555332e+02 1.445364e+03  
2.971296e-01 2.835664e+02 5.762047e+02 8.403749e+02 1.422117e+03  
3.012714e-01 2.776676e+02 5.654048e+02 8.256446e+02 1.399518e+03  
3.054710e-01 2.718807e+02 5.548041e+02 8.111756e+02 1.377286e+03  
3.097291e-01 2.661513e+02 5.443040e+02 7.968287e+02 1.355185e+03  
3.140465e-01 2.604423e+02 5.338375e+02 7.825092e+02 1.333056e+03  
3.184242e-01 2.547429e+02 5.233854e+02 7.681902e+02 1.310855e+03  
3.228628e-01 2.490742e+02 5.129859e+02 7.539265e+02 1.288677e+03  
3.273634e-01 2.434691e+02 5.026987e+02 7.398030e+02 1.266669e+03  
3.319266e-01 2.379651e+02 4.925917e+02 7.259164e+02 1.244997e+03  
3.365535e-01 2.325946e+02 4.827235e+02 7.123501e+02 1.223806e+03  
3.412449e-01 2.273833e+02 4.731402e+02 6.991695e+02 1.203207e+03  
3.460016e-01 2.223533e+02 4.638811e+02 6.864306e+02 1.183298e+03  
3.508247e-01 2.175101e+02 4.549564e+02 6.741480e+02 1.164103e+03  
3.557150e-01 2.128433e+02 4.463466e+02 6.622942e+02 1.145576e+03  
3.606735e-01 2.083203e+02 4.379928e+02 6.507862e+02 1.127579e+03  
3.657011e-01 2.039043e+02 4.298287e+02 6.395306e+02 1.109954e+03  
3.707988e-01 1.995716e+02 4.218117e+02 6.284676e+02 1.092601e+03  
3.759675e-01 1.953106e+02 4.139211e+02 6.175683e+02 1.075473e+03  
3.812083e-01 1.911146e+02 4.061448e+02 6.068160e+02 1.058543e+03  
3.865221e-01 1.869807e+02 3.984778e+02 5.962041e+02 1.041804e+03  
3.919100e-01 1.829137e+02 3.909285e+02 5.857449e+02 1.025276e+03  
3.973730e-01 1.789308e+02 3.835280e+02 5.754826e+02 1.009035e+03  
4.029122e-01 1.750511e+02 3.763104e+02 5.654654e+02 9.931648e+02  
4.085286e-01 1.712867e+02 3.692970e+02 5.557235e+02 9.777152e+02  
4.142232e-01 1.676350e+02 3.624831e+02 5.462505e+02 9.626764e+02  
4.199973e-01 1.640838e+02 3.558467e+02 5.370155e+02 9.479973e+02  
4.258518e-01 1.606273e+02 3.493773e+02 5.280041e+02 9.336547e+02  
4.317880e-01 1.572568e+02 3.430594e+02 5.191944e+02 9.196129e+02  
4.378069e-01 1.539584e+02 3.368681e+02 5.105522e+02 9.058157e+02  
4.439097e-01 1.507221e+02 3.307857e+02 5.020524e+02 8.922230e+02  
4.500975e-01 1.475486e+02 3.248136e+02 4.936979e+02 8.788405e+02  
4.563716e-01 1.444464e+02 3.189668e+02 4.855093e+02 8.657035e+02  
4.627332e-01 1.414150e+02 3.132442e+02 4.774857e+02 8.528110e+02  
4.691835e-01 1.384562e+02 3.076490e+02 4.696317e+02 8.401713e+02  
4.757236e-01 1.355726e+02 3.021858e+02 4.619536e+02 8.277954e+02  
4.823549e-01 1.327682e+02 2.968615e+02 4.544614e+02 8.156997e+02  
4.890787e-01 1.300346e+02 2.916611e+02 4.471341e+02 8.038503e+02  
4.958962e-01 1.273632e+02 2.865692e+02 4.399506e+02 7.922137e+02  
5.028087e-01 1.247536e+02 2.815855e+02 4.329105e+02 7.807894e+02  
5.098176e-01 1.222045e+02 2.767074e+02 4.260104e+02 7.695726e+02  
5.169242e-01 1.197091e+02 2.719231e+02 4.192341e+02 7.585378e+02  
5.241298e-01 1.172701e+02 2.672371e+02 4.125879e+02 7.476957e+02  
5.314359e-01 1.148913e+02 2.626561e+02 4.060813e+02 7.370615e+02  
5.388438e-01 1.125696e+02 2.581746e+02 3.997067e+02 7.266235e+02  
5.463550e-01 1.103026e+02 2.537882e+02 3.934582e+02 7.163725e+02  
5.539709e-01 1.080911e+02 2.494983e+02 3.873377e+02 7.063119e+02  
5.616930e-01 1.059335e+02 2.453021e+02 3.813413e+02 6.964353e+02  
5.695227e-01 1.038227e+02 2.411873e+02 3.754525e+02 6.867173e+02  
5.774615e-01 1.017613e+02 2.371581e+02 3.696770e+02 6.771668e+02  
5.855110e-01 9.974840e+01 2.332131e+02 3.640128e+02 6.677810e+02  
5.936727e-01 9.777970e+01 2.293447e+02 3.584499e+02 6.585444e+02  
6.019482e-01 9.585844e+01 2.255585e+02 3.529956e+02 6.494686e+02  
6.103390e-01 9.398313e+01 2.218518e+02 3.476465e+02 6.405478e+02  
6.188468e-01 9.214999e+01 2.182180e+02 3.423937e+02 6.317690e+02  
6.274732e-01 9.036100e+01 2.146605e+02 3.372417e+02 6.231385e+02  
6.362198e-01 8.861241e+01 2.111729e+02 3.321817e+02 6.146433e+02  
6.450884e-01 8.690297e+01 2.077528e+02 3.272110e+02 6.062791e+02  
6.540806e-01 8.523320e+01 2.044012e+02 3.223305e+02 5.980473e+02  
6.631981e-01 8.360169e+01 2.011156e+02 3.175369e+02 5.899430e+02  
6.724427e-01 8.200720e+01 1.978937e+02 3.128275e+02 5.819617e+02  
6.818162e-01 8.044949e+01 1.947352e+02 3.082014e+02 5.741022e+02  
6.913204e-01 7.892757e+01 1.916383e+02 3.036564e+02 5.663611e+02  
7.009570e-01 7.744018e+01 1.886007e+02 2.991895e+02 5.587338e+02  
7.107280e-01 7.598597e+01 1.856202e+02 2.947977e+02 5.512157e+02  
7.206351e-01 7.456412e+01 1.826954e+02 2.904790e+02 5.438040e+02  
7.306804e-01 7.317399e+01 1.798251e+02 2.862321e+02 5.364963e+02  
7.408657e-01 7.181486e+01 1.770081e+02 2.820550e+02 5.292899e+02  
7.511929e-01 7.048593e+01 1.742428e+02 2.779460e+02 5.221821e+02  
7.616642e-01 6.918649e+01 1.715282e+02 2.739035e+02 5.151694e+02  
7.722814e-01 6.791572e+01 1.688628e+02 2.699255e+02 5.082506e+02  
7.830465e-01 6.667272e+01 1.662450e+02 2.660101e+02 5.014219e+02  
7.939618e-01 6.545673e+01 1.636736e+02 2.621554e+02 4.946806e+02  
8.050292e-01 6.426718e+01 1.611475e+02 2.583603e+02 4.880248e+02  
8.162509e-01 6.310338e+01 1.586655e+02 2.546230e+02 4.814519e+02  
8.276289e-01 6.196459e+01 1.562265e+02 2.509420e+02 4.749596e+02  
8.391656e-01 6.085023e+01 1.538293e+02 2.473159e+02 4.685459e+02  
8.508632e-01 5.975968e+01 1.514730e+02 2.437434e+02 4.622086e+02  
8.627237e-01 5.869225e+01 1.491564e+02 2.402229e+02 4.559466e+02  
8.747496e-01 5.764728e+01 1.468783e+02 2.367530e+02 4.497556e+02  
8.869432e-01 5.662428e+01 1.446379e+02 2.333325e+02 4.436349e+02  
8.993067e-01 5.562271e+01 1.424343e+02 2.299603e+02 4.375828e+02  
9.118425e-01 5.464193e+01 1.402665e+02 2.266351e+02 4.315974e+02  
9.245531e-01 5.368145e+01 1.381335e+02 2.233556e+02 4.256769e+02  
9.374409e-01 5.274081e+01 1.360347e+02 2.201210e+02 4.198200e+02  
9.505083e-01 5.181946e+01 1.339691e+02 2.169300e+02 4.140250e+02  
9.637579e-01 5.091685e+01 1.319357e+02 2.137815e+02 4.082896e+02  
9.771921e-01 5.003252e+01 1.299339e+02 2.106745e+02 4.026136e+02  
9.908137e-01 4.916600e+01 1.279629e+02 2.076081e+02 3.969951e+02  
1.004625e+00 4.831672e+01 1.260217e+02 2.045811e+02 3.914324e+02  
1.018629e+00 4.748424e+01 1.241097e+02 2.015925e+02 3.859244e+02  
1.032828e+00 4.666817e+01 1.222261e+02 1.986416e+02 3.804699e+02  
1.047225e+00 4.586810e+01 1.203703e+02 1.957276e+02 3.750678e+02  
1.061823e+00 4.508357e+01 1.185416e+02 1.928496e+02 3.697170e+02  
1.076624e+00 4.431422e+01 1.167394e+02 1.900068e+02 3.644164e+02  
1.091632e+00 4.355971e+01 1.149632e+02 1.871986e+02 3.591653e+02  
1.106848e+00 4.281964e+01 1.132123e+02 1.844241e+02 3.539625e+02  
1.122277e+00 4.209361e+01 1.114861e+02 1.816827e+02 3.488072e+02  
1.137921e+00 4.138130e+01 1.097841e+02 1.789737e+02 3.436987e+02  
1.153783e+00 4.068234e+01 1.081057e+02 1.762965e+02 3.386361e+02  
1.169866e+00 3.999634e+01 1.064503e+02 1.736503e+02 3.336186e+02  
1.186174e+00 3.932300e+01 1.048174e+02 1.710346e+02 3.286456e+02  
1.202708e+00 3.866206e+01 1.032067e+02 1.684489e+02 3.237167e+02  
1.219473e+00 3.801322e+01 1.016177e+02 1.658927e+02 3.188311e+02  
1.236472e+00 3.737616e+01 1.000499e+02 1.633655e+02 3.139884e+02  
1.253708e+00 3.675061e+01 9.850293e+01 1.608667e+02 3.091881e+02  
1.271184e+00 3.613624e+01 9.697626e+01 1.583959e+02 3.044297e+02  
1.288904e+00 3.553272e+01 9.546944e+01 1.559525e+02 2.997127e+02  
1.306870e+00 3.493976e+01 9.398204e+01 1.535361e+02 2.950368e+02  
1.325087e+00 3.435717e+01 9.251379e+01 1.511463e+02 2.904018e+02  
1.343558e+00 3.378473e+01 9.106436e+01 1.487828e+02 2.858073e+02  
1.362287e+00 3.322220e+01 8.963341e+01 1.464452e+02 2.812532e+02  
1.381276e+00 3.266936e+01 8.822063e+01 1.441332e+02 2.767393e+02  
1.400531e+00 3.212599e+01 8.682568e+01 1.418464e+02 2.722654e+02  
1.420053e+00 3.159182e+01 8.544823e+01 1.395846e+02 2.678312e+02  
1.439848e+00 3.106660e+01 8.408794e+01 1.373472e+02 2.634368e+02  
1.459919e+00 3.055017e+01 8.274456e+01 1.351342e+02 2.590821e+02  
1.480269e+00 3.004231e+01 8.141783e+01 1.329452e+02 2.547669e+02  
1.500903e+00 2.954283e+01 8.010746e+01 1.307800e+02 2.504913e+02  
1.521825e+00 2.905153e+01 7.881322e+01 1.286384e+02 2.462553e+02  
1.543038e+00 2.856825e+01 7.753489e+01 1.265200e+02 2.420590e+02  
1.564548e+00 2.809281e+01 7.627222e+01 1.244248e+02 2.379024e+02  
1.586357e+00 2.762502e+01 7.502498e+01 1.223524e+02 2.337855e+02  
1.608469e+00 2.716472e+01 7.379296e+01 1.203028e+02 2.297085e+02  
1.630891e+00 2.671175e+01 7.257597e+01 1.182757e+02 2.256714e+02  
1.653624e+00 2.626593e+01 7.137378e+01 1.162709e+02 2.216745e+02  
1.676675e+00 2.582710e+01 7.018620e+01 1.142883e+02 2.177179e+02  
1.700047e+00 2.539513e+01 6.901308e+01 1.123277e+02 2.138016e+02  
1.723745e+00 2.496988e+01 6.785423e+01 1.103890e+02 2.099260e+02  
1.747773e+00 2.455122e+01 6.670950e+01 1.084721e+02 2.060911e+02  
1.772136e+00 2.410842e+01 6.557872e+01 1.065768e+02 2.022972e+02  
1.796838e+00 2.373310e+01 6.446174e+01 1.047030e+02 1.985445e+02  
1.821885e+00 2.333340e+01 6.335842e+01 1.028507e+02 1.948332e+02  
1.847281e+00 2.293975e+01 6.226860e+01 1.010196e+02 1.911634e+02  
1.873032e+00 2.255205e+01 6.119216e+01 9.920975e+01 1.875354e+02  
1.899141e+00 2.217018e+01 6.012896e+01 9.742101e+01 1.839494e+02  
1.925614e+00 2.179403e+01 5.907887e+01 9.565330e+01 1.804055e+02  
1.952456e+00 2.142348e+01 5.804177e+01 9.390652e+01 1.769041e+02  
1.979672e+00 2.105845e+01 5.701756e+01 9.218061e+01 1.734452e+02  
2.007267e+00 2.069883e+01 5.600611e+01 9.047549e+01 1.700291e+02  
2.035248e+00 2.034451e+01 5.500732e+01 8.879110e+01 1.666560e+02  
2.063618e+00 1.999542e+01 5.402109e+01 8.712737e+01 1.633260e+02  
2.092383e+00 1.965145e+01 5.304732e+01 8.548423e+01 1.600393e+02  
2.121550e+00 1.931252e+01 5.208589e+01 8.386163e+01 1.567960e+02  
2.151123e+00 1.897852e+01 5.113672e+01 8.225950e+01 1.535962e+02  
2.181109e+00 1.864939e+01 5.019972e+01 8.067779e+01 1.504401e+02  
2.211512e+00 1.832505e+01 4.927480e+01 7.911644e+01 1.473279e+02  
2.242340e+00 1.800540e+01 4.836186e+01 7.757539e+01 1.442594e+02  
2.273597e+00 1.769038e+01 4.746082e+01 7.605460e+01 1.412349e+02  
2.305289e+00 1.737992e+01 4.657161e+01 7.455401e+01 1.382544e+02  
2.337424e+00 1.707394e+01 4.569414e+01 7.307358e+01 1.353179e+02  
2.370006e+00 1.677238e+01 4.482834e+01 7.161324e+01 1.324254e+02  
2.403043e+00 1.647517e+01 4.397412e+01 7.017294e+01 1.295769e+02  
2.436540e+00 1.618224e+01 4.313141e+01 6.875264e+01 1.267725e+02  
2.470504e+00 1.589353e+01 4.230014e+01 6.735227e+01 1.240119e+02  
2.504942e+00 1.560898e+01 4.148023e+01 6.597177e+01 1.212952e+02  
2.539859e+00 1.532852e+01 4.067161e+01 6.461110e+01 1.186222e+02  
2.575263e+00 1.505211e+01 3.987421e+01 6.327019e+01 1.159929e+02  
2.611161e+00 1.477969e+01 3.908797e+01 6.194896e+01 1.134071e+02  
2.647559e+00 1.451120e+01 3.831280e+01 6.064736e+01 1.108646e+02  
2.684465e+00 1.424659e+01 3.754865e+01 5.936532e+01 1.083653e+02  
2.721885e+00 1.398580e+01 3.679544e+01 5.810277e+01 1.059089e+02  
2.759826e+00 1.372879e+01 3.605311e+01 5.685964e+01 1.034953e+02  
2.798297e+00 1.347551e+01 3.532158e+01 5.563582e+01 1.011242e+02  
2.837304e+00 1.322591e+01 3.460080e+01 5.443128e+01 9.879530e+01  
2.876854e+00 1.297994e+01 3.389068e+01 5.324590e+01 9.650836e+01  
2.916956e+00 1.273757e+01 3.319118e+01 5.207962e+01 9.426308e+01  
2.957617e+00 1.249873e+01 3.250222e+01 5.093230e+01 9.205915e+01  
2.998844e+00 1.226341e+01 3.182372e+01 4.980386e+01 8.989623e+01  
3.040646e+00 1.203154e+01 3.115563e+01 4.869421e+01 8.777397e+01  
3.083031e+00 1.180309e+01 3.049787e+01 4.760322e+01 8.569201e+01  
3.126007e+00 1.157802e+01 2.985039e+01 4.653079e+01 8.364998e+01  
3.169582e+00 1.135630e+01 2.921311e+01 4.547680e+01 8.164749e+01  
3.213764e+00 1.113787e+01 2.858595e+01 4.444113e+01 7.968441e+01  
3.258562e+00 1.092272e+01 2.796885e+01 4.342365e+01 7.775982e+01  
3.303985e+00 1.071079e+01 2.736175e+01 4.242423e+01 7.587314e+01  
3.350041e+00 1.050205e+01 2.676455e+01 4.144274e+01 7.402438e+01  
3.396739e+00 1.029646e+01 2.617721e+01 4.047902e+01 7.221326e+01  
3.444087e+00 1.009400e+01 2.559963e+01 3.953294e+01 7.043948e+01  
3.492096e+00 9.894631e+00 2.503176e+01 3.860434e+01 6.870188e+01  
3.540774e+00 9.698312e+00 2.447350e+01 3.769306e+01 6.700031e+01  
3.590130e+00 9.505014e+00 2.392480e+01 3.679896e+01 6.533431e+01  
3.640175e+00 9.314704e+00 2.338556e+01 3.592187e+01 6.370339e+01  
3.690917e+00 9.127350e+00 2.285572e+01 3.506161e+01 6.210707e+01  
3.742366e+00 8.942919e+00 2.233519e+01 3.421801e+01 6.054486e+01  
3.794533e+00 8.761380e+00 2.182390e+01 3.339093e+01 5.901628e+01  
3.847427e+00 8.582704e+00 2.132175e+01 3.258015e+01 5.752083e+01  
3.901058e+00 8.406858e+00 2.082868e+01 3.178547e+01 5.605800e+01  
3.955436e+00 8.233813e+00 2.034459e+01 3.100669e+01 5.462732e+01  
4.010573e+00 8.063540e+00 1.986940e+01 3.024372e+01 5.322828e+01  
4.066478e+00 7.896008e+00 1.940302e+01 2.949631e+01 5.186037e+01  
4.123163e+00 7.731189e+00 1.894537e+01 2.876433e+01 5.052310e+01  
4.180637e+00 7.569053e+00 1.849636e+01 2.804747e+01 4.921598e+01  
4.238913e+00 7.409572e+00 1.805590e+01 2.734558e+01 4.793850e+01  
4.298001e+00 7.252717e+00 1.762390e+01 2.665847e+01 4.669016e+01  
4.357913e+00 7.098459e+00 1.720026e+01 2.598594e+01 4.547047e+01  
4.418660e+00 6.946770e+00 1.678490e+01 2.532777e+01 4.427893e+01  
4.480254e+00 6.797624e+00 1.637771e+01 2.468377e+01 4.311505e+01  
4.542706e+00 6.650992e+00 1.597861e+01 2.405374e+01 4.197835e+01  
4.606029e+00 6.506846e+00 1.558749e+01 2.343745e+01 4.086832e+01  
4.670234e+00 6.365160e+00 1.520427e+01 2.283471e+01 3.978424e+01  
4.735335e+00 6.225906e+00 1.482883e+01 2.224532e+01 3.872639e+01  
4.801343e+00 6.089058e+00 1.446108e+01 2.166905e+01 3.769351e+01  
4.868271e+00 5.954588e+00 1.410093e+01 2.110570e+01 3.668540e+01  
4.936132e+00 5.822470e+00 1.374828e+01 2.055508e+01 3.570158e+01  
5.004939e+00 5.692677e+00 1.340302e+01 2.001695e+01 3.474159e+01  
5.074705e+00 5.565183e+00 1.306506e+01 1.949113e+01 3.380494e+01  
5.145444e+00 5.439961e+00 1.273428e+01 1.897740e+01 3.289120e+01  
5.217169e+00 5.316986e+00 1.241060e+01 1.847556e+01 3.199990e+01  
5.289893e+00 5.196232e+00 1.209390e+01 1.798536e+01 3.113060e+01  
5.363631e+00 5.077672e+00 1.178408e+01 1.750667e+01 3.028284e+01  
5.438397e+00 4.961280e+00 1.148104e+01 1.703927e+01 2.945619e+01  
5.514206e+00 4.847032e+00 1.118469e+01 1.658289e+01 2.865020e+01  
5.591071e+00 4.734903e+00 1.089490e+01 1.613739e+01 2.786446e+01  
5.669007e+00 4.624859e+00 1.061158e+01 1.570257e+01 2.709853e+01  
5.748030e+00 4.516886e+00 1.033463e+01 1.527819e+01 2.635199e+01  
5.828155e+00 4.410956e+00 1.006395e+01 1.486409e+01 2.562443e+01  
5.909396e+00 4.307040e+00 9.799417e+00 1.446005e+01 2.491564e+01  
5.991770e+00 4.205114e+00 9.540945e+00 1.406589e+01 2.422461e+01  
6.075292e+00 4.105154e+00 9.288427e+00 1.368141e+01 2.355152e+01  
6.159978e+00 4.007134e+00 9.041761e+00 1.330641e+01 2.289566e+01  
6.245845e+00 3.911030e+00 8.800846e+00 1.294072e+01 2.225711e+01  
6.332908e+00 3.816817e+00 8.565582e+00 1.258413e+01 2.163501e+01  
6.421186e+00 3.724470e+00 8.335868e+00 1.223647e+01 2.102912e+01  
6.510694e+00 3.633964e+00 8.111604e+00 1.189756e+01 2.043910e+01  
6.601449e+00 3.545275e+00 7.892691e+00 1.156729e+01 1.986456e+01  
6.693470e+00 3.458378e+00 7.679032e+00 1.124523e+01 1.930517e+01  
6.786773e+00 3.373249e+00 7.459628e+00 1.093145e+01 1.876057e+01  
6.881377e+00 3.289863e+00 7.267062e+00 1.062564e+01 1.823041e+01  
6.977300e+00 3.208196e+00 7.068562e+00 1.032782e+01 1.771436e+01  
7.074559e+00 3.128224e+00 6.874923e+00 1.003762e+01 1.721206e+01  
7.173175e+00 3.049923e+00 6.686048e+00 9.754927e+00 1.672318e+01  
7.273165e+00 2.973268e+00 6.501844e+00 9.479593e+00 1.624743e+01  
7.374549e+00 2.898235e+00 6.322214e+00 9.211448e+00 1.578516e+01  
7.477346e+00 2.824801e+00 6.147069e+00 8.950323e+00 1.533405e+01  
7.581576e+00 2.752942e+00 5.976318e+00 8.696063e+00 1.489579e+01  
7.687260e+00 2.682634e+00 5.809872e+00 8.448517e+00 1.446873e+01  
7.794416e+00 2.613853e+00 5.647642e+00 8.207532e+00 1.405464e+01  
7.903066e+00 2.546575e+00 5.489540e+00 7.972950e+00 1.365118e+01  
8.013230e+00 2.480778e+00 5.335478e+00 7.744625e+00 1.325874e+01  
8.124930e+00 2.416434e+00 5.185369e+00 7.522411e+00 1.287706e+01  
8.238187e+00 2.353526e+00 5.039128e+00 7.306164e+00 1.250588e+01  
8.353023e+00 2.292034e+00 4.896669e+00 7.095825e+00 1.214489e+01  
8.469460e+00 2.231925e+00 4.757909e+00 6.891009e+00 1.179386e+01  
8.587519e+00 2.173174e+00 4.622765e+00 6.691830e+00 1.145254e+01  
8.707225e+00 2.115768e+00 4.491158e+00 6.498061e+00 1.112071e+01  
8.828599e+00 2.059667e+00 4.363009e+00 6.309569e+00 1.079809e+01  
8.951665e+00 2.004887e+00 4.238242e+00 6.126245e+00 1.048444e+01  
9.076446e+00 1.951369e+00 4.116782e+00 5.947950e+00 1.017955e+01  
9.202967e+00 1.899100e+00 3.998554e+00 5.774560e+00 9.883177e+00  
9.331251e+00 1.848059e+00 3.883483e+00 5.605953e+00 9.595106e+00  
9.461324e+00 1.798225e+00 3.771497e+00 5.442021e+00 9.315121e+00  
9.593209e+00 1.749575e+00 3.662522e+00 5.282615e+00 9.043008e+00  
9.726934e+00 1.702087e+00 3.556484e+00 5.127653e+00 8.778561e+00  
9.862522e+00 1.655741e+00 3.453313e+00 4.977018e+00 8.521577e+00  
1.000000e+01 1.610513e+00 3.352939e+00 4.830583e+00 8.271867e+00  
