1.000000e-02 5.299622e+03 9.893617e+03 1.358190e+04 2.071659e+04  
1.013939e-02 5.330492e+03 9.951016e+03 1.366047e+04 2.083585e+04  
1.028073e-02 5.360941e+03 1.000762e+04 1.373794e+04 2.095343e+04  
1.042404e-02 5.390951e+03 1.006340e+04 1.381427e+04 2.106926e+04  
1.056935e-02 5.420504e+03 1.011833e+04 1.388942e+04 2.118326e+04  
1.071668e-02 5.449581e+03 1.017235e+04 1.396333e+04 2.129537e+04  
1.086606e-02 5.478164e+03 1.022545e+04 1.403597e+04 2.140552e+04  
1.101753e-02 5.506235e+03 1.027759e+04 1.410727e+04 2.151362e+04  
1.117111e-02 5.533773e+03 1.032872e+04 1.417719e+04 2.161960e+04  
1.132683e-02 5.560756e+03 1.037881e+04 1.424568e+04 2.172338e+04  
1.148472e-02 5.587165e+03 1.042782e+04 1.431268e+04 2.182488e+04  
1.164481e-02 5.612977e+03 1.047572e+04 1.437813e+04 2.192401e+04  
1.180713e-02 5.638172e+03 1.052245e+04 1.444199e+04 2.202068e+04  
1.197171e-02 5.662728e+03 1.056798e+04 1.450419e+04 2.211483e+04  
1.213859e-02 5.686624e+03 1.061228e+04 1.456469e+04 2.220636e+04  
1.230780e-02 5.709837e+03 1.065529e+04 1.462342e+04 2.229519e+04  
1.247936e-02 5.732347e+03 1.069699e+04 1.468033e+04 2.238122e+04  
1.265332e-02 5.754130e+03 1.073732e+04 1.473537e+04 2.246439e+04  
1.282970e-02 5.775166e+03 1.077624e+04 1.478847e+04 2.254460e+04  
1.300854e-02 5.795432e+03 1.081373e+04 1.483959e+04 2.262177e+04  
1.318987e-02 5.814907e+03 1.084973e+04 1.488867e+04 2.269581e+04  
1.337373e-02 5.833570e+03 1.088421e+04 1.493565e+04 2.276664e+04  
1.356015e-02 5.851397e+03 1.091712e+04 1.498047e+04 2.283418e+04  
1.374917e-02 5.868366e+03 1.094843e+04 1.502308e+04 2.289833e+04  
1.394083e-02 5.884453e+03 1.097808e+04 1.506342e+04 2.295900e+04  
1.413516e-02 5.899636e+03 1.100603e+04 1.510142e+04 2.301610e+04  
1.433219e-02 5.913891e+03 1.103225e+04 1.513703e+04 2.306955e+04  
1.453198e-02 5.927196e+03 1.105669e+04 1.517020e+04 2.311926e+04  
1.473454e-02 5.939530e+03 1.107931e+04 1.520086e+04 2.316514e+04  
1.493993e-02 5.950869e+03 1.110007e+04 1.522896e+04 2.320711e+04  
1.514819e-02 5.961191e+03 1.111892e+04 1.525444e+04 2.324508e+04  
1.535935e-02 5.970473e+03 1.113582e+04 1.527724e+04 2.327896e+04  
1.557345e-02 5.978695e+03 1.115074e+04 1.529732e+04 2.330867e+04  
1.579053e-02 5.985833e+03 1.116364e+04 1.531460e+04 2.333412e+04  
1.601064e-02 5.991868e+03 1.117446e+04 1.532905e+04 2.335524e+04  
1.623382e-02 5.996780e+03 1.118319e+04 1.534061e+04 2.337195e+04  
1.646012e-02 6.000547e+03 1.118977e+04 1.534922e+04 2.338417e+04  
1.668956e-02 6.003148e+03 1.119418e+04 1.535484e+04 2.339182e+04  
1.692220e-02 6.004561e+03 1.119636e+04 1.535741e+04 2.339481e+04  
1.715809e-02 6.004765e+03 1.119628e+04 1.535686e+04 2.339306e+04  
1.739726e-02 6.003740e+03 1.119390e+04 1.535317e+04 2.338650e+04  
1.763977e-02 6.001468e+03 1.118919e+04 1.534626e+04 2.337505e+04  
1.788566e-02 5.997929e+03 1.118211e+04 1.533611e+04 2.335864e+04  
1.813498e-02 5.993107e+03 1.117264e+04 1.532266e+04 2.333721e+04  
1.838777e-02 5.986985e+03 1.116073e+04 1.530588e+04 2.331070e+04  
1.864409e-02 5.979548e+03 1.114637e+04 1.528572e+04 2.327905e+04  
1.890397e-02 5.970781e+03 1.112953e+04 1.526215e+04 2.324220e+04  
1.916748e-02 5.960672e+03 1.111017e+04 1.523514e+04 2.320010e+04  
1.943467e-02 5.949209e+03 1.108829e+04 1.520466e+04 2.315273e+04  
1.970558e-02 5.936384e+03 1.106387e+04 1.517069e+04 2.310003e+04  
1.998026e-02 5.922189e+03 1.103689e+04 1.513321e+04 2.304199e+04  
2.025878e-02 5.906612e+03 1.100733e+04 1.509219e+04 2.297857e+04  
2.054117e-02 5.889643e+03 1.097517e+04 1.504760e+04 2.290971e+04  
2.082751e-02 5.871274e+03 1.094040e+04 1.499944e+04 2.283541e+04  
2.111783e-02 5.851499e+03 1.090301e+04 1.494767e+04 2.275562e+04  
2.141220e-02 5.830314e+03 1.086299e+04 1.489230e+04 2.267035e+04  
2.171068e-02 5.807717e+03 1.082033e+04 1.483332e+04 2.257959e+04  
2.201331e-02 5.783710e+03 1.077505e+04 1.477073e+04 2.248334e+04  
2.232016e-02 5.758294e+03 1.072714e+04 1.470454e+04 2.238162e+04  
2.263130e-02 5.731472e+03 1.067661e+04 1.463476e+04 2.227443e+04  
2.294676e-02 5.703251e+03 1.062348e+04 1.456141e+04 2.216182e+04  
2.326663e-02 5.673642e+03 1.056776e+04 1.448452e+04 2.204382e+04  
2.359095e-02 5.642658e+03 1.050948e+04 1.440411e+04 2.192048e+04  
2.391980e-02 5.610315e+03 1.044867e+04 1.432025e+04 2.179188e+04  
2.425323e-02 5.576635e+03 1.038537e+04 1.423297e+04 2.165810e+04  
2.459130e-02 5.541630e+03 1.031961e+04 1.414232e+04 2.151919e+04  
2.493409e-02 5.505317e+03 1.025142e+04 1.404833e+04 2.137522e+04  
2.528166e-02 5.467712e+03 1.018082e+04 1.395106e+04 2.122625e+04  
2.563407e-02 5.428838e+03 1.010786e+04 1.385056e+04 2.107238e+04  
2.599140e-02 5.388719e+03 1.003260e+04 1.374689e+04 2.091371e+04  
2.635371e-02 5.347386e+03 9.955074e+03 1.364014e+04 2.075035e+04  
2.672106e-02 5.304873e+03 9.875361e+03 1.353038e+04 2.058245e+04  
2.709354e-02 5.261212e+03 9.793517e+03 1.341772e+04 2.041012e+04  
2.747121e-02 5.216435e+03 9.709606e+03 1.330223e+04 2.023350e+04  
2.785414e-02 5.170581e+03 9.623696e+03 1.318400e+04 2.005274e+04  
2.824241e-02 5.123691e+03 9.535867e+03 1.306316e+04 1.986800e+04  
2.863610e-02 5.075811e+03 9.446207e+03 1.293981e+04 1.967947e+04  
2.903527e-02 5.026996e+03 9.354814e+03 1.281409e+04 1.948736e+04  
2.944000e-02 4.977301e+03 9.261797e+03 1.268616e+04 1.929189e+04  
2.985038e-02 4.926781e+03 9.167255e+03 1.255614e+04 1.909327e+04  
3.026648e-02 4.875483e+03 9.071277e+03 1.242417e+04 1.889169e+04  
3.068838e-02 4.823459e+03 8.973961e+03 1.229037e+04 1.868735e+04  
3.111616e-02 4.770766e+03 8.875413e+03 1.215490e+04 1.848047e+04  
3.154990e-02 4.717466e+03 8.775750e+03 1.201791e+04 1.827131e+04  
3.198969e-02 4.663628e+03 8.675101e+03 1.187957e+04 1.806013e+04  
3.243561e-02 4.609326e+03 8.573603e+03 1.174009e+04 1.784722e+04  
3.288774e-02 4.554631e+03 8.471388e+03 1.159964e+04 1.763284e+04  
3.334618e-02 4.499600e+03 8.368564e+03 1.145836e+04 1.741725e+04  
3.381101e-02 4.444297e+03 8.265249e+03 1.131642e+04 1.720066e+04  
3.428231e-02 4.388787e+03 8.161566e+03 1.117399e+04 1.698336e+04  
3.476019e-02 4.333144e+03 8.057652e+03 1.103126e+04 1.676561e+04  
3.524473e-02 4.277445e+03 7.953651e+03 1.088842e+04 1.654772e+04  
3.573602e-02 4.221774e+03 7.849719e+03 1.074569e+04 1.633003e+04  
3.623416e-02 4.166214e+03 7.746008e+03 1.060327e+04 1.611284e+04  
3.673925e-02 4.110830e+03 7.642643e+03 1.046135e+04 1.589642e+04  
3.725137e-02 4.055693e+03 7.539752e+03 1.032008e+04 1.568104e+04  
3.777064e-02 4.000875e+03 7.437472e+03 1.017967e+04 1.546698e+04  
3.829714e-02 3.946454e+03 7.335947e+03 1.004030e+04 1.525454e+04  
3.883098e-02 3.892513e+03 7.235331e+03 9.902195e+03 1.504405e+04  
3.937226e-02 3.839142e+03 7.135787e+03 9.765572e+03 1.483585e+04  
3.992109e-02 3.786420e+03 7.037468e+03 9.630640e+03 1.463025e+04  
4.047757e-02 3.734392e+03 6.940453e+03 9.497508e+03 1.442743e+04  
4.104181e-02 3.683093e+03 6.844807e+03 9.366266e+03 1.422751e+04  
4.161391e-02 3.632558e+03 6.750596e+03 9.237003e+03 1.403064e+04  
4.219398e-02 3.582824e+03 6.657886e+03 9.109810e+03 1.383696e+04  
4.278214e-02 3.533927e+03 6.566746e+03 8.984781e+03 1.364661e+04  
4.337850e-02 3.485904e+03 6.477243e+03 8.862009e+03 1.345973e+04  
4.398317e-02 3.438797e+03 6.389454e+03 8.741599e+03 1.327648e+04  
4.459628e-02 3.392668e+03 6.303494e+03 8.623707e+03 1.309711e+04  
4.521792e-02 3.347590e+03 6.219496e+03 8.508516e+03 1.292189e+04  
4.584824e-02 3.303637e+03 6.137598e+03 8.396215e+03 1.275111e+04  
4.648734e-02 3.260889e+03 6.057946e+03 8.287002e+03 1.258508e+04  
4.713535e-02 3.219427e+03 5.980689e+03 8.181083e+03 1.242411e+04  
4.779239e-02 3.179337e+03 5.905986e+03 8.078673e+03 1.226854e+04  
4.845859e-02 3.140685e+03 5.833955e+03 7.979937e+03 1.211862e+04  
4.913407e-02 3.103443e+03 5.764547e+03 7.884803e+03 1.197423e+04  
4.981898e-02 3.067555e+03 5.697653e+03 7.793125e+03 1.183517e+04  
5.051342e-02 3.032955e+03 5.633152e+03 7.704737e+03 1.170118e+04  
5.121755e-02 2.999568e+03 5.570904e+03 7.619448e+03 1.157196e+04  
5.193150e-02 2.967311e+03 5.510755e+03 7.537046e+03 1.144721e+04  
5.265540e-02 2.936093e+03 5.452538e+03 7.457302e+03 1.132657e+04  
5.338938e-02 2.905860e+03 5.396148e+03 7.380075e+03 1.120983e+04  
5.413360e-02 2.876575e+03 5.341517e+03 7.305271e+03 1.109686e+04  
5.488820e-02 2.848193e+03 5.288565e+03 7.232780e+03 1.098747e+04  
5.565331e-02 2.820668e+03 5.237200e+03 7.162477e+03 1.088149e+04  
5.642908e-02 2.793943e+03 5.187320e+03 7.094223e+03 1.077872e+04  
5.721568e-02 2.767957e+03 5.138810e+03 7.027860e+03 1.067890e+04  
5.801323e-02 2.742638e+03 5.091539e+03 6.963210e+03 1.058177e+04  
5.882190e-02 2.717909e+03 5.045361e+03 6.900074e+03 1.048703e+04  
5.964185e-02 2.693683e+03 5.000118e+03 6.838235e+03 1.039434e+04  
6.047322e-02 2.669864e+03 4.955631e+03 6.777450e+03 1.030335e+04  
6.131619e-02 2.646348e+03 4.911709e+03 6.717456e+03 1.021364e+04  
6.217090e-02 2.623017e+03 4.868135e+03 6.657960e+03 1.012478e+04  
6.303753e-02 2.599744e+03 4.824674e+03 6.598637e+03 1.003626e+04  
6.391624e-02 2.576387e+03 4.781068e+03 6.539137e+03 9.947542e+03  
6.480720e-02 2.552796e+03 4.737037e+03 6.479079e+03 9.858045e+03  
6.571058e-02 2.528807e+03 4.692285e+03 6.418054e+03 9.767139e+03  
6.662655e-02 2.504287e+03 4.646567e+03 6.355730e+03 9.674306e+03  
6.755528e-02 2.479124e+03 4.599679e+03 6.291825e+03 9.579114e+03  
6.849697e-02 2.453199e+03 4.551402e+03 6.226044e+03 9.481099e+03  
6.945178e-02 2.426383e+03 4.501504e+03 6.158065e+03 9.379761e+03  
7.041990e-02 2.398550e+03 4.449753e+03 6.087573e+03 9.274606e+03  
7.140151e-02 2.369617e+03 4.396002e+03 6.014366e+03 9.165314e+03  
7.239681e-02 2.339516e+03 4.340125e+03 5.938270e+03 9.051607e+03  
7.340598e-02 2.308172e+03 4.281989e+03 5.859103e+03 8.933193e+03  
7.442922e-02 2.275509e+03 4.221458e+03 5.776679e+03 8.809773e+03  
7.546673e-02 2.241501e+03 4.158486e+03 5.690933e+03 8.681236e+03  
7.651869e-02 2.206167e+03 4.093112e+03 5.601916e+03 8.547648e+03  
7.758532e-02 2.169532e+03 4.025381e+03 5.509692e+03 8.409095e+03  
7.866682e-02 2.131625e+03 3.955352e+03 5.414338e+03 8.265686e+03  
7.976339e-02 2.092510e+03 3.883143e+03 5.316014e+03 8.117657e+03  
8.087525e-02 2.052292e+03 3.808950e+03 5.214991e+03 7.965415e+03  
8.200261e-02 2.011092e+03 3.732995e+03 5.111569e+03 7.809417e+03  
8.314568e-02 1.969040e+03 3.655519e+03 5.006076e+03 7.650165e+03  
8.430468e-02 1.926283e+03 3.576789e+03 4.898881e+03 7.488221e+03  
8.547985e-02 1.882980e+03 3.497103e+03 4.790386e+03 7.324206e+03  
8.667139e-02 1.839309e+03 3.416781e+03 4.681032e+03 7.158798e+03  
8.787954e-02 1.795456e+03 3.336166e+03 4.571288e+03 6.992723e+03  
8.910453e-02 1.751605e+03 3.255596e+03 4.461614e+03 6.826692e+03  
9.034660e-02 1.707947e+03 3.175416e+03 4.352484e+03 6.661442e+03  
9.160598e-02 1.664686e+03 3.096001e+03 4.244408e+03 6.497767e+03  
9.288292e-02 1.622026e+03 3.017723e+03 4.137898e+03 6.336460e+03  
9.417766e-02 1.580160e+03 2.940930e+03 4.033428e+03 6.178263e+03  
9.549045e-02 1.539290e+03 2.865990e+03 3.931503e+03 6.023962e+03  
9.682153e-02 1.499633e+03 2.793297e+03 3.832659e+03 5.874397e+03  
9.817117e-02 1.461398e+03 2.723230e+03 3.737417e+03 5.730379e+03  
9.953962e-02 1.424743e+03 2.656075e+03 3.646166e+03 5.592520e+03  
1.009272e-01 1.389826e+03 2.592114e+03 3.559292e+03 5.461425e+03  
1.023340e-01 1.356811e+03 2.531644e+03 3.477200e+03 5.337734e+03  
1.037605e-01 1.325833e+03 2.474906e+03 3.400221e+03 5.221966e+03  
1.052069e-01 1.296936e+03 2.421977e+03 3.328460e+03 5.114293e+03  
1.066734e-01 1.270148e+03 2.372906e+03 3.261981e+03 5.014827e+03  
1.081604e-01 1.245494e+03 2.327732e+03 3.200840e+03 4.923663e+03  
1.096681e-01 1.222933e+03 2.286376e+03 3.144931e+03 4.840648e+03  
1.111968e-01 1.202342e+03 2.248611e+03 3.093941e+03 4.765306e+03  
1.127468e-01 1.183577e+03 2.214174e+03 3.047512e+03 4.697090e+03  
1.143184e-01 1.166474e+03 2.182765e+03 3.005234e+03 4.635372e+03  
1.159120e-01 1.150826e+03 2.154002e+03 2.966587e+03 4.579350e+03  
1.175277e-01 1.136394e+03 2.127449e+03 2.930975e+03 4.528101e+03  
1.191660e-01 1.122916e+03 2.102633e+03 2.897750e+03 4.480618e+03  
1.208271e-01 1.110134e+03 2.079084e+03 2.866269e+03 4.435898e+03  
1.225114e-01 1.097794e+03 2.056341e+03 2.835901e+03 4.392947e+03  
1.242191e-01 1.085620e+03 2.033903e+03 2.805961e+03 4.350690e+03  
1.259506e-01 1.073343e+03 2.011284e+03 2.775779e+03 4.308061e+03  
1.277063e-01 1.060726e+03 1.988056e+03 2.744769e+03 4.264126e+03  
1.294865e-01 1.047519e+03 1.963770e+03 2.712310e+03 4.217891e+03  
1.312915e-01 1.033488e+03 1.938004e+03 2.677822e+03 4.168414e+03  
1.331216e-01 1.018469e+03 1.910462e+03 2.640894e+03 4.115026e+03  
1.349772e-01 1.002297e+03 1.880851e+03 2.601119e+03 4.057057e+03  
1.368587e-01 9.848477e+02 1.848947e+03 2.558188e+03 3.993990e+03  
1.387665e-01 9.661038e+02 1.814722e+03 2.512056e+03 3.925735e+03  
1.407008e-01 9.460660e+02 1.778181e+03 2.462726e+03 3.852276e+03  
1.426621e-01 9.247970e+02 1.739438e+03 2.410355e+03 3.773846e+03  
1.446507e-01 9.024599e+02 1.698790e+03 2.355348e+03 3.691082e+03  
1.466671e-01 8.792424e+02 1.656577e+03 2.298173e+03 3.604727e+03  
1.487115e-01 8.553739e+02 1.613216e+03 2.239401e+03 3.515688e+03  
1.507845e-01 8.311237e+02 1.569191e+03 2.179701e+03 3.425039e+03  
1.528864e-01 8.067816e+02 1.525025e+03 2.119793e+03 3.333933e+03  
1.550175e-01 7.826497e+02 1.481262e+03 2.060426e+03 3.243575e+03  
1.571784e-01 7.590498e+02 1.438481e+03 2.002394e+03 3.155243e+03  
1.593694e-01 7.362851e+02 1.397224e+03 1.946447e+03 3.070140e+03  
1.615909e-01 7.146233e+02 1.357971e+03 1.893243e+03 2.989325e+03  
1.638434e-01 6.943246e+02 1.321186e+03 1.843421e+03 2.913825e+03  
1.661273e-01 6.755514e+02 1.287158e+03 1.797375e+03 2.844276e+03  
1.684430e-01 6.584351e+02 1.256119e+03 1.755427e+03 2.781195e+03  
1.707910e-01 6.430190e+02 1.228142e+03 1.717675e+03 2.724751e+03  
1.731717e-01 6.292610e+02 1.203147e+03 1.684013e+03 2.674779e+03  
1.755856e-01 6.170683e+02 1.180967e+03 1.654208e+03 2.630918e+03  
1.780332e-01 6.062563e+02 1.161266e+03 1.627802e+03 2.592447e+03  
1.805149e-01 5.966093e+02 1.143656e+03 1.604264e+03 2.558521e+03  
1.830312e-01 5.878774e+02 1.127687e+03 1.582976e+03 2.528161e+03  
1.855825e-01 5.797863e+02 1.112869e+03 1.563264e+03 2.500289e+03  
1.881694e-01 5.720434e+02 1.098676e+03 1.544406e+03 2.473745e+03  
1.907924e-01 5.643392e+02 1.084556e+03 1.525640e+03 2.447297e+03  
1.934520e-01 5.563840e+02 1.069990e+03 1.506251e+03 2.419783e+03  
1.961486e-01 5.478986e+02 1.054482e+03 1.485549e+03 2.390074e+03  
1.988828e-01 5.386787e+02 1.037667e+03 1.463031e+03 2.357339e+03  
2.016551e-01 5.285751e+02 1.019280e+03 1.438328e+03 2.320964e+03  
2.044661e-01 5.175433e+02 9.992451e+02 1.411329e+03 2.280758e+03  
2.073162e-01 5.056173e+02 9.776238e+02 1.382121e+03 2.236851e+03  
2.102061e-01 4.929333e+02 9.546615e+02 1.351041e+03 2.189791e+03  
2.131362e-01 4.796933e+02 9.307200e+02 1.318589e+03 2.140393e+03  
2.161073e-01 4.661414e+02 9.062363e+02 1.285371e+03 2.089648e+03  
2.191197e-01 4.525458e+02 8.816882e+02 1.252048e+03 2.038637e+03  
2.221741e-01 4.391750e+02 8.575541e+02 1.219281e+03 1.988445e+03  
2.252711e-01 4.262942e+02 8.343045e+02 1.187721e+03 1.940132e+03  
2.284112e-01 4.141459e+02 8.123691e+02 1.157960e+03 1.894667e+03  
2.315951e-01 4.029172e+02 7.920774e+02 1.130453e+03 1.852787e+03  
2.348235e-01 3.927255e+02 7.736351e+02 1.105484e+03 1.814954e+03  
2.380968e-01 3.835925e+02 7.570776e+02 1.083099e+03 1.781247e+03  
2.414157e-01 3.754676e+02 7.423125e+02 1.063171e+03 1.751461e+03  
2.447809e-01 3.682223e+02 7.291093e+02 1.045384e+03 1.725083e+03  
2.481930e-01 3.616832e+02 7.171593e+02 1.029312e+03 1.701427e+03  
2.516527e-01 3.556398e+02 7.060888e+02 1.014439e+03 1.679657e+03  
2.551606e-01 3.498560e+02 6.954791e+02 1.000190e+03 1.658837e+03  
2.587174e-01 3.440853e+02 6.848943e+02 9.859605e+02 1.637984e+03  
2.623238e-01 3.380901e+02 6.739148e+02 9.711720e+02 1.616148e+03  
2.659804e-01 3.316942e+02 6.622300e+02 9.553942e+02 1.592625e+03  
2.696881e-01 3.248036e+02 6.496754e+02 9.383991e+02 1.567038e+03  
2.734474e-01 3.174305e+02 6.362739e+02 9.202185e+02 1.539440e+03  
2.772591e-01 3.096719e+02 6.221984e+02 9.010917e+02 1.510224e+03  
2.811239e-01 3.016734e+02 6.077073e+02 8.813770e+02 1.479981e+03  
2.850426e-01 2.936061e+02 5.931026e+02 8.614929e+02 1.449399e+03  
2.890160e-01 2.856475e+02 5.786973e+02 8.418722e+02 1.419189e+03  
2.930447e-01 2.779718e+02 5.647974e+02 8.229378e+02 1.390043e+03  
2.971296e-01 2.707386e+02 5.516820e+02 8.050744e+02 1.362589e+03  
3.012714e-01 2.640705e+02 5.395647e+02 7.885758e+02 1.337303e+03  
3.054710e-01 2.580130e+02 5.285230e+02 7.735477e+02 1.314355e+03  
3.097291e-01 2.525271e+02 5.184864e+02 7.598924e+02 1.293584e+03  
3.140465e-01 2.475029e+02 5.092609e+02 7.473423e+02 1.274555e+03  
3.184242e-01 2.427914e+02 5.005841e+02 7.355356e+02 1.256680e+03  
3.228628e-01 2.382439e+02 4.921959e+02 7.241142e+02 1.239377e+03  
3.273634e-01 2.337252e+02 4.838594e+02 7.127517e+02 1.222116e+03  
3.319266e-01 2.291121e+02 4.753599e+02 7.011530e+02 1.204420e+03  
3.365535e-01 2.243178e+02 4.665467e+02 6.891107e+02 1.185953e+03  
3.412449e-01 2.193184e+02 4.573792e+02 6.765701e+02 1.166630e+03  
3.460016e-01 2.141576e+02 4.479348e+02 6.636385e+02 1.146629e+03  
3.508247e-01 2.089338e+02 4.383858e+02 6.505539e+02 1.126340e+03  
3.557150e-01 2.037718e+02 4.289494e+02 6.376159e+02 1.106251e+03  
3.606735e-01 1.987811e+02 4.198156e+02 6.250856e+02 1.086785e+03  
3.657011e-01 1.940385e+02 4.111172e+02 6.131450e+02 1.068236e+03  
3.707988e-01 1.895923e+02 4.029363e+02 6.019061e+02 1.050782e+03  
3.759675e-01 1.854551e+02 3.952935e+02 5.913965e+02 1.034466e+03  
3.812083e-01 1.815945e+02 3.881316e+02 5.815369e+02 1.019157e+03  
3.865221e-01 1.779347e+02 3.813187e+02 5.721464e+02 1.004564e+03  
3.919100e-01 1.743810e+02 3.746907e+02 5.630002e+02 9.903270e+02  
3.973730e-01 1.708527e+02 3.681084e+02 5.539082e+02 9.761420e+02  
4.029122e-01 1.672969e+02 3.614813e+02 5.447471e+02 9.618139e+02  
4.085286e-01 1.636915e+02 3.547717e+02 5.354659e+02 9.472644e+02  
4.142232e-01 1.600467e+02 3.479980e+02 5.260910e+02 9.325386e+02  
4.199973e-01 1.564067e+02 3.412364e+02 5.167267e+02 9.178055e+02  
4.258518e-01 1.528353e+02 3.345963e+02 5.075227e+02 9.033044e+02  
4.317880e-01 1.493893e+02 3.281746e+02 4.986109e+02 8.892445e+02  
4.378069e-01 1.460976e+02 3.220202e+02 4.900574e+02 8.757293e+02  
4.439097e-01 1.429697e+02 3.161484e+02 4.818824e+02 8.627889e+02  
4.500975e-01 1.399939e+02 3.105386e+02 4.740576e+02 8.503773e+02  
4.563716e-01 1.371348e+02 3.051296e+02 4.664995e+02 8.383622e+02  
4.627332e-01 1.343419e+02 2.998358e+02 4.590921e+02 8.265621e+02  
4.691835e-01 1.315791e+02 2.945957e+02 4.517525e+02 8.148480e+02  
4.757236e-01 1.288294e+02 2.893807e+02 4.444424e+02 8.031624e+02  
4.823549e-01 1.260924e+02 2.841905e+02 4.371621e+02 7.915073e+02  
4.890787e-01 1.233862e+02 2.790557e+02 4.299531e+02 7.799487e+02  
4.958962e-01 1.207356e+02 2.740184e+02 4.228722e+02 7.685754e+02  
5.028087e-01 1.181707e+02 2.691289e+02 4.159871e+02 7.574913e+02  
5.098176e-01 1.157004e+02 2.644014e+02 4.093166e+02 7.467245e+02  
5.169242e-01 1.133209e+02 2.598294e+02 4.028515e+02 7.362600e+02  
5.241298e-01 1.110190e+02 2.553901e+02 3.965613e+02 7.260504e+02  
5.314359e-01 1.087783e+02 2.510560e+02 3.904089e+02 7.160390e+02  
5.388438e-01 1.065751e+02 2.467877e+02 3.843419e+02 7.061472e+02  
5.463550e-01 1.044015e+02 2.425719e+02 3.783429e+02 6.963491e+02  
5.539709e-01 1.022632e+02 2.384182e+02 3.724248e+02 6.866652e+02  
5.616930e-01 1.001652e+02 2.343349e+02 3.665988e+02 6.771129e+02  
5.695227e-01 9.811731e+01 2.303381e+02 3.608863e+02 6.677239e+02  
5.774615e-01 9.613185e+01 2.264478e+02 3.553134e+02 6.585368e+02  
5.855110e-01 9.420637e+01 2.226596e+02 3.498743e+02 6.495423e+02  
5.936727e-01 9.233257e+01 2.189598e+02 3.445507e+02 6.407130e+02  
6.019482e-01 9.050526e+01 2.153395e+02 3.393310e+02 6.320318e+02  
6.103390e-01 8.871628e+01 2.117855e+02 3.341976e+02 6.234730e+02  
6.188468e-01 8.695849e+01 2.082860e+02 3.291354e+02 6.150151e+02  
6.274732e-01 8.523719e+01 2.048496e+02 3.241557e+02 6.066745e+02  
6.362198e-01 8.355522e+01 2.014808e+02 3.192642e+02 5.984596e+02  
6.450884e-01 8.191506e+01 1.981835e+02 3.144659e+02 5.903770e+02  
6.540806e-01 8.031758e+01 1.949588e+02 3.097622e+02 5.824286e+02  
6.631981e-01 7.876025e+01 1.918025e+02 3.051476e+02 5.746060e+02  
6.724427e-01 7.723974e+01 1.887091e+02 3.006148e+02 5.668991e+02  
6.818162e-01 7.575122e+01 1.856708e+02 2.961539e+02 5.592937e+02  
6.913204e-01 7.429448e+01 1.826872e+02 2.917643e+02 5.517890e+02  
7.009570e-01 7.287018e+01 1.797592e+02 2.874471e+02 5.443865e+02  
7.107280e-01 7.147888e+01 1.768877e+02 2.832033e+02 5.370872e+02  
7.206351e-01 7.012020e+01 1.740717e+02 2.790318e+02 5.298895e+02  
7.306804e-01 6.879290e+01 1.713093e+02 2.749299e+02 5.227895e+02  
7.408657e-01 6.749561e+01 1.685982e+02 2.708947e+02 5.157830e+02  
7.511929e-01 6.622698e+01 1.659362e+02 2.669234e+02 5.088660e+02  
7.616642e-01 6.498637e+01 1.633222e+02 2.630145e+02 5.020365e+02  
7.722814e-01 6.377328e+01 1.607552e+02 2.591668e+02 4.952926e+02  
7.830465e-01 6.258709e+01 1.582343e+02 2.553790e+02 4.886324e+02  
7.939618e-01 6.142715e+01 1.557582e+02 2.516495e+02 4.820538e+02  
8.050292e-01 6.029282e+01 1.533260e+02 2.479770e+02 4.755547e+02  
8.162509e-01 5.918335e+01 1.509363e+02 2.443599e+02 4.691328e+02  
8.276289e-01 5.809790e+01 1.485878e+02 2.407964e+02 4.627858e+02  
8.391656e-01 5.703591e+01 1.462795e+02 2.372853e+02 4.565119e+02  
8.508632e-01 5.599685e+01 1.440105e+02 2.338254e+02 4.503094e+02  
8.627237e-01 5.498012e+01 1.417798e+02 2.304155e+02 4.441765e+02  
8.747496e-01 5.398511e+01 1.395865e+02 2.270542e+02 4.381115e+02  
8.869432e-01 5.301130e+01 1.374296e+02 2.237404e+02 4.321129e+02  
8.993067e-01 5.205813e+01 1.353082e+02 2.204730e+02 4.261790e+02  
9.118425e-01 5.112496e+01 1.332213e+02 2.172508e+02 4.203081e+02  
9.245531e-01 5.021128e+01 1.311680e+02 2.140725e+02 4.144988e+02  
9.374409e-01 4.931665e+01 1.291476e+02 2.109373e+02 4.087498e+02  
9.505083e-01 4.844058e+01 1.271593e+02 2.078443e+02 4.030595e+02  
9.637579e-01 4.758256e+01 1.252022e+02 2.047923e+02 3.974273e+02  
9.771921e-01 4.674214e+01 1.232757e+02 2.017805e+02 3.918516e+02  
9.908137e-01 4.591888e+01 1.213791e+02 1.988080e+02 3.863313e+02  
1.004625e+00 4.511225e+01 1.195114e+02 1.958738e+02 3.808651e+02  
1.018629e+00 4.432180e+01 1.176720e+02 1.929770e+02 3.754520e+02  
1.032828e+00 4.354717e+01 1.158603e+02 1.901168e+02 3.700914e+02  
1.047225e+00 4.278797e+01 1.140756e+02 1.872927e+02 3.647820e+02  
1.061823e+00 4.204375e+01 1.123173e+02 1.845036e+02 3.595225e+02  
1.076624e+00 4.131417e+01 1.105849e+02 1.817490e+02 3.543125e+02  
1.091632e+00 4.059888e+01 1.088777e+02 1.790282e+02 3.491513e+02  
1.106848e+00 3.989749e+01 1.071951e+02 1.763405e+02 3.440380e+02  
1.122277e+00 3.920961e+01 1.055367e+02 1.736853e+02 3.389719e+02  
1.137921e+00 3.853496e+01 1.039019e+02 1.710618e+02 3.339521e+02  
1.153783e+00 3.787320e+01 1.022901e+02 1.684697e+02 3.289786e+02  
1.169866e+00 3.722399e+01 1.007010e+02 1.659082e+02 3.240505e+02  
1.186174e+00 3.658701e+01 9.913395e+01 1.633769e+02 3.191672e+02  
1.202708e+00 3.596196e+01 9.758857e+01 1.608752e+02 3.143282e+02  
1.219473e+00 3.534854e+01 9.606439e+01 1.584026e+02 3.095331e+02  
1.236472e+00 3.474639e+01 9.456089e+01 1.559586e+02 3.047814e+02  
1.253708e+00 3.415527e+01 9.307773e+01 1.535427e+02 3.000727e+02  
1.271184e+00 3.357495e+01 9.161454e+01 1.511545e+02 2.954067e+02  
1.288904e+00 3.300517e+01 9.017093e+01 1.487937e+02 2.907831e+02  
1.306870e+00 3.244565e+01 8.874652e+01 1.464598e+02 2.862015e+02  
1.325087e+00 3.189617e+01 8.734098e+01 1.441525e+02 2.816619e+02  
1.343558e+00 3.135646e+01 8.595394e+01 1.418713e+02 2.771638e+02  
1.362287e+00 3.082626e+01 8.458502e+01 1.396160e+02 2.727070e+02  
1.381276e+00 3.030534e+01 8.323391e+01 1.373861e+02 2.682915e+02  
1.400531e+00 2.979351e+01 8.190034e+01 1.351813e+02 2.639171e+02  
1.420053e+00 2.929056e+01 8.058400e+01 1.330014e+02 2.595836e+02  
1.439848e+00 2.879627e+01 7.928460e+01 1.308461e+02 2.552909e+02  
1.459919e+00 2.831045e+01 7.800189e+01 1.287151e+02 2.510390e+02  
1.480269e+00 2.783292e+01 7.673560e+01 1.266082e+02 2.468278e+02  
1.500903e+00 2.736347e+01 7.548546e+01 1.245250e+02 2.426574e+02  
1.521825e+00 2.690191e+01 7.425122e+01 1.224654e+02 2.385275e+02  
1.543038e+00 2.644807e+01 7.303265e+01 1.204291e+02 2.344384e+02  
1.564548e+00 2.600177e+01 7.182953e+01 1.184159e+02 2.303899e+02  
1.586357e+00 2.556283e+01 7.064161e+01 1.164255e+02 2.263821e+02  
1.608469e+00 2.513110e+01 6.946868e+01 1.144579e+02 2.224151e+02  
1.630891e+00 2.470642e+01 6.831057e+01 1.125128e+02 2.184889e+02  
1.653624e+00 2.428864e+01 6.716706e+01 1.105900e+02 2.146036e+02  
1.676675e+00 2.390204e+01 6.603796e+01 1.086894e+02 2.107592e+02  
1.700047e+00 2.347318e+01 6.492311e+01 1.068107e+02 2.069559e+02  
1.723745e+00 2.307523e+01 6.382232e+01 1.049539e+02 2.031938e+02  
1.747773e+00 2.268360e+01 6.273542e+01 1.031188e+02 1.994730e+02  
1.772136e+00 2.229818e+01 6.166225e+01 1.013053e+02 1.957935e+02  
1.796838e+00 2.191884e+01 6.060266e+01 9.951317e+01 1.921554e+02  
1.821885e+00 2.154545e+01 5.955649e+01 9.774233e+01 1.885590e+02  
1.847281e+00 2.117789e+01 5.852358e+01 9.599265e+01 1.850043e+02  
1.873032e+00 2.081604e+01 5.750381e+01 9.426402e+01 1.814915e+02  
1.899141e+00 2.045979e+01 5.649704e+01 9.255631e+01 1.780205e+02  
1.925614e+00 2.010903e+01 5.550312e+01 9.086942e+01 1.745917e+02  
1.952456e+00 1.976364e+01 5.452192e+01 8.920324e+01 1.712049e+02  
1.979672e+00 1.942354e+01 5.355334e+01 8.755766e+01 1.678605e+02  
2.007267e+00 1.908863e+01 5.259725e+01 8.593260e+01 1.645584e+02  
2.035248e+00 1.875880e+01 5.165352e+01 8.432795e+01 1.612988e+02  
2.063618e+00 1.843396e+01 5.072206e+01 8.274362e+01 1.580817e+02  
2.092383e+00 1.811404e+01 4.980275e+01 8.117952e+01 1.549073e+02  
2.121550e+00 1.779893e+01 4.889548e+01 7.963557e+01 1.517755e+02  
2.151123e+00 1.748856e+01 4.800015e+01 7.811167e+01 1.486864e+02  
2.181109e+00 1.718284e+01 4.711666e+01 7.660774e+01 1.456401e+02  
2.211512e+00 1.688168e+01 4.624490e+01 7.512370e+01 1.426366e+02  
2.242340e+00 1.658502e+01 4.538478e+01 7.365946e+01 1.396759e+02  
2.273597e+00 1.629275e+01 4.453621e+01 7.221494e+01 1.367581e+02  
2.305289e+00 1.600483e+01 4.369908e+01 7.079007e+01 1.338830e+02  
2.337424e+00 1.572119e+01 4.287332e+01 6.938475e+01 1.310506e+02  
2.370006e+00 1.544174e+01 4.205883e+01 6.799891e+01 1.282609e+02  
2.403043e+00 1.516643e+01 4.125553e+01 6.663247e+01 1.255139e+02  
2.436540e+00 1.489519e+01 4.046333e+01 6.528535e+01 1.228094e+02  
2.470504e+00 1.462796e+01 3.968214e+01 6.395746e+01 1.201475e+02  
2.504942e+00 1.436467e+01 3.891190e+01 6.264873e+01 1.175278e+02  
2.539859e+00 1.410528e+01 3.815250e+01 6.135907e+01 1.149504e+02  
2.575263e+00 1.384971e+01 3.740387e+01 6.008840e+01 1.124151e+02  
2.611161e+00 1.359792e+01 3.666594e+01 5.883662e+01 1.099216e+02  
2.647559e+00 1.334985e+01 3.593862e+01 5.760364e+01 1.074698e+02  
2.684465e+00 1.310545e+01 3.522183e+01 5.638939e+01 1.050596e+02  
2.721885e+00 1.286466e+01 3.451550e+01 5.519377e+01 1.026906e+02  
2.759826e+00 1.262743e+01 3.381955e+01 5.401668e+01 1.003626e+02  
2.798297e+00 1.239372e+01 3.313391e+01 5.285803e+01 9.807550e+01  
2.837304e+00 1.216348e+01 3.245849e+01 5.171772e+01 9.582888e+01  
2.876854e+00 1.193666e+01 3.179322e+01 5.059562e+01 9.362251e+01  
2.916956e+00 1.171321e+01 3.113804e+01 4.949170e+01 9.145608e+01  
2.957617e+00 1.149310e+01 3.049284e+01 4.840578e+01 8.932928e+01  
2.998844e+00 1.127628e+01 2.985758e+01 4.733778e+01 8.724178e+01  
3.040646e+00 1.106271e+01 2.923217e+01 4.628757e+01 8.519324e+01  
3.083031e+00 1.085235e+01 2.861653e+01 4.525505e+01 8.318332e+01  
3.126007e+00 1.064515e+01 2.801060e+01 4.424009e+01 8.121164e+01  
3.169582e+00 1.044107e+01 2.741431e+01 4.324257e+01 7.927784e+01  
3.213764e+00 1.024009e+01 2.682755e+01 4.226236e+01 7.738152e+01  
3.258562e+00 1.004216e+01 2.625028e+01 4.129933e+01 7.552228e+01  
3.303985e+00 9.847240e+00 2.568241e+01 4.035334e+01 7.369973e+01  
3.350041e+00 9.655301e+00 2.512386e+01 3.942427e+01 7.191380e+01  
3.396739e+00 9.466299e+00 2.457456e+01 3.851196e+01 7.016302e+01  
3.444087e+00 9.280211e+00 2.403443e+01 3.761627e+01 6.844769e+01  
3.492096e+00 9.097004e+00 2.350340e+01 3.673706e+01 6.676761e+01  
3.540774e+00 8.916632e+00 2.298139e+01 3.587417e+01 6.512248e+01  
3.590130e+00 8.739069e+00 2.246832e+01 3.502744e+01 6.351108e+01  
3.640175e+00 8.564282e+00 2.196411e+01 3.419673e+01 6.193332e+01  
3.690917e+00 8.392240e+00 2.146868e+01 3.338187e+01 6.038875e+01  
3.742366e+00 8.222910e+00 2.098196e+01 3.258269e+01 5.887690e+01  
3.794533e+00 8.056262e+00 2.050386e+01 3.179902e+01 5.739732e+01  
3.847427e+00 7.892266e+00 2.003430e+01 3.103071e+01 5.594953e+01  
3.901058e+00 7.730891e+00 1.957320e+01 3.027761e+01 5.453307e+01  
3.955436e+00 7.572108e+00 1.912049e+01 2.953948e+01 5.314747e+01  
4.010573e+00 7.415888e+00 1.867606e+01 2.881613e+01 5.179227e+01  
4.066478e+00 7.262201e+00 1.823985e+01 2.810741e+01 5.046697e+01  
4.123163e+00 7.111019e+00 1.781177e+01 2.741320e+01 4.917113e+01  
4.180637e+00 6.962314e+00 1.739173e+01 2.673332e+01 4.790426e+01  
4.238913e+00 6.816059e+00 1.697964e+01 2.606749e+01 4.666589e+01  
4.298001e+00 6.672225e+00 1.657542e+01 2.541556e+01 4.545555e+01  
4.357913e+00 6.530785e+00 1.617899e+01 2.486833e+01 4.427278e+01  
4.418660e+00 6.391711e+00 1.579025e+01 2.415268e+01 4.311710e+01  
4.480254e+00 6.254978e+00 1.540912e+01 2.354134e+01 4.198804e+01  
4.542706e+00 6.120558e+00 1.503550e+01 2.294316e+01 4.088515e+01  
4.606029e+00 5.988424e+00 1.466932e+01 2.235793e+01 3.980796e+01  
4.670234e+00 5.858552e+00 1.431046e+01 2.178546e+01 3.875600e+01  
4.735335e+00 5.730914e+00 1.395884e+01 2.122556e+01 3.772883e+01  
4.801343e+00 5.605485e+00 1.361438e+01 2.067805e+01 3.672597e+01  
4.868271e+00 5.482239e+00 1.327697e+01 2.014271e+01 3.574732e+01  
4.936132e+00 5.361151e+00 1.294654e+01 1.961937e+01 3.479144e+01  
5.004939e+00 5.242195e+00 1.262299e+01 1.910782e+01 3.385887e+01  
5.074705e+00 5.125347e+00 1.230621e+01 1.860788e+01 3.294883e+01  
5.145444e+00 5.010582e+00 1.199612e+01 1.811935e+01 3.206090e+01  
5.217169e+00 4.897874e+00 1.169262e+01 1.764203e+01 3.119462e+01  
5.289893e+00 4.787199e+00 1.139563e+01 1.717575e+01 3.034959e+01  
5.363631e+00 4.678532e+00 1.110503e+01 1.672028e+01 2.952536e+01  
5.438397e+00 4.571850e+00 1.082075e+01 1.627546e+01 2.872153e+01  
5.514206e+00 4.467130e+00 1.054268e+01 1.584111e+01 2.793767e+01  
5.591071e+00 4.364343e+00 1.027073e+01 1.541703e+01 2.717337e+01  
5.669007e+00 4.263465e+00 1.000480e+01 1.500302e+01 2.642823e+01  
5.748030e+00 4.164480e+00 9.744801e+00 1.459890e+01 2.570184e+01  
5.828155e+00 4.067358e+00 9.490635e+00 1.420450e+01 2.499381e+01  
5.909396e+00 3.966836e+00 9.242207e+00 1.381961e+01 2.430375e+01  
5.991770e+00 3.878612e+00 8.999423e+00 1.344407e+01 2.363151e+01  
6.075292e+00 3.786941e+00 8.762189e+00 1.307769e+01 2.297596e+01  
6.159978e+00 3.697042e+00 8.530410e+00 1.272030e+01 2.233747e+01  
6.245845e+00 3.608890e+00 8.303995e+00 1.237171e+01 2.171544e+01  
6.332908e+00 3.522462e+00 8.082850e+00 1.203175e+01 2.110950e+01  
6.421186e+00 3.437736e+00 7.866882e+00 1.170025e+01 2.051929e+01  
6.510694e+00 3.354689e+00 7.656001e+00 1.137703e+01 1.994445e+01  
6.601449e+00 3.273298e+00 7.450119e+00 1.106192e+01 1.938462e+01  
6.693470e+00 3.193540e+00 7.249135e+00 1.075485e+01 1.883947e+01  
6.786773e+00 3.115394e+00 7.052960e+00 1.045538e+01 1.830867e+01  
6.881377e+00 3.038836e+00 6.861510e+00 1.016354e+01 1.779188e+01  
6.977300e+00 2.963845e+00 6.674694e+00 9.879309e+00 1.728877e+01  
7.074559e+00 2.890397e+00 6.492421e+00 9.602292e+00 1.679904e+01  
7.173175e+00 2.818472e+00 6.314600e+00 9.332411e+00 1.632233e+01  
7.273165e+00 2.748047e+00 6.141148e+00 9.069509e+00 1.585834e+01  
7.374549e+00 2.679100e+00 5.971978e+00 8.813437e+00 1.540681e+01  
7.477346e+00 2.611610e+00 5.807003e+00 8.564038e+00 1.496743e+01  
7.581576e+00 2.545555e+00 5.646138e+00 8.321162e+00 1.453988e+01  
7.687260e+00 2.480912e+00 5.489304e+00 8.084663e+00 1.412326e+01  
7.794416e+00 2.417662e+00 5.336418e+00 7.854405e+00 1.371916e+01  
7.903066e+00 2.355782e+00 5.187399e+00 7.630236e+00 1.332544e+01  
8.013230e+00 2.295250e+00 5.042165e+00 7.412018e+00 1.294245e+01  
8.124930e+00 2.236046e+00 4.900637e+00 7.199516e+00 1.256991e+01  
8.238187e+00 2.178151e+00 4.762734e+00 6.992889e+00 1.220757e+01  
8.353023e+00 2.121539e+00 4.628378e+00 6.791814e+00 1.185521e+01  
8.469460e+00 2.066193e+00 4.497491e+00 6.595943e+00 1.151250e+01  
8.587519e+00 2.012092e+00 4.369997e+00 6.405469e+00 1.117926e+01  
8.707225e+00 1.959213e+00 4.245822e+00 6.220147e+00 1.085523e+01  
8.828599e+00 1.907538e+00 4.124892e+00 6.039852e+00 1.054019e+01  
8.951665e+00 1.857046e+00 4.007147e+00 5.864476e+00 1.023390e+01  
9.076446e+00 1.807715e+00 3.892486e+00 5.693903e+00 9.936124e+00  
9.202967e+00 1.759529e+00 3.780871e+00 5.528002e+00 9.646658e+00  
9.331251e+00 1.712472e+00 3.672223e+00 5.366662e+00 9.365283e+00  
9.461324e+00 1.666498e+00 3.566474e+00 5.209771e+00 9.091788e+00  
9.593209e+00 1.621617e+00 3.463555e+00 5.057186e+00 8.825970e+00  
9.726934e+00 1.577799e+00 3.363400e+00 4.908894e+00 8.567614e+00  
9.862522e+00 1.535024e+00 3.265941e+00 4.764742e+00 8.316562e+00  
1.000000e+01 1.493274e+00 3.171114e+00 4.624518e+00 8.072588e+00  
