1.000000e-02 4.051639e+03 7.585719e+03 1.041877e+04 1.587318e+04  
1.013939e-02 4.074971e+03 7.629225e+03 1.047835e+04 1.596353e+04  
1.028073e-02 4.098009e+03 7.672177e+03 1.053716e+04 1.605270e+04  
1.042404e-02 4.120743e+03 7.714555e+03 1.059518e+04 1.614066e+04  
1.056935e-02 4.143161e+03 7.756335e+03 1.065238e+04 1.622735e+04  
1.071668e-02 4.165250e+03 7.797496e+03 1.070872e+04 1.631272e+04  
1.086606e-02 4.187000e+03 7.838017e+03 1.076418e+04 1.639674e+04  
1.101753e-02 4.208398e+03 7.877874e+03 1.081872e+04 1.647936e+04  
1.117111e-02 4.229431e+03 7.917041e+03 1.087231e+04 1.656051e+04  
1.132683e-02 4.250084e+03 7.955494e+03 1.092492e+04 1.664016e+04  
1.148472e-02 4.270346e+03 7.993208e+03 1.097650e+04 1.671824e+04  
1.164481e-02 4.290202e+03 8.030157e+03 1.102703e+04 1.679471e+04  
1.180713e-02 4.309639e+03 8.066318e+03 1.107647e+04 1.686951e+04  
1.197171e-02 4.328644e+03 8.101666e+03 1.112479e+04 1.694259e+04  
1.213859e-02 4.347205e+03 8.136175e+03 1.117196e+04 1.701391e+04  
1.230780e-02 4.365308e+03 8.169823e+03 1.121794e+04 1.708341e+04  
1.247936e-02 4.382940e+03 8.202584e+03 1.126269e+04 1.715103e+04  
1.265332e-02 4.400089e+03 8.234435e+03 1.130620e+04 1.721674e+04  
1.282970e-02 4.416742e+03 8.265354e+03 1.134841e+04 1.728049e+04  
1.300854e-02 4.432887e+03 8.295317e+03 1.138931e+04 1.734222e+04  
1.318987e-02 4.448513e+03 8.324302e+03 1.142886e+04 1.740189e+04  
1.337373e-02 4.463607e+03 8.352286e+03 1.146704e+04 1.745945e+04  
1.356015e-02 4.478153e+03 8.379240e+03 1.150379e+04 1.751485e+04  
1.374917e-02 4.492138e+03 8.405138e+03 1.153909e+04 1.756802e+04  
1.394083e-02 4.505546e+03 8.429952e+03 1.157290e+04 1.761891e+04  
1.413516e-02 4.518364e+03 8.453656e+03 1.160518e+04 1.766747e+04  
1.433219e-02 4.530577e+03 8.476223e+03 1.163589e+04 1.771364e+04  
1.453198e-02 4.542172e+03 8.497629e+03 1.166501e+04 1.775737e+04  
1.473454e-02 4.553136e+03 8.517847e+03 1.169249e+04 1.779861e+04  
1.493993e-02 4.563454e+03 8.536854e+03 1.171830e+04 1.783730e+04  
1.514819e-02 4.573116e+03 8.554626e+03 1.174242e+04 1.787340e+04  
1.535935e-02 4.582107e+03 8.571139e+03 1.176480e+04 1.790685e+04  
1.557345e-02 4.590416e+03 8.586371e+03 1.178542e+04 1.793762e+04  
1.579053e-02 4.598033e+03 8.600302e+03 1.180425e+04 1.796566e+04  
1.601064e-02 4.604946e+03 8.612912e+03 1.182126e+04 1.799093e+04  
1.623382e-02 4.611145e+03 8.624182e+03 1.183643e+04 1.801339e+04  
1.646012e-02 4.616619e+03 8.634089e+03 1.184972e+04 1.803300e+04  
1.668956e-02 4.621354e+03 8.642610e+03 1.186111e+04 1.804970e+04  
1.692220e-02 4.625340e+03 8.649725e+03 1.187057e+04 1.806346e+04  
1.715809e-02 4.628566e+03 8.655415e+03 1.187806e+04 1.807423e+04  
1.739726e-02 4.631022e+03 8.659659e+03 1.188357e+04 1.808198e+04  
1.763977e-02 4.632700e+03 8.662444e+03 1.188707e+04 1.808667e+04  
1.788566e-02 4.633591e+03 8.663751e+03 1.188854e+04 1.808827e+04  
1.813498e-02 4.633684e+03 8.663564e+03 1.188796e+04 1.808674e+04  
1.838777e-02 4.632972e+03 8.661865e+03 1.188530e+04 1.808206e+04  
1.864409e-02 4.631443e+03 8.658637e+03 1.188054e+04 1.807418e+04  
1.890397e-02 4.629092e+03 8.653866e+03 1.187366e+04 1.806307e+04  
1.916748e-02 4.625911e+03 8.647540e+03 1.186464e+04 1.804872e+04  
1.943467e-02 4.621895e+03 8.639648e+03 1.185347e+04 1.803109e+04  
1.970558e-02 4.617039e+03 8.630183e+03 1.184015e+04 1.801019e+04  
1.998026e-02 4.611339e+03 8.619136e+03 1.182465e+04 1.798598e+04  
2.025878e-02 4.604789e+03 8.606498e+03 1.180696e+04 1.795845e+04  
2.054117e-02 4.597388e+03 8.592265e+03 1.178708e+04 1.792759e+04  
2.082751e-02 4.589132e+03 8.576432e+03 1.176501e+04 1.789339e+04  
2.111783e-02 4.580023e+03 8.559000e+03 1.174074e+04 1.785587e+04  
2.141220e-02 4.570061e+03 8.539972e+03 1.171429e+04 1.781501e+04  
2.171068e-02 4.559249e+03 8.519355e+03 1.168565e+04 1.777085e+04  
2.201331e-02 4.547590e+03 8.497149e+03 1.165483e+04 1.772338e+04  
2.232016e-02 4.535080e+03 8.473355e+03 1.162183e+04 1.767260e+04  
2.263130e-02 4.521723e+03 8.447972e+03 1.158665e+04 1.761851e+04  
2.294676e-02 4.507518e+03 8.421007e+03 1.154931e+04 1.756113e+04  
2.326663e-02 4.492472e+03 8.392467e+03 1.150980e+04 1.750048e+04  
2.359095e-02 4.476590e+03 8.362365e+03 1.146815e+04 1.743657e+04  
2.391980e-02 4.459880e+03 8.330715e+03 1.142437e+04 1.736945e+04  
2.425323e-02 4.442351e+03 8.297534e+03 1.137850e+04 1.729914e+04  
2.459130e-02 4.424012e+03 8.262839e+03 1.133055e+04 1.722570e+04  
2.493409e-02 4.404872e+03 8.226649e+03 1.128056e+04 1.714914e+04  
2.528166e-02 4.384946e+03 8.188990e+03 1.122855e+04 1.706954e+04  
2.563407e-02 4.364248e+03 8.149891e+03 1.117457e+04 1.698695e+04  
2.599140e-02 4.342797e+03 8.109386e+03 1.111866e+04 1.690145e+04  
2.635371e-02 4.320614e+03 8.067515e+03 1.106088e+04 1.681311e+04  
2.672106e-02 4.297719e+03 8.024314e+03 1.100128e+04 1.672202e+04  
2.709354e-02 4.274125e+03 7.979812e+03 1.093989e+04 1.662823e+04  
2.747121e-02 4.249848e+03 7.934036e+03 1.087677e+04 1.653181e+04  
2.785414e-02 4.224908e+03 7.887023e+03 1.081195e+04 1.643283e+04  
2.824241e-02 4.199323e+03 7.838811e+03 1.074549e+04 1.633138e+04  
2.863610e-02 4.173120e+03 7.789445e+03 1.067745e+04 1.622753e+04  
2.903527e-02 4.146323e+03 7.738975e+03 1.060790e+04 1.612142e+04  
2.944000e-02 4.118960e+03 7.687452e+03 1.053691e+04 1.601312e+04  
2.985038e-02 4.091054e+03 7.634919e+03 1.046455e+04 1.590275e+04  
3.026648e-02 4.062628e+03 7.581420e+03 1.039086e+04 1.579040e+04  
3.068838e-02 4.033710e+03 7.527007e+03 1.031592e+04 1.567616e+04  
3.111616e-02 4.004330e+03 7.471736e+03 1.023982e+04 1.556016e+04  
3.154990e-02 3.974521e+03 7.415668e+03 1.016263e+04 1.544253e+04  
3.198969e-02 3.944317e+03 7.358872e+03 1.008444e+04 1.532342e+04  
3.243561e-02 3.913758e+03 7.301416e+03 1.000536e+04 1.520295e+04  
3.288774e-02 3.882868e+03 7.243350e+03 9.925443e+03 1.508126e+04  
3.334618e-02 3.851676e+03 7.184726e+03 9.844771e+03 1.495842e+04  
3.381101e-02 3.820210e+03 7.125596e+03 9.763413e+03 1.483457e+04  
3.428231e-02 3.788500e+03 7.066020e+03 9.681451e+03 1.470983e+04  
3.476019e-02 3.756582e+03 7.006062e+03 9.598973e+03 1.458432e+04  
3.524473e-02 3.724493e+03 6.945790e+03 9.516073e+03 1.445820e+04  
3.573602e-02 3.692270e+03 6.885278e+03 9.432852e+03 1.433162e+04  
3.623416e-02 3.659945e+03 6.824582e+03 9.349387e+03 1.420469e+04  
3.673925e-02 3.627546e+03 6.763757e+03 9.265753e+03 1.407753e+04  
3.725137e-02 3.595104e+03 6.702858e+03 9.182029e+03 1.395027e+04  
3.777064e-02 3.562652e+03 6.641950e+03 9.098300e+03 1.382302e+04  
3.829714e-02 3.530225e+03 6.581096e+03 9.014655e+03 1.369594e+04  
3.883098e-02 3.497861e+03 6.520368e+03 8.931193e+03 1.356916e+04  
3.937226e-02 3.465598e+03 6.459836e+03 8.848012e+03 1.344285e+04  
3.992109e-02 3.433455e+03 6.399538e+03 8.765159e+03 1.331707e+04  
4.047757e-02 3.401438e+03 6.339484e+03 8.682653e+03 1.319185e+04  
4.104181e-02 3.369554e+03 6.279685e+03 8.600508e+03 1.306721e+04  
4.161391e-02 3.337807e+03 6.220152e+03 8.518739e+03 1.294319e+04  
4.219398e-02 3.306203e+03 6.160895e+03 8.437360e+03 1.281979e+04  
4.278214e-02 3.274748e+03 6.101923e+03 8.356383e+03 1.269704e+04  
4.337850e-02 3.243445e+03 6.043246e+03 8.275822e+03 1.257497e+04  
4.398317e-02 3.212313e+03 5.984897e+03 8.195724e+03 1.245364e+04  
4.459628e-02 3.181383e+03 5.926936e+03 8.116171e+03 1.233318e+04  
4.521792e-02 3.150691e+03 5.869425e+03 8.037249e+03 1.221372e+04  
4.584824e-02 3.120270e+03 5.812432e+03 7.959049e+03 1.209540e+04  
4.648734e-02 3.090160e+03 5.756026e+03 7.881668e+03 1.197838e+04  
4.713535e-02 3.060399e+03 5.700281e+03 7.805209e+03 1.186281e+04  
4.779239e-02 3.031030e+03 5.645274e+03 7.729776e+03 1.174886e+04  
4.845859e-02 3.002055e+03 5.591012e+03 7.655379e+03 1.163653e+04  
4.913407e-02 2.973424e+03 5.537400e+03 7.581889e+03 1.152565e+04  
4.981898e-02 2.945075e+03 5.484325e+03 7.509151e+03 1.141595e+04  
5.051342e-02 2.916942e+03 5.431661e+03 7.436992e+03 1.130720e+04  
5.121755e-02 2.888950e+03 5.379271e+03 7.365225e+03 1.119909e+04  
5.193150e-02 2.861018e+03 5.327004e+03 7.293644e+03 1.109131e+04  
5.265540e-02 2.833059e+03 5.274701e+03 7.222029e+03 1.098353e+04  
5.338938e-02 2.805031e+03 5.222281e+03 7.150269e+03 1.087557e+04  
5.413360e-02 2.776936e+03 5.169751e+03 7.078375e+03 1.076746e+04  
5.488820e-02 2.748782e+03 5.117124e+03 7.006365e+03 1.065921e+04  
5.565331e-02 2.720575e+03 5.064412e+03 6.934256e+03 1.055085e+04  
5.642908e-02 2.692323e+03 5.011630e+03 6.862067e+03 1.044242e+04  
5.721568e-02 2.664032e+03 4.958790e+03 6.789816e+03 1.033394e+04  
5.801323e-02 2.635696e+03 4.905880e+03 6.717487e+03 1.022538e+04  
5.882190e-02 2.607273e+03 4.852825e+03 6.644976e+03 1.011658e+04  
5.964185e-02 2.578716e+03 4.799536e+03 6.572161e+03 1.000736e+04  
6.047322e-02 2.549972e+03 4.745916e+03 6.498908e+03 9.897507e+03  
6.131619e-02 2.520984e+03 4.691858e+03 6.425072e+03 9.786791e+03  
6.217090e-02 2.491690e+03 4.637250e+03 6.350498e+03 9.674970e+03  
6.303753e-02 2.462047e+03 4.582013e+03 6.275076e+03 9.561873e+03  
6.391624e-02 2.432039e+03 4.526116e+03 6.198763e+03 9.447429e+03  
6.480720e-02 2.401649e+03 4.469528e+03 6.121518e+03 9.331569e+03  
6.571058e-02 2.370859e+03 4.412218e+03 6.043296e+03 9.214220e+03  
6.662655e-02 2.339651e+03 4.354151e+03 5.964050e+03 9.095302e+03  
6.755528e-02 2.308011e+03 4.295303e+03 5.883745e+03 8.974758e+03  
6.849697e-02 2.275945e+03 4.235687e+03 5.802397e+03 8.852606e+03  
6.945178e-02 2.243465e+03 4.175324e+03 5.720035e+03 8.728887e+03  
7.041990e-02 2.210584e+03 4.114238e+03 5.636694e+03 8.603645e+03  
7.140151e-02 2.177316e+03 4.052458e+03 5.552408e+03 8.476932e+03  
7.239681e-02 2.143686e+03 3.990028e+03 5.467241e+03 8.348838e+03  
7.340598e-02 2.109748e+03 3.927051e+03 5.381332e+03 8.219575e+03  
7.442922e-02 2.075569e+03 3.863648e+03 5.294846e+03 8.089394e+03  
7.546673e-02 2.041217e+03 3.799949e+03 5.207962e+03 7.958570e+03  
7.651869e-02 2.006770e+03 3.736094e+03 5.120873e+03 7.827398e+03  
7.758532e-02 1.972306e+03 3.672231e+03 5.033780e+03 7.696190e+03  
7.866682e-02 1.937907e+03 3.608511e+03 4.946890e+03 7.565264e+03  
7.976339e-02 1.903660e+03 3.545094e+03 4.860426e+03 7.434966e+03  
8.087525e-02 1.869660e+03 3.482155e+03 4.774626e+03 7.305666e+03  
8.200261e-02 1.835997e+03 3.419862e+03 4.689721e+03 7.177726e+03  
8.314568e-02 1.802736e+03 3.358332e+03 4.605873e+03 7.051397e+03  
8.430468e-02 1.769936e+03 3.297675e+03 4.523232e+03 6.926916e+03  
8.547985e-02 1.737660e+03 3.238008e+03 4.441960e+03 6.804536e+03  
8.667139e-02 1.705972e+03 3.179446e+03 4.362216e+03 6.684507e+03  
8.787954e-02 1.674912e+03 3.122065e+03 4.284103e+03 6.566994e+03  
8.910453e-02 1.644516e+03 3.065929e+03 4.207711e+03 6.452138e+03  
9.034660e-02 1.614820e+03 3.011104e+03 4.133131e+03 6.340088e+03  
9.160598e-02 1.585861e+03 2.957657e+03 4.060453e+03 6.230987e+03  
9.288292e-02 1.557668e+03 2.905643e+03 3.989756e+03 6.124961e+03  
9.417766e-02 1.530272e+03 2.855115e+03 3.921113e+03 6.022131e+03  
9.549045e-02 1.503702e+03 2.806129e+03 3.854601e+03 5.922622e+03  
9.682153e-02 1.477978e+03 2.758719e+03 3.790268e+03 5.826516e+03  
9.817117e-02 1.453102e+03 2.712886e+03 3.728114e+03 5.733818e+03  
9.953962e-02 1.429068e+03 2.668623e+03 3.668133e+03 5.644521e+03  
1.009272e-01 1.405868e+03 2.625909e+03 3.610295e+03 5.558589e+03  
1.023340e-01 1.383449e+03 2.584651e+03 3.554472e+03 5.475819e+03  
1.037605e-01 1.361738e+03 2.544708e+03 3.500470e+03 5.395912e+03  
1.052069e-01 1.340650e+03 2.505926e+03 3.448078e+03 5.318533e+03  
1.066734e-01 1.320092e+03 2.468134e+03 3.397057e+03 5.243310e+03  
1.081604e-01 1.299955e+03 2.431129e+03 3.347128e+03 5.169796e+03  
1.096681e-01 1.280113e+03 2.394679e+03 3.297970e+03 5.097479e+03  
1.111968e-01 1.260429e+03 2.358530e+03 3.249229e+03 5.025795e+03  
1.127468e-01 1.240759e+03 2.322420e+03 3.200542e+03 4.954156e+03  
1.143184e-01 1.221012e+03 2.286178e+03 3.151670e+03 4.882174e+03  
1.159120e-01 1.201121e+03 2.249684e+03 3.102445e+03 4.809573e+03  
1.175277e-01 1.181017e+03 2.212809e+03 3.052686e+03 4.736054e+03  
1.191660e-01 1.160640e+03 2.175442e+03 3.002238e+03 4.661357e+03  
1.208271e-01 1.139988e+03 2.137580e+03 2.951093e+03 4.585461e+03  
1.225114e-01 1.119074e+03 2.099247e+03 2.899284e+03 4.508408e+03  
1.242191e-01 1.097914e+03 2.060472e+03 2.846848e+03 4.430252e+03  
1.259506e-01 1.076542e+03 2.021316e+03 2.793869e+03 4.351116e+03  
1.277063e-01 1.055010e+03 1.981878e+03 2.740481e+03 4.271214e+03  
1.294865e-01 1.033378e+03 1.942267e+03 2.686835e+03 4.190781e+03  
1.312915e-01 1.011715e+03 1.902606e+03 2.633101e+03 4.110089e+03  
1.331216e-01 9.901009e+02 1.863047e+03 2.579488e+03 4.029474e+03  
1.349772e-01 9.686280e+02 1.823755e+03 2.526228e+03 3.949309e+03  
1.368587e-01 9.473916e+02 1.784907e+03 2.473564e+03 3.869988e+03  
1.387665e-01 9.264830e+02 1.746669e+03 2.421728e+03 3.791890e+03  
1.407008e-01 9.059956e+02 1.709213e+03 2.370960e+03 3.715405e+03  
1.426621e-01 8.860245e+02 1.672712e+03 2.321500e+03 3.640930e+03  
1.446507e-01 8.666317e+02 1.637280e+03 2.273508e+03 3.568727e+03  
1.466671e-01 8.478655e+02 1.603004e+03 2.227107e+03 3.499000e+03  
1.487115e-01 8.297717e+02 1.569968e+03 2.182412e+03 3.431946e+03  
1.507845e-01 8.123675e+02 1.538203e+03 2.139469e+03 3.367643e+03  
1.528864e-01 7.956582e+02 1.507717e+03 2.098289e+03 3.306115e+03  
1.550175e-01 7.796403e+02 1.478503e+03 2.058864e+03 3.247357e+03  
1.571784e-01 7.642813e+02 1.450500e+03 2.021112e+03 3.191235e+03  
1.593694e-01 7.495372e+02 1.423629e+03 1.984918e+03 3.137572e+03  
1.615909e-01 7.353442e+02 1.397770e+03 1.950121e+03 3.086102e+03  
1.638434e-01 7.216042e+02 1.372744e+03 1.916467e+03 3.036415e+03  
1.661273e-01 7.082082e+02 1.348351e+03 1.883677e+03 2.988052e+03  
1.684430e-01 6.950497e+02 1.324394e+03 1.851477e+03 2.940560e+03  
1.707910e-01 6.820218e+02 1.300678e+03 1.819593e+03 2.893482e+03  
1.731717e-01 6.690272e+02 1.277024e+03 1.787772e+03 2.846402e+03  
1.755856e-01 6.560171e+02 1.253342e+03 1.755889e+03 2.799104e+03  
1.780332e-01 6.429516e+02 1.229560e+03 1.723838e+03 2.751411e+03  
1.805149e-01 6.298218e+02 1.205660e+03 1.691597e+03 2.703282e+03  
1.830312e-01 6.166419e+02 1.181668e+03 1.659200e+03 2.654770e+03  
1.855825e-01 6.034315e+02 1.157621e+03 1.626698e+03 2.605956e+03  
1.881694e-01 5.902197e+02 1.133572e+03 1.594163e+03 2.556962e+03  
1.907924e-01 5.770444e+02 1.109589e+03 1.561693e+03 2.507947e+03  
1.934520e-01 5.639720e+02 1.085795e+03 1.529459e+03 2.459199e+03  
1.961486e-01 5.510805e+02 1.062331e+03 1.497661e+03 2.411051e+03  
1.988828e-01 5.384492e+02 1.039343e+03 1.466503e+03 2.363849e+03  
2.016551e-01 5.261592e+02 1.016978e+03 1.436194e+03 2.317946e+03  
2.044661e-01 5.142666e+02 9.953399e+02 1.406879e+03 2.273585e+03  
2.073162e-01 5.028051e+02 9.744886e+02 1.378644e+03 2.230917e+03  
2.102061e-01 4.917786e+02 9.544311e+02 1.351499e+03 2.189962e+03  
2.131362e-01 4.811588e+02 9.351151e+02 1.325372e+03 2.150602e+03  
2.161073e-01 4.709158e+02 9.164858e+02 1.300185e+03 2.112710e+03  
2.191197e-01 4.610197e+02 8.984879e+02 1.275862e+03 2.076161e+03  
2.221741e-01 4.514294e+02 8.810460e+02 1.252297e+03 2.040777e+03  
2.252711e-01 4.420914e+02 8.640622e+02 1.229351e+03 2.006330e+03  
2.284112e-01 4.329482e+02 8.474312e+02 1.206878e+03 1.972571e+03  
2.315951e-01 4.239399e+02 8.310435e+02 1.184721e+03 1.939240e+03  
2.348235e-01 4.150211e+02 8.148161e+02 1.162765e+03 1.906140e+03  
2.380968e-01 4.061607e+02 7.986921e+02 1.140928e+03 1.873135e+03  
2.414157e-01 3.973629e+02 7.826793e+02 1.119221e+03 1.840245e+03  
2.447809e-01 3.886458e+02 7.668104e+02 1.097692e+03 1.807549e+03  
2.481930e-01 3.800225e+02 7.511097e+02 1.076375e+03 1.775108e+03  
2.516527e-01 3.715077e+02 7.356036e+02 1.055306e+03 1.742986e+03  
2.551606e-01 3.631208e+02 7.203275e+02 1.034537e+03 1.711271e+03  
2.587174e-01 3.548944e+02 7.053409e+02 1.014153e+03 1.680108e+03  
2.623238e-01 3.468712e+02 6.907215e+02 9.942626e+02 1.649688e+03  
2.659804e-01 3.390914e+02 6.765421e+02 9.749704e+02 1.620186e+03  
2.696881e-01 3.315751e+02 6.628390e+02 9.563283e+02 1.591695e+03  
2.734474e-01 3.243084e+02 6.495868e+02 9.383006e+02 1.564156e+03  
2.772591e-01 3.172585e+02 6.367255e+02 9.208027e+02 1.537428e+03  
2.811239e-01 3.103895e+02 6.241896e+02 9.037424e+02 1.511354e+03  
2.850426e-01 3.036814e+02 6.119426e+02 8.870684e+02 1.485851e+03  
2.890160e-01 2.971227e+02 5.999633e+02 8.707511e+02 1.460869e+03  
2.930447e-01 2.907021e+02 5.882312e+02 8.547616e+02 1.436361e+03  
2.971296e-01 2.843980e+02 5.767073e+02 8.390454e+02 1.412237e+03  
3.012714e-01 2.781891e+02 5.653525e+02 8.235472e+02 1.388404e+03  
3.054710e-01 2.720658e+02 5.541495e+02 8.082431e+02 1.364823e+03  
3.097291e-01 2.660415e+02 5.431228e+02 7.931679e+02 1.341555e+03  
3.140465e-01 2.601406e+02 5.323165e+02 7.783849e+02 1.318710e+03  
3.184242e-01 2.543794e+02 5.217602e+02 7.639360e+02 1.296360e+03  
3.228628e-01 2.487602e+02 5.114577e+02 7.498273e+02 1.274519e+03  
3.273634e-01 2.432802e+02 5.014042e+02 7.360521e+02 1.253175e+03  
3.319266e-01 2.379400e+02 4.916002e+02 7.226116e+02 1.232333e+03  
3.365535e-01 2.327434e+02 4.820528e+02 7.095161e+02 1.212011e+03  
3.412449e-01 2.276901e+02 4.727612e+02 6.967650e+02 1.192210e+03  
3.460016e-01 2.227656e+02 4.636990e+02 6.843210e+02 1.172868e+03  
3.508247e-01 2.179475e+02 4.548258e+02 6.721275e+02 1.153891e+03  
3.557150e-01 2.132242e+02 4.461208e+02 6.601553e+02 1.135230e+03  
3.606735e-01 2.085977e+02 4.375873e+02 6.484096e+02 1.116897e+03  
3.657011e-01 2.040724e+02 4.292333e+02 6.369020e+02 1.098912e+03  
3.707988e-01 1.996460e+02 4.210546e+02 6.256268e+02 1.081267e+03  
3.759675e-01 1.953151e+02 4.130452e+02 6.145759e+02 1.063949e+03  
3.812083e-01 1.910808e+02 4.052069e+02 6.037524e+02 1.046966e+03  
3.865221e-01 1.869518e+02 3.975553e+02 5.931782e+02 1.030356e+03  
3.919100e-01 1.829299e+02 3.900936e+02 5.828583e+02 1.014127e+03  
3.973730e-01 1.790070e+02 3.828069e+02 5.727721e+02 9.982466e+02  
4.029122e-01 1.751763e+02 3.756832e+02 5.629026e+02 9.826870e+02  
4.085286e-01 1.714364e+02 3.687200e+02 5.532469e+02 9.674446e+02  
4.142232e-01 1.677866e+02 3.619158e+02 5.438029e+02 9.525167e+02  
4.199973e-01 1.642199e+02 3.552581e+02 5.345534e+02 9.378757e+02  
4.258518e-01 1.607300e+02 3.487355e+02 5.254826e+02 9.234965e+02  
4.317880e-01 1.573206e+02 3.423549e+02 5.166005e+02 9.093965e+02  
4.378069e-01 1.539931e+02 3.361183e+02 5.079100e+02 8.955814e+02  
4.439097e-01 1.507452e+02 3.300220e+02 4.994061e+02 8.820439e+02  
4.500975e-01 1.475737e+02 3.240599e+02 4.910807e+02 8.687711e+02  
4.563716e-01 1.444779e+02 3.182308e+02 4.829322e+02 8.557612e+02  
4.627332e-01 1.414585e+02 3.125359e+02 4.749624e+02 8.430180e+02  
4.691835e-01 1.385105e+02 3.069663e+02 4.671590e+02 8.305216e+02  
4.757236e-01 1.356302e+02 3.015153e+02 4.595130e+02 8.182582e+02  
4.823549e-01 1.328187e+02 2.961847e+02 4.520269e+02 8.062323e+02  
4.890787e-01 1.300738e+02 2.909708e+02 4.446958e+02 7.944367e+02  
4.958962e-01 1.273916e+02 2.858665e+02 4.375100e+02 7.828559e+02  
5.028087e-01 1.247714e+02 2.808707e+02 4.304680e+02 7.714882e+02  
5.098176e-01 1.222170e+02 2.759899e+02 4.235790e+02 7.603487e+02  
5.169242e-01 1.197221e+02 2.712129e+02 4.168276e+02 7.494131e+02  
5.241298e-01 1.172843e+02 2.665354e+02 4.102080e+02 7.386723e+02  
5.314359e-01 1.149053e+02 2.619604e+02 4.037245e+02 7.281338e+02  
5.388438e-01 1.125828e+02 2.574839e+02 3.973715e+02 7.177886e+02  
5.463550e-01 1.103127e+02 2.530986e+02 3.911391e+02 7.076216e+02  
5.539709e-01 1.080960e+02 2.488063e+02 3.850300e+02 6.976372e+02  
5.616930e-01 1.059340e+02 2.446089e+02 3.790467e+02 6.878394e+02  
5.695227e-01 1.038191e+02 2.404934e+02 3.731715e+02 6.782008e+02  
5.774615e-01 1.017545e+02 2.364652e+02 3.674120e+02 6.687333e+02  
5.855110e-01 9.973963e+01 2.325232e+02 3.617665e+02 6.594334e+02  
5.936727e-01 9.776961e+01 2.286590e+02 3.562238e+02 6.502858e+02  
6.019482e-01 9.584592e+01 2.248751e+02 3.507871e+02 6.412947e+02  
6.103390e-01 9.396837e+01 2.211709e+02 3.454560e+02 6.324592e+02  
6.188468e-01 9.213245e+01 2.175389e+02 3.402200e+02 6.237633e+02  
6.274732e-01 9.033980e+01 2.139816e+02 3.350828e+02 6.152127e+02  
6.362198e-01 8.858962e+01 2.104977e+02 3.300422e+02 6.068042e+02  
6.450884e-01 8.687808e+01 2.070805e+02 3.250897e+02 5.985246e+02  
6.540806e-01 8.520572e+01 2.037310e+02 3.202264e+02 5.903756e+02  
6.631981e-01 8.357264e+01 2.004491e+02 3.154522e+02 5.823572e+02  
6.724427e-01 8.197663e+01 1.972311e+02 3.107621e+02 5.744617e+02  
6.818162e-01 8.041674e+01 1.940753e+02 3.061540e+02 5.666856e+02  
6.913204e-01 7.889224e+01 1.909805e+02 3.016260e+02 5.590263e+02  
7.009570e-01 7.740231e+01 1.879451e+02 2.971762e+02 5.514816e+02  
7.107280e-01 7.594611e+01 1.849677e+02 2.928027e+02 5.440475e+02  
7.206351e-01 7.452277e+01 1.820467e+02 2.885033e+02 5.367203e+02  
7.306804e-01 7.313131e+01 1.791805e+02 2.842759e+02 5.294973e+02  
7.408657e-01 7.177070e+01 1.763673e+02 2.801180e+02 5.223748e+02  
7.511929e-01 7.044025e+01 1.736059e+02 2.760281e+02 5.153505e+02  
7.616642e-01 6.913927e+01 1.708951e+02 2.720045e+02 5.084217e+02  
7.722814e-01 6.786694e+01 1.682334e+02 2.680454e+02 5.015857e+02  
7.830465e-01 6.662251e+01 1.656195e+02 2.641490e+02 4.948398e+02  
7.939618e-01 6.540533e+01 1.630523e+02 2.603138e+02 4.881818e+02  
8.050292e-01 6.421464e+01 1.605306e+02 2.565381e+02 4.816089e+02  
8.162509e-01 6.304962e+01 1.580529e+02 2.528201e+02 4.751179e+02  
8.276289e-01 6.190967e+01 1.556181e+02 2.491584e+02 4.687078e+02  
8.391656e-01 6.079419e+01 1.532253e+02 2.455516e+02 4.623761e+02  
8.508632e-01 5.970252e+01 1.508733e+02 2.419983e+02 4.561205e+02  
8.627237e-01 5.863399e+01 1.485610e+02 2.384970e+02 4.499388e+02  
8.747496e-01 5.758809e+01 1.462875e+02 2.350465e+02 4.438292e+02  
8.869432e-01 5.656425e+01 1.440518e+02 2.316455e+02 4.377898e+02  
8.993067e-01 5.556184e+01 1.418528e+02 2.282927e+02 4.318187e+02  
9.118425e-01 5.458029e+01 1.396897e+02 2.249869e+02 4.259139e+02  
9.245531e-01 5.361914e+01 1.375616e+02 2.217269e+02 4.200740e+02  
9.374409e-01 5.267783e+01 1.354676e+02 2.185117e+02 4.142972e+02  
9.505083e-01 5.175577e+01 1.334068e+02 2.153399e+02 4.085817e+02  
9.637579e-01 5.085250e+01 1.313782e+02 2.122106e+02 4.029261e+02  
9.771921e-01 4.996753e+01 1.293812e+02 2.091228e+02 3.973290e+02  
9.908137e-01 4.910033e+01 1.274149e+02 2.060753e+02 3.917888e+02  
1.004625e+00 4.825039e+01 1.254784e+02 2.030671e+02 3.863041e+02  
1.018629e+00 4.741735e+01 1.235712e+02 2.000975e+02 3.808738e+02  
1.032828e+00 4.660079e+01 1.216925e+02 1.971656e+02 3.754967e+02  
1.047225e+00 4.580026e+01 1.198416e+02 1.942704e+02 3.701716e+02  
1.061823e+00 4.501536e+01 1.180179e+02 1.914112e+02 3.648974e+02  
1.076624e+00 4.424570e+01 1.162208e+02 1.885872e+02 3.596731e+02  
1.091632e+00 4.349084e+01 1.144495e+02 1.857976e+02 3.544976e+02  
1.106848e+00 4.275035e+01 1.127034e+02 1.830416e+02 3.493699e+02  
1.122277e+00 4.202392e+01 1.109820e+02 1.803185e+02 3.442892e+02  
1.137921e+00 4.131125e+01 1.092848e+02 1.776278e+02 3.392548e+02  
1.153783e+00 4.061196e+01 1.076113e+02 1.749687e+02 3.342659e+02  
1.169866e+00 3.992575e+01 1.059608e+02 1.723407e+02 3.293217e+02  
1.186174e+00 3.925229e+01 1.043330e+02 1.697433e+02 3.244217e+02  
1.202708e+00 3.859125e+01 1.027274e+02 1.671757e+02 3.195651e+02  
1.219473e+00 3.794227e+01 1.011433e+02 1.646374e+02 3.147512e+02  
1.236472e+00 3.730506e+01 9.958042e+01 1.621279e+02 3.099797e+02  
1.253708e+00 3.667935e+01 9.803826e+01 1.596467e+02 3.052499e+02  
1.271184e+00 3.606482e+01 9.651638e+01 1.571934e+02 3.005615e+02  
1.288904e+00 3.546117e+01 9.501436e+01 1.547673e+02 2.959140e+02  
1.306870e+00 3.486819e+01 9.353186e+01 1.523682e+02 2.913071e+02  
1.325087e+00 3.428563e+01 9.206853e+01 1.499956e+02 2.867405e+02  
1.343558e+00 3.371323e+01 9.062399e+01 1.476492e+02 2.822138e+02  
1.362287e+00 3.315075e+01 8.919790e+01 1.453286e+02 2.777269e+02  
1.381276e+00 3.259797e+01 8.778996e+01 1.430334e+02 2.732795e+02  
1.400531e+00 3.205466e+01 8.639981e+01 1.407634e+02 2.688715e+02  
1.420053e+00 3.152056e+01 8.502713e+01 1.385181e+02 2.645026e+02  
1.439848e+00 3.099547e+01 8.367164e+01 1.362973e+02 2.601728e+02  
1.459919e+00 3.047918e+01 8.233304e+01 1.341006e+02 2.558821e+02  
1.480269e+00 2.997146e+01 8.101104e+01 1.319279e+02 2.516302e+02  
1.500903e+00 2.947211e+01 7.970536e+01 1.297787e+02 2.474173e+02  
1.521825e+00 2.898097e+01 7.841581e+01 1.276530e+02 2.432432e+02  
1.543038e+00 2.849787e+01 7.714213e+01 1.255505e+02 2.391081e+02  
1.564548e+00 2.802263e+01 7.588410e+01 1.234709e+02 2.350121e+02  
1.586357e+00 2.755506e+01 7.464151e+01 1.214141e+02 2.309551e+02  
1.608469e+00 2.709502e+01 7.341412e+01 1.193799e+02 2.269372e+02  
1.630891e+00 2.664230e+01 7.220172e+01 1.173681e+02 2.229586e+02  
1.653624e+00 2.619673e+01 7.100410e+01 1.153785e+02 2.190194e+02  
1.676675e+00 2.575818e+01 6.982107e+01 1.134109e+02 2.151197e+02  
1.700047e+00 2.532651e+01 6.865248e+01 1.114652e+02 2.112597e+02  
1.723745e+00 2.490156e+01 6.749814e+01 1.095413e+02 2.074395e+02  
1.747773e+00 2.448320e+01 6.635788e+01 1.076390e+02 2.036594e+02  
1.772136e+00 2.407130e+01 6.523155e+01 1.057582e+02 1.999195e+02  
1.796838e+00 2.366574e+01 6.411900e+01 1.038987e+02 1.962199e+02  
1.821885e+00 2.326635e+01 6.302012e+01 1.020606e+02 1.925610e+02  
1.847281e+00 2.287305e+01 6.193468e+01 1.002436e+02 1.889429e+02  
1.873032e+00 2.248571e+01 6.086259e+01 9.844767e+01 1.853658e+02  
1.899141e+00 2.210417e+01 5.980373e+01 9.667272e+01 1.818298e+02  
1.925614e+00 2.172844e+01 5.875791e+01 9.491867e+01 1.783353e+02  
1.952456e+00 2.135830e+01 5.772512e+01 9.318542e+01 1.748824e+02  
1.979672e+00 2.099368e+01 5.670515e+01 9.147290e+01 1.714713e+02  
2.007267e+00 2.063447e+01 5.569796e+01 8.978103e+01 1.681022e+02  
2.035248e+00 2.028057e+01 5.470339e+01 8.810975e+01 1.647753e+02  
2.063618e+00 1.993190e+01 5.372140e+01 8.645898e+01 1.614907e+02  
2.092383e+00 1.958836e+01 5.275183e+01 8.482867e+01 1.582485e+02  
2.121550e+00 1.924986e+01 5.179456e+01 8.321876e+01 1.550491e+02  
2.151123e+00 1.891632e+01 5.084952e+01 8.162917e+01 1.518924e+02  
2.181109e+00 1.858765e+01 4.991661e+01 8.005987e+01 1.487786e+02  
2.211512e+00 1.826376e+01 4.899577e+01 7.851079e+01 1.457078e+02  
2.242340e+00 1.794459e+01 4.808689e+01 7.698187e+01 1.426801e+02  
2.273597e+00 1.763004e+01 4.718991e+01 7.547306e+01 1.396956e+02  
2.305289e+00 1.732007e+01 4.630472e+01 7.398432e+01 1.367543e+02  
2.337424e+00 1.701457e+01 4.543124e+01 7.251559e+01 1.338562e+02  
2.370006e+00 1.671350e+01 4.456941e+01 7.106681e+01 1.310015e+02  
2.403043e+00 1.641679e+01 4.371914e+01 6.963793e+01 1.281900e+02  
2.436540e+00 1.612437e+01 4.288037e+01 6.822889e+01 1.254218e+02  
2.470504e+00 1.583616e+01 4.205301e+01 6.683965e+01 1.226968e+02  
2.504942e+00 1.555216e+01 4.123698e+01 6.547015e+01 1.200148e+02  
2.539859e+00 1.527222e+01 4.043222e+01 6.412032e+01 1.173759e+02  
2.575263e+00 1.499633e+01 3.963865e+01 6.279010e+01 1.147800e+02  
2.611161e+00 1.472442e+01 3.885621e+01 6.147941e+01 1.122268e+02  
2.647559e+00 1.445642e+01 3.808483e+01 6.018822e+01 1.097163e+02  
2.684465e+00 1.419234e+01 3.732443e+01 5.891645e+01 1.072483e+02  
2.721885e+00 1.393209e+01 3.657495e+01 5.766402e+01 1.048226e+02  
2.759826e+00 1.367562e+01 3.583633e+01 5.643086e+01 1.024390e+02  
2.798297e+00 1.342288e+01 3.510849e+01 5.521688e+01 1.000972e+02  
2.837304e+00 1.317383e+01 3.439136e+01 5.402202e+01 9.779695e+01  
2.876854e+00 1.292841e+01 3.368488e+01 5.284619e+01 9.553806e+01  
2.916956e+00 1.268658e+01 3.298898e+01 5.168928e+01 9.332021e+01  
2.957617e+00 1.244831e+01 3.230360e+01 5.055121e+01 9.114309e+01  
2.998844e+00 1.221353e+01 3.162865e+01 4.943188e+01 8.900637e+01  
3.040646e+00 1.198222e+01 3.096409e+01 4.833118e+01 8.690972e+01  
3.083031e+00 1.175434e+01 3.030983e+01 4.724901e+01 8.485279e+01  
3.126007e+00 1.152983e+01 2.966581e+01 4.618525e+01 8.283542e+01  
3.169582e+00 1.130867e+01 2.903196e+01 4.513979e+01 8.085685e+01  
3.213764e+00 1.109081e+01 2.840821e+01 4.411250e+01 7.891684e+01  
3.258562e+00 1.087619e+01 2.779446e+01 4.310326e+01 7.701464e+01  
3.303985e+00 1.066483e+01 2.719070e+01 4.211193e+01 7.515024e+01  
3.350041e+00 1.045668e+01 2.659683e+01 4.113839e+01 7.332339e+01  
3.396739e+00 1.025166e+01 2.601280e+01 4.018249e+01 7.153377e+01  
3.444087e+00 1.004977e+01 2.543848e+01 3.924408e+01 6.978029e+01  
3.492096e+00 9.850970e+00 2.487383e+01 3.832301e+01 6.806280e+01  
3.540774e+00 9.655221e+00 2.431876e+01 3.741913e+01 6.638085e+01  
3.590130e+00 9.462493e+00 2.377322e+01 3.653228e+01 6.473396e+01  
3.640175e+00 9.272753e+00 2.323711e+01 3.566230e+01 6.312167e+01  
3.690917e+00 9.085969e+00 2.271036e+01 3.480903e+01 6.154351e+01  
3.742366e+00 8.902109e+00 2.219288e+01 3.397228e+01 5.999898e+01  
3.794533e+00 8.721142e+00 2.168461e+01 3.315189e+01 5.848762e+01  
3.847427e+00 8.543035e+00 2.118545e+01 3.234765e+01 5.700893e+01  
3.901058e+00 8.367758e+00 2.069533e+01 3.155937e+01 5.556243e+01  
3.955436e+00 8.195282e+00 2.021415e+01 3.078695e+01 5.414762e+01  
4.010573e+00 8.025576e+00 1.974184e+01 3.003015e+01 5.276402e+01  
4.066478e+00 7.858611e+00 1.927830e+01 2.928882e+01 5.141114e+01  
4.123163e+00 7.694356e+00 1.882346e+01 2.856270e+01 5.008848e+01  
4.180637e+00 7.532784e+00 1.837722e+01 2.785162e+01 4.879556e+01  
4.238913e+00 7.373864e+00 1.793948e+01 2.715539e+01 4.753188e+01  
4.298001e+00 7.217569e+00 1.751017e+01 2.647381e+01 4.629695e+01  
4.357913e+00 7.063869e+00 1.708918e+01 2.580667e+01 4.509028e+01  
4.418660e+00 6.912737e+00 1.667643e+01 2.515378e+01 4.391139e+01  
4.480254e+00 6.764145e+00 1.627184e+01 2.441885e+01 4.275980e+01  
4.542706e+00 6.618064e+00 1.587527e+01 2.388994e+01 4.163502e+01  
4.606029e+00 6.474467e+00 1.548665e+01 2.327857e+01 4.053640e+01  
4.670234e+00 6.333328e+00 1.510585e+01 2.268062e+01 3.946397e+01  
4.735335e+00 6.194617e+00 1.473280e+01 2.209590e+01 3.841674e+01  
4.801343e+00 6.058309e+00 1.436744e+01 2.152420e+01 3.739462e+01  
4.868271e+00 5.924377e+00 1.400965e+01 2.096531e+01 3.639656e+01  
4.936132e+00 5.792793e+00 1.365929e+01 2.041902e+01 3.542267e+01  
5.004939e+00 5.663531e+00 1.331629e+01 1.988512e+01 3.447230e+01  
5.074705e+00 5.536565e+00 1.298053e+01 1.936343e+01 3.354498e+01  
5.145444e+00 5.411867e+00 1.265193e+01 1.885371e+01 3.264028e+01  
5.217169e+00 5.289412e+00 1.233038e+01 1.835575e+01 3.175773e+01  
5.289893e+00 5.169174e+00 1.201578e+01 1.786939e+01 3.089690e+01  
5.363631e+00 5.051125e+00 1.170802e+01 1.739440e+01 3.005736e+01  
5.438397e+00 4.935246e+00 1.140700e+01 1.693057e+01 2.923865e+01  
5.514206e+00 4.821500e+00 1.111261e+01 1.647771e+01 2.844037e+01  
5.591071e+00 4.709860e+00 1.082476e+01 1.603563e+01 2.766208e+01  
5.669007e+00 4.600315e+00 1.054334e+01 1.560411e+01 2.690335e+01  
5.748030e+00 4.499425e+00 1.026824e+01 1.518296e+01 2.616379e+01  
5.828155e+00 4.387388e+00 9.999368e+00 1.477199e+01 2.544299e+01  
5.909396e+00 4.283951e+00 9.736616e+00 1.437100e+01 2.474052e+01  
5.991770e+00 4.182500e+00 9.479882e+00 1.397979e+01 2.405599e+01  
6.075292e+00 4.083009e+00 9.229064e+00 1.359818e+01 2.338882e+01  
6.159978e+00 3.985454e+00 8.984060e+00 1.322597e+01 2.273923e+01  
6.245845e+00 3.889809e+00 8.744771e+00 1.286298e+01 2.210624e+01  
6.332908e+00 3.796049e+00 8.511095e+00 1.250902e+01 2.148964e+01  
6.421186e+00 3.704150e+00 8.282932e+00 1.216392e+01 2.088910e+01  
6.510694e+00 3.614086e+00 8.060183e+00 1.182755e+01 2.030423e+01  
6.601449e+00 3.525834e+00 7.842748e+00 1.149957e+01 1.973468e+01  
6.693470e+00 3.439368e+00 7.630530e+00 1.117988e+01 1.918010e+01  
6.786773e+00 3.354663e+00 7.423426e+00 1.077011e+01 1.864015e+01  
6.881377e+00 3.271697e+00 7.221339e+00 1.056480e+01 1.811449e+01  
6.977300e+00 3.190443e+00 7.024177e+00 1.026903e+01 1.760276e+01  
7.074559e+00 3.110878e+00 6.831842e+00 9.980879e+00 1.710465e+01  
7.173175e+00 3.032977e+00 6.644240e+00 9.700187e+00 1.661982e+01  
7.273165e+00 2.956718e+00 6.461273e+00 9.426786e+00 1.614798e+01  
7.374549e+00 2.882074e+00 6.282850e+00 9.160505e+00 1.568881e+01  
7.477346e+00 2.809023e+00 6.108882e+00 8.901188e+00 1.524201e+01  
7.581576e+00 2.737540e+00 5.939279e+00 8.648685e+00 1.480726e+01  
7.687260e+00 2.667603e+00 5.773951e+00 8.402840e+00 1.438428e+01  
7.794416e+00 2.599186e+00 5.612810e+00 8.163495e+00 1.397278e+01  
7.903066e+00 2.532266e+00 5.455768e+00 7.930504e+00 1.357247e+01  
8.013230e+00 2.466819e+00 5.302735e+00 7.703660e+00 1.318308e+01  
8.124930e+00 2.402823e+00 5.153631e+00 7.482993e+00 1.280433e+01  
8.238187e+00 2.340260e+00 5.008369e+00 7.268252e+00 1.243598e+01  
8.353023e+00 2.279097e+00 4.866861e+00 7.059158e+00 1.207772e+01  
8.469460e+00 2.219310e+00 4.729025e+00 6.855775e+00 1.172934e+01  
8.587519e+00 2.160884e+00 4.594781e+00 6.657893e+00 1.139056e+01  
8.707225e+00 2.103793e+00 4.464053e+00 6.465377e+00 1.106118e+01  
8.828599e+00 2.048002e+00 4.336758e+00 6.278112e+00 1.074091e+01  
8.951665e+00 1.993526e+00 4.212819e+00 6.095964e+00 1.042954e+01  
9.076446e+00 1.940315e+00 4.092167e+00 5.918807e+00 1.012814e+01  
9.202967e+00 1.888325e+00 3.974725e+00 5.746513e+00 9.832576e+00  
9.331251e+00 1.837570e+00 3.860417e+00 5.578968e+00 9.546541e+00  
9.461324e+00 1.788015e+00 3.749172e+00 5.415987e+00 9.268516e+00  
9.593209e+00 1.739639e+00 3.640918e+00 5.257644e+00 8.998280e+00  
9.726934e+00 1.692419e+00 3.535578e+00 5.103681e+00 8.735663e+00  
9.862522e+00 1.646334e+00 3.433083e+00 4.953762e+00 8.480431e+00  
1.000000e+01 1.601363e+00 3.333365e+00 4.808235e+00 8.232400e+00  
