1.000000e-02 4.808960e+03 8.945248e+03 1.224043e+04 1.854991e+04  
1.013939e-02 4.835938e+03 8.995224e+03 1.230861e+04 1.865274e+04  
1.028073e-02 4.862531e+03 9.044477e+03 1.237580e+04 1.875405e+04  
1.042404e-02 4.888723e+03 9.092978e+03 1.244195e+04 1.885378e+04  
1.056935e-02 4.914498e+03 9.140699e+03 1.250703e+04 1.895187e+04  
1.071668e-02 4.939841e+03 9.187610e+03 1.257100e+04 1.904826e+04  
1.086606e-02 4.964736e+03 9.233682e+03 1.263381e+04 1.914290e+04  
1.101753e-02 4.989167e+03 9.278886e+03 1.269543e+04 1.923572e+04  
1.117111e-02 5.013120e+03 9.323194e+03 1.275582e+04 1.932666e+04  
1.132683e-02 5.036577e+03 9.366575e+03 1.281493e+04 1.941565e+04  
1.148472e-02 5.059522e+03 9.408998e+03 1.287273e+04 1.950265e+04  
1.164481e-02 5.081938e+03 9.450429e+03 1.292917e+04 1.958757e+04  
1.180713e-02 5.103806e+03 9.490837e+03 1.298420e+04 1.967034e+04  
1.197171e-02 5.125110e+03 9.530190e+03 1.303778e+04 1.975092e+04  
1.213859e-02 5.145832e+03 9.568454e+03 1.308987e+04 1.982921e+04  
1.230780e-02 5.165955e+03 9.605599e+03 1.314042e+04 1.990517e+04  
1.247936e-02 5.185461e+03 9.641591e+03 1.318939e+04 1.997872e+04  
1.265332e-02 5.204334e+03 9.676399e+03 1.323673e+04 2.004980e+04  
1.282970e-02 5.222554e+03 9.709987e+03 1.328240e+04 2.011833e+04  
1.300854e-02 5.240103e+03 9.742321e+03 1.332635e+04 2.018425e+04  
1.318987e-02 5.256964e+03 9.773369e+03 1.336853e+04 2.024748e+04  
1.337373e-02 5.273118e+03 9.803097e+03 1.340890e+04 2.030797e+04  
1.356015e-02 5.288549e+03 9.831474e+03 1.344742e+04 2.036563e+04  
1.374917e-02 5.303238e+03 9.858467e+03 1.348404e+04 2.042041e+04  
1.394083e-02 5.317169e+03 9.884043e+03 1.351872e+04 2.047224e+04  
1.413516e-02 5.330322e+03 9.908169e+03 1.355141e+04 2.052105e+04  
1.433219e-02 5.342681e+03 9.930811e+03 1.358206e+04 2.056677e+04  
1.453198e-02 5.354229e+03 9.951939e+03 1.361064e+04 2.060933e+04  
1.473454e-02 5.364947e+03 9.971520e+03 1.363709e+04 2.064868e+04  
1.493993e-02 5.374821e+03 9.989525e+03 1.366139e+04 2.068475e+04  
1.514819e-02 5.383835e+03 1.000592e+04 1.368348e+04 2.071748e+04  
1.535935e-02 5.391970e+03 1.002069e+04 1.370333e+04 2.074680e+04  
1.557345e-02 5.399209e+03 1.003377e+04 1.372089e+04 2.077265e+04  
1.579053e-02 5.405533e+03 1.004516e+04 1.373612e+04 2.079495e+04  
1.601064e-02 5.410925e+03 1.005480e+04 1.374896e+04 2.081364e+04  
1.623382e-02 5.415369e+03 1.006268e+04 1.375937e+04 2.082866e+04  
1.646012e-02 5.418846e+03 1.006876e+04 1.376732e+04 2.083994e+04  
1.668956e-02 5.421344e+03 1.007301e+04 1.377277e+04 2.084743e+04  
1.692220e-02 5.422845e+03 1.007540e+04 1.377568e+04 2.085106e+04  
1.715809e-02 5.423337e+03 1.007591e+04 1.377601e+04 2.085080e+04  
1.739726e-02 5.422806e+03 1.007452e+04 1.377373e+04 2.084658e+04  
1.763977e-02 5.421241e+03 1.007120e+04 1.376881e+04 2.083836e+04  
1.788566e-02 5.418629e+03 1.006593e+04 1.376122e+04 2.082610e+04  
1.813498e-02 5.414963e+03 1.005870e+04 1.375095e+04 2.080978e+04  
1.838777e-02 5.410233e+03 1.004949e+04 1.373796e+04 2.078934e+04  
1.864409e-02 5.404431e+03 1.003828e+04 1.372225e+04 2.076478e+04  
1.890397e-02 5.397545e+03 1.002505e+04 1.370377e+04 2.073603e+04  
1.916748e-02 5.389563e+03 1.000978e+04 1.368250e+04 2.070306e+04  
1.943467e-02 5.380477e+03 9.992464e+03 1.365842e+04 2.066584e+04  
1.970558e-02 5.370278e+03 9.973071e+03 1.363150e+04 2.062433e+04  
1.998026e-02 5.358959e+03 9.951596e+03 1.360174e+04 2.057851e+04  
2.025878e-02 5.346515e+03 9.928028e+03 1.356911e+04 2.052837e+04  
2.054117e-02 5.332942e+03 9.902362e+03 1.353362e+04 2.047388e+04  
2.082751e-02 5.318237e+03 9.874590e+03 1.349524e+04 2.041504e+04  
2.111783e-02 5.302398e+03 9.844710e+03 1.345398e+04 2.035184e+04  
2.141220e-02 5.285425e+03 9.812722e+03 1.340984e+04 2.028429e+04  
2.171068e-02 5.267319e+03 9.778630e+03 1.336282e+04 2.021239e+04  
2.201331e-02 5.248087e+03 9.742444e+03 1.331294e+04 2.013617e+04  
2.232016e-02 5.227734e+03 9.704178e+03 1.326022e+04 2.005565e+04  
2.263130e-02 5.206270e+03 9.663848e+03 1.320468e+04 1.997087e+04  
2.294676e-02 5.183702e+03 9.621466e+03 1.314633e+04 1.988186e+04  
2.326663e-02 5.160034e+03 9.577045e+03 1.308520e+04 1.978864e+04  
2.359095e-02 5.135277e+03 9.530602e+03 1.302130e+04 1.969125e+04  
2.391980e-02 5.109443e+03 9.482160e+03 1.295468e+04 1.958974e+04  
2.425323e-02 5.082545e+03 9.431746e+03 1.288536e+04 1.948417e+04  
2.459130e-02 5.054603e+03 9.379394e+03 1.281339e+04 1.937460e+04  
2.493409e-02 5.025637e+03 9.325145e+03 1.273884e+04 1.926112e+04  
2.528166e-02 4.995664e+03 9.269029e+03 1.266173e+04 1.914381e+04  
2.563407e-02 4.964702e+03 9.211081e+03 1.258213e+04 1.902272e+04  
2.599140e-02 4.932771e+03 9.151338e+03 1.250007e+04 1.889794e+04  
2.635371e-02 4.899894e+03 9.089842e+03 1.241563e+04 1.876955e+04  
2.672106e-02 4.866098e+03 9.026646e+03 1.232886e+04 1.863767e+04  
2.709354e-02 4.831413e+03 8.961806e+03 1.223986e+04 1.850241e+04  
2.747121e-02 4.795874e+03 8.895386e+03 1.214870e+04 1.836391e+04  
2.785414e-02 4.759513e+03 8.827447e+03 1.205547e+04 1.822229e+04  
2.824241e-02 4.722361e+03 8.758044e+03 1.196024e+04 1.807767e+04  
2.863610e-02 4.684448e+03 8.687240e+03 1.186311e+04 1.793018e+04  
2.903527e-02 4.645814e+03 8.615102e+03 1.176416e+04 1.777996e+04  
2.944000e-02 4.606498e+03 8.541707e+03 1.166349e+04 1.762716e+04  
2.985038e-02 4.566546e+03 8.467141e+03 1.156124e+04 1.747197e+04  
3.026648e-02 4.526009e+03 8.391496e+03 1.145751e+04 1.731458e+04  
3.068838e-02 4.484932e+03 8.314859e+03 1.135244e+04 1.715517e+04  
3.111616e-02 4.443356e+03 8.237305e+03 1.124613e+04 1.699389e+04  
3.154990e-02 4.401322e+03 8.158911e+03 1.113867e+04 1.683091e+04  
3.198969e-02 4.358876e+03 8.079763e+03 1.103019e+04 1.666640e+04  
3.243561e-02 4.316068e+03 7.999953e+03 1.092082e+04 1.650056e+04  
3.288774e-02 4.272952e+03 7.919583e+03 1.081069e+04 1.633359e+04  
3.334618e-02 4.229588e+03 7.838762e+03 1.069995e+04 1.616573e+04  
3.381101e-02 4.186033e+03 7.757598e+03 1.058876e+04 1.599719e+04  
3.428231e-02 4.142332e+03 7.676173e+03 1.047721e+04 1.582815e+04  
3.476019e-02 4.098530e+03 7.594573e+03 1.036544e+04 1.565878e+04  
3.524473e-02 4.054677e+03 7.512889e+03 1.025356e+04 1.548928e+04  
3.573602e-02 4.010825e+03 7.431218e+03 1.014171e+04 1.531984e+04  
3.623416e-02 3.967030e+03 7.349665e+03 1.003003e+04 1.515069e+04  
3.673925e-02 3.923354e+03 7.268342e+03 9.918676e+03 1.498206e+04  
3.725137e-02 3.879856e+03 7.187361e+03 9.807799e+03 1.481418e+04  
3.777064e-02 3.836582e+03 7.106808e+03 9.697517e+03 1.464722e+04  
3.829714e-02 3.793576e+03 7.026760e+03 9.587938e+03 1.448135e+04  
3.883098e-02 3.750882e+03 6.947303e+03 9.479175e+03 1.431675e+04  
3.937226e-02 3.708547e+03 6.868523e+03 9.371349e+03 1.415360e+04  
3.992109e-02 3.666623e+03 6.790514e+03 9.264588e+03 1.399209e+04  
4.047757e-02 3.625162e+03 6.713374e+03 9.159026e+03 1.383242e+04  
4.104181e-02 3.584217e+03 6.637200e+03 9.054795e+03 1.367481e+04  
4.161391e-02 3.543819e+03 6.562050e+03 8.951973e+03 1.351936e+04  
4.219398e-02 3.503986e+03 6.487957e+03 8.850608e+03 1.336615e+04  
4.278214e-02 3.464737e+03 6.414955e+03 8.750745e+03 1.321525e+04  
4.337850e-02 3.426090e+03 6.343076e+03 8.652430e+03 1.306674e+04  
4.398317e-02 3.388061e+03 6.272354e+03 8.555706e+03 1.292067e+04  
4.459628e-02 3.350668e+03 6.202818e+03 8.460615e+03 1.277712e+04  
4.521792e-02 3.313928e+03 6.134499e+03 8.367201e+03 1.263614e+04  
4.584824e-02 3.277859e+03 6.067433e+03 8.275509e+03 1.249782e+04  
4.648734e-02 3.242483e+03 6.001656e+03 8.185593e+03 1.236224e+04  
4.713535e-02 3.207819e+03 5.937207e+03 8.097504e+03 1.222946e+04  
4.779239e-02 3.173888e+03 5.874122e+03 8.011292e+03 1.209959e+04  
4.845859e-02 3.140710e+03 5.812438e+03 7.927007e+03 1.197268e+04  
4.913407e-02 3.108305e+03 5.752190e+03 7.844697e+03 1.184882e+04  
4.981898e-02 3.076686e+03 5.693404e+03 7.764400e+03 1.172807e+04  
5.051342e-02 3.045823e+03 5.636022e+03 7.686034e+03 1.161030e+04  
5.121755e-02 3.015650e+03 5.579923e+03 7.609438e+03 1.149527e+04  
5.193150e-02 2.986094e+03 5.524973e+03 7.534425e+03 1.138270e+04  
5.265540e-02 2.957075e+03 5.471021e+03 7.460792e+03 1.127229e+04  
5.338938e-02 2.928501e+03 5.417902e+03 7.388314e+03 1.116369e+04  
5.413360e-02 2.900277e+03 5.365436e+03 7.316744e+03 1.105653e+04  
5.488820e-02 2.872326e+03 5.313486e+03 7.245897e+03 1.095052e+04  
5.565331e-02 2.844613e+03 5.261985e+03 7.175681e+03 1.084554e+04  
5.642908e-02 2.817100e+03 5.210863e+03 7.106001e+03 1.074142e+04  
5.721568e-02 2.789745e+03 5.160043e+03 7.036752e+03 1.063803e+04  
5.801323e-02 2.762502e+03 5.109441e+03 6.967820e+03 1.053518e+04  
5.882190e-02 2.735320e+03 5.058962e+03 6.899074e+03 1.043267e+04  
5.964185e-02 2.708130e+03 5.008481e+03 6.830346e+03 1.033025e+04  
6.047322e-02 2.680850e+03 4.957848e+03 6.761430e+03 1.022759e+04  
6.131619e-02 2.653391e+03 4.906898e+03 6.692100e+03 1.012437e+04  
6.217090e-02 2.625655e+03 4.855452e+03 6.622113e+03 1.002019e+04  
6.303753e-02 2.597537e+03 4.803317e+03 6.551205e+03 9.914663e+03  
6.391624e-02 2.568943e+03 4.750325e+03 6.479146e+03 9.807421e+03  
6.480720e-02 2.539816e+03 4.696369e+03 6.405789e+03 9.698240e+03  
6.571058e-02 2.510098e+03 4.641344e+03 6.330992e+03 9.586895e+03  
6.662655e-02 2.479727e+03 4.585138e+03 6.254598e+03 9.473143e+03  
6.755528e-02 2.448636e+03 4.527628e+03 6.176444e+03 9.356724e+03  
6.849697e-02 2.416773e+03 4.468722e+03 6.096398e+03 9.237433e+03  
6.945178e-02 2.384117e+03 4.408381e+03 6.014410e+03 9.115182e+03  
7.041990e-02 2.350650e+03 4.346573e+03 5.930433e+03 8.989892e+03  
7.140151e-02 2.316352e+03 4.283265e+03 5.844422e+03 8.861485e+03  
7.239681e-02 2.281207e+03 4.218427e+03 5.756336e+03 8.729890e+03  
7.340598e-02 2.245234e+03 4.152095e+03 5.666221e+03 8.595171e+03  
7.442922e-02 2.208480e+03 4.084359e+03 5.574200e+03 8.457506e+03  
7.546673e-02 2.171000e+03 4.015317e+03 5.480408e+03 8.317095e+03  
7.651869e-02 2.132852e+03 3.945080e+03 5.384993e+03 8.174162e+03  
7.758532e-02 2.094113e+03 3.873789e+03 5.288147e+03 8.028993e+03  
7.866682e-02 2.054888e+03 3.801637e+03 5.190134e+03 7.881989e+03  
7.976339e-02 2.015295e+03 3.728839e+03 5.091248e+03 7.733598e+03  
8.087525e-02 1.975460e+03 3.655629e+03 4.991807e+03 7.584307e+03  
8.200261e-02 1.935517e+03 3.582248e+03 4.892141e+03 7.434623e+03  
8.314568e-02 1.895588e+03 3.508924e+03 4.792560e+03 7.285021e+03  
8.430468e-02 1.855804e+03 3.435896e+03 4.693390e+03 7.136004e+03  
8.547985e-02 1.816306e+03 3.363420e+03 4.594982e+03 6.988112e+03  
8.667139e-02 1.777233e+03 3.291748e+03 4.497681e+03 6.841881e+03  
8.787954e-02 1.738704e+03 3.221100e+03 4.401785e+03 6.697773e+03  
8.910453e-02 1.700843e+03 3.151702e+03 4.307605e+03 6.556268e+03  
9.034660e-02 1.663784e+03 3.083794e+03 4.215469e+03 6.417878e+03  
9.160598e-02 1.627648e+03 3.017598e+03 4.125680e+03 6.283077e+03  
9.288292e-02 1.592547e+03 2.953317e+03 4.038516e+03 6.152299e+03  
9.417766e-02 1.558598e+03 2.891164e+03 3.954268e+03 6.025998e+03  
9.549045e-02 1.525916e+03 2.831343e+03 3.873218e+03 5.904619e+03  
9.682153e-02 1.494573e+03 2.773989e+03 3.795546e+03 5.788448e+03  
9.817117e-02 1.464634e+03 2.719213e+03 3.721408e+03 5.677734e+03  
9.953962e-02 1.436163e+03 2.667134e+03 3.650966e+03 5.572735e+03  
1.009272e-01 1.409218e+03 2.617852e+03 3.584358e+03 5.473677e+03  
1.023340e-01 1.383785e+03 2.571341e+03 3.521549e+03 5.380511e+03  
1.037605e-01 1.359813e+03 2.527507e+03 3.462410e+03 5.293046e+03  
1.052069e-01 1.337244e+03 2.486240e+03 3.406793e+03 5.211064e+03  
1.066734e-01 1.316003e+03 2.447403e+03 3.354510e+03 5.134276e+03  
1.081604e-01 1.295953e+03 2.410746e+03 3.305220e+03 5.062158e+03  
1.096681e-01 1.276926e+03 2.375959e+03 3.258499e+03 4.994058e+03  
1.111968e-01 1.258735e+03 2.342705e+03 3.213885e+03 4.929254e+03  
1.127468e-01 1.241189e+03 2.310632e+03 3.170898e+03 4.866998e+03  
1.143184e-01 1.224106e+03 2.279410e+03 3.129083e+03 4.806578e+03  
1.159120e-01 1.207292e+03 2.248686e+03 3.087957e+03 4.747233e+03  
1.175277e-01 1.190539e+03 2.218084e+03 3.047002e+03 4.688144e+03  
1.191660e-01 1.173680e+03 2.187299e+03 3.005798e+03 4.628642e+03  
1.208271e-01 1.156575e+03 2.156076e+03 2.963994e+03 4.568166e+03  
1.225114e-01 1.139072e+03 2.124145e+03 2.921215e+03 4.506111e+03  
1.242191e-01 1.121041e+03 2.091265e+03 2.877131e+03 4.441941e+03  
1.259506e-01 1.102402e+03 2.057294e+03 2.831540e+03 4.375324e+03  
1.277063e-01 1.083076e+03 2.022091e+03 2.784247e+03 4.305934e+03  
1.294865e-01 1.063002e+03 1.985544e+03 2.735096e+03 4.233509e+03  
1.312915e-01 1.042199e+03 1.947690e+03 2.684134e+03 4.158110e+03  
1.331216e-01 1.020712e+03 1.908611e+03 2.631471e+03 4.079899e+03  
1.349772e-01 9.986006e+02 1.868416e+03 2.577255e+03 3.999102e+03  
1.368587e-01 9.759848e+02 1.827323e+03 2.521786e+03 3.916188e+03  
1.387665e-01 9.530142e+02 1.785603e+03 2.465435e+03 3.831745e+03  
1.407008e-01 9.298521e+02 1.743553e+03 2.408610e+03 3.746421e+03  
1.426621e-01 9.066807e+02 1.701502e+03 2.351766e+03 3.660941e+03  
1.446507e-01 8.836984e+02 1.659809e+03 2.295395e+03 3.576095e+03  
1.466671e-01 8.611025e+02 1.618830e+03 2.239991e+03 3.492673e+03  
1.487115e-01 8.390548e+02 1.578857e+03 2.185954e+03 3.411321e+03  
1.507845e-01 8.177188e+02 1.540185e+03 2.133691e+03 3.332694e+03  
1.528864e-01 7.972422e+02 1.503078e+03 2.083569e+03 3.257385e+03  
1.550175e-01 7.777428e+02 1.467749e+03 2.035879e+03 3.185866e+03  
1.571784e-01 7.593363e+02 1.434403e+03 1.990907e+03 3.118603e+03  
1.593694e-01 7.420857e+02 1.403153e+03 1.948809e+03 3.055852e+03  
1.615909e-01 7.260225e+02 1.374053e+03 1.909660e+03 2.997744e+03  
1.638434e-01 7.111428e+02 1.347096e+03 1.873450e+03 2.944272e+03  
1.661273e-01 6.973550e+02 1.322113e+03 1.839951e+03 2.895074e+03  
1.684430e-01 6.845404e+02 1.298889e+03 1.808865e+03 2.849685e+03  
1.707910e-01 6.725252e+02 1.277110e+03 1.779761e+03 2.807413e+03  
1.731717e-01 6.610949e+02 1.256388e+03 1.752104e+03 2.767403e+03  
1.755856e-01 6.500393e+02 1.236346e+03 1.725370e+03 2.728811e+03  
1.780332e-01 6.391660e+02 1.216635e+03 1.699082e+03 2.690861e+03  
1.805149e-01 6.282883e+02 1.196919e+03 1.672772e+03 2.652795e+03  
1.830312e-01 6.172714e+02 1.176958e+03 1.646104e+03 2.614062e+03  
1.855825e-01 6.059918e+02 1.156527e+03 1.618769e+03 2.574153e+03  
1.881694e-01 5.943645e+02 1.135475e+03 1.590554e+03 2.532715e+03  
1.907924e-01 5.823239e+02 1.113685e+03 1.561295e+03 2.489472e+03  
1.934520e-01 5.698548e+02 1.091129e+03 1.530953e+03 2.444355e+03  
1.961486e-01 5.569826e+02 1.067854e+03 1.499591e+03 2.397461e+03  
1.988828e-01 5.437878e+02 1.044005e+03 1.467410e+03 2.349116e+03  
2.016551e-01 5.304058e+02 1.019827e+03 1.434749e+03 2.299873e+03  
2.044661e-01 5.169990e+02 9.956104e+02 1.402012e+03 2.250394e+03  
2.073162e-01 5.037554e+02 9.716936e+02 1.369668e+03 2.201448e+03  
2.102061e-01 4.908431e+02 9.483776e+02 1.338135e+03 2.153724e+03  
2.131362e-01 4.784058e+02 9.259194e+02 1.307771e+03 2.107807e+03  
2.161073e-01 4.665508e+02 9.045101e+02 1.278841e+03 2.064137e+03  
2.191197e-01 4.553504e+02 8.842782e+02 1.251523e+03 2.023009e+03  
2.221741e-01 4.448352e+02 8.652772e+02 1.225892e+03 1.984548e+03  
2.252711e-01 4.350021e+02 8.474999e+02 1.201940e+03 1.948743e+03  
2.284112e-01 4.258020e+02 8.308575e+02 1.179543e+03 1.915397e+03  
2.315951e-01 4.171539e+02 8.152040e+02 1.158499e+03 1.884182e+03  
2.348235e-01 4.089378e+02 8.003240e+02 1.138510e+03 1.854613e+03  
2.380968e-01 4.010245e+02 7.859861e+02 1.119255e+03 1.826164e+03  
2.414157e-01 3.932880e+02 7.719648e+02 1.100420e+03 1.798323e+03  
2.447809e-01 3.856097e+02 7.580482e+02 1.081713e+03 1.770606e+03  
2.481930e-01 3.778820e+02 7.440444e+02 1.062864e+03 1.742573e+03  
2.516527e-01 3.700287e+02 7.298174e+02 1.043686e+03 1.713912e+03  
2.551606e-01 3.620069e+02 7.152912e+02 1.024072e+03 1.684447e+03  
2.587174e-01 3.538204e+02 7.004734e+02 1.004033e+03 1.654197e+03  
2.623238e-01 3.455279e+02 6.854689e+02 9.837153e+02 1.623405e+03  
2.659804e-01 3.372266e+02 6.704514e+02 9.633603e+02 1.592470e+03  
2.696881e-01 3.290349e+02 6.556318e+02 9.432622e+02 1.561880e+03  
2.734474e-01 3.210508e+02 6.411843e+02 9.236635e+02 1.532037e+03  
2.772591e-01 3.133460e+02 6.272361e+02 9.047414e+02 1.503234e+03  
2.811239e-01 3.059656e+02 6.138666e+02 8.866065e+02 1.475656e+03  
2.850426e-01 2.989411e+02 6.011310e+02 8.693357e+02 1.449429e+03  
2.890160e-01 2.922838e+02 5.890486e+02 8.529556e+02 1.424599e+03  
2.930447e-01 2.859724e+02 5.775807e+02 8.374130e+02 1.401080e+03  
2.971296e-01 2.799521e+02 5.666293e+02 8.225717e+02 1.378647e+03  
3.012714e-01 2.741429e+02 5.560522e+02 8.082342e+02 1.356978e+03  
3.054710e-01 2.684564e+02 5.456926e+02 7.941830e+02 1.335715e+03  
3.097291e-01 2.628252e+02 5.354310e+02 7.802520e+02 1.314587e+03  
3.140465e-01 2.572141e+02 5.252056e+02 7.663560e+02 1.293454e+03  
3.184242e-01 2.516061e+02 5.149863e+02 7.524533e+02 1.272250e+03  
3.228628e-01 2.459968e+02 5.047655e+02 7.385340e+02 1.250961e+03  
3.273634e-01 2.404053e+02 4.945773e+02 7.246459e+02 1.229667e+03  
3.319266e-01 2.348739e+02 4.844967e+02 7.108934e+02 1.208542e+03  
3.365535e-01 2.294599e+02 4.746247e+02 6.974172e+02 1.187818e+03  
3.412449e-01 2.242127e+02 4.650478e+02 6.843375e+02 1.167695e+03  
3.460016e-01 2.191596e+02 4.558137e+02 6.717204e+02 1.148280e+03  
3.508247e-01 2.143073e+02 4.469336e+02 6.595816e+02 1.129600e+03  
3.557150e-01 2.096433e+02 4.383852e+02 6.478900e+02 1.111605e+03  
3.606735e-01 2.051494e+02 4.301361e+02 6.366008e+02 1.094221e+03  
3.657011e-01 2.007905e+02 4.221240e+02 6.256279e+02 1.077308e+03  
3.707988e-01 1.965275e+02 4.142806e+02 6.148769e+02 1.060714e+03  
3.759675e-01 1.923312e+02 4.065546e+02 6.042770e+02 1.044323e+03  
3.812083e-01 1.881873e+02 3.989209e+02 5.937942e+02 1.028083e+03  
3.865221e-01 1.840955e+02 3.913793e+02 5.834282e+02 1.011995e+03  
3.919100e-01 1.800614e+02 3.839396e+02 5.731931e+02 9.960824e+02  
3.973730e-01 1.760982e+02 3.766247e+02 5.631208e+02 9.803991e+02  
4.029122e-01 1.722276e+02 3.694726e+02 5.532640e+02 9.650311e+02  
4.085286e-01 1.684702e+02 3.625185e+02 5.436713e+02 9.500577e+02  
4.142232e-01 1.648365e+02 3.557807e+02 5.343679e+02 9.355197e+02  
4.199973e-01 1.613135e+02 3.492362e+02 5.253219e+02 9.213657e+02  
4.258518e-01 1.578906e+02 3.428662e+02 5.165078e+02 9.075553e+02  
4.317880e-01 1.545594e+02 3.366560e+02 5.079053e+02 8.940560e+02  
4.378069e-01 1.513063e+02 3.305820e+02 4.994821e+02 8.808167e+02  
4.439097e-01 1.481145e+02 3.246153e+02 4.911989e+02 8.677754e+02  
4.500975e-01 1.449771e+02 3.187436e+02 4.830389e+02 8.549065e+02  
4.563716e-01 1.419063e+02 3.129881e+02 4.750316e+02 8.422576e+02  
4.627332e-01 1.389035e+02 3.073510e+02 4.671800e+02 8.298342e+02  
4.691835e-01 1.359693e+02 3.018336e+02 4.594859e+02 8.176397e+02  
4.757236e-01 1.331114e+02 2.964484e+02 4.519667e+02 8.057020e+02  
4.823549e-01 1.303346e+02 2.912039e+02 4.446337e+02 7.940388e+02  
4.890787e-01 1.276331e+02 2.860896e+02 4.374726e+02 7.826278e+02  
4.958962e-01 1.249944e+02 2.810841e+02 4.304546e+02 7.714242e+02  
5.028087e-01 1.224197e+02 2.761895e+02 4.235824e+02 7.604323e+02  
5.098176e-01 1.199043e+02 2.713974e+02 4.168448e+02 7.496351e+02  
5.169242e-01 1.174404e+02 2.666947e+02 4.102241e+02 7.390055e+02  
5.241298e-01 1.150300e+02 2.620847e+02 4.037250e+02 7.285512e+02  
5.314359e-01 1.126798e+02 2.575786e+02 3.973624e+02 7.182954e+02  
5.388438e-01 1.103847e+02 2.531674e+02 3.911245e+02 7.082202e+02  
5.463550e-01 1.081463e+02 2.488540e+02 3.850150e+02 6.983311e+02  
5.539709e-01 1.059639e+02 2.446370e+02 3.790322e+02 6.886256e+02  
5.616930e-01 1.038344e+02 2.405110e+02 3.731686e+02 6.790925e+02  
5.695227e-01 1.017531e+02 2.364678e+02 3.674136e+02 6.697155e+02  
5.774615e-01 9.972063e+01 2.325088e+02 3.617688e+02 6.604972e+02  
5.855110e-01 9.773427e+01 2.286291e+02 3.562276e+02 6.514280e+02  
5.936727e-01 9.579256e+01 2.248261e+02 3.507869e+02 6.425032e+02  
6.019482e-01 9.389868e+01 2.211050e+02 3.454535e+02 6.337326e+02  
6.103390e-01 9.204797e+01 2.174581e+02 3.402169e+02 6.251010e+02  
6.188468e-01 9.024025e+01 2.138848e+02 3.350767e+02 6.166074e+02  
6.274732e-01 8.847740e+01 2.103882e+02 3.300366e+02 6.082574e+02  
6.362198e-01 8.675409e+01 2.069593e+02 3.250849e+02 6.000337e+02  
6.450884e-01 8.507032e+01 2.035981e+02 3.202216e+02 5.919361e+02  
6.540806e-01 8.342482e+01 2.003023e+02 3.154437e+02 5.839603e+02  
6.631981e-01 8.181643e+01 1.970701e+02 3.107486e+02 5.761025e+02  
6.724427e-01 8.024547e+01 1.939017e+02 3.061368e+02 5.683631e+02  
6.818162e-01 7.871109e+01 1.907957e+02 3.016063e+02 5.607391e+02  
6.913204e-01 7.721199e+01 1.877499e+02 2.971542e+02 5.532263e+02  
7.009570e-01 7.574672e+01 1.847618e+02 2.927772e+02 5.458199e+02  
7.107280e-01 7.431432e+01 1.818298e+02 2.884732e+02 5.385167e+02  
7.206351e-01 7.291417e+01 1.789527e+02 2.842408e+02 5.313146e+02  
7.306804e-01 7.154553e+01 1.761294e+02 2.800782e+02 5.242110e+02  
7.408657e-01 7.020758e+01 1.733583e+02 2.759836e+02 5.172032e+02  
7.511929e-01 6.889957e+01 1.706382e+02 2.719553e+02 5.102885e+02  
7.616642e-01 6.762068e+01 1.679677e+02 2.679914e+02 5.034638e+02  
7.722814e-01 6.636995e+01 1.653452e+02 2.640898e+02 4.967271e+02  
7.830465e-01 6.514658e+01 1.627693e+02 2.602489e+02 4.900754e+02  
7.939618e-01 6.394999e+01 1.602390e+02 2.564673e+02 4.835067e+02  
8.050292e-01 6.277951e+01 1.577532e+02 2.527434e+02 4.770188e+02  
8.162509e-01 6.163442e+01 1.553106e+02 2.490758e+02 4.706093e+02  
8.276289e-01 6.051411e+01 1.529102e+02 2.454630e+02 4.642765e+02  
8.391656e-01 5.941796e+01 1.505511e+02 2.419037e+02 4.580188e+02  
8.508632e-01 5.834530e+01 1.482319e+02 2.383965e+02 4.518330e+02  
8.627237e-01 5.729543e+01 1.459517e+02 2.349400e+02 4.457177e+02  
8.747496e-01 5.626784e+01 1.437095e+02 2.315328e+02 4.396717e+02  
8.869432e-01 5.526198e+01 1.415044e+02 2.281740e+02 4.336924e+02  
8.993067e-01 5.427721e+01 1.393353e+02 2.248622e+02 4.277784e+02  
9.118425e-01 5.331300e+01 1.372015e+02 2.215962e+02 4.219281e+02  
9.245531e-01 5.236889e+01 1.351020e+02 2.183750e+02 4.161401e+02  
9.374409e-01 5.144433e+01 1.330360e+02 2.151976e+02 4.104129e+02  
9.505083e-01 5.053877e+01 1.310027e+02 2.120627e+02 4.047446e+02  
9.637579e-01 4.965174e+01 1.290012e+02 2.089695e+02 3.991346e+02  
9.771921e-01 4.878275e+01 1.270307e+02 2.059170e+02 3.935813e+02  
9.908137e-01 4.793126e+01 1.250904e+02 2.029040e+02 3.880833e+02  
1.004625e+00 4.709678e+01 1.231795e+02 1.999296e+02 3.826393e+02  
1.018629e+00 4.627894e+01 1.212974e+02 1.969932e+02 3.772483e+02  
1.032828e+00 4.547735e+01 1.194434e+02 1.940938e+02 3.719092e+02  
1.047225e+00 4.469154e+01 1.176169e+02 1.912306e+02 3.666212e+02  
1.061823e+00 4.392114e+01 1.158172e+02 1.884029e+02 3.613830e+02  
1.076624e+00 4.316577e+01 1.140438e+02 1.856100e+02 3.561940e+02  
1.091632e+00 4.242501e+01 1.122959e+02 1.828511e+02 3.510532e+02  
1.106848e+00 4.169842e+01 1.105729e+02 1.801253e+02 3.459596e+02  
1.122277e+00 4.098571e+01 1.088744e+02 1.774322e+02 3.409127e+02  
1.137921e+00 4.028654e+01 1.071998e+02 1.747711e+02 3.359117e+02  
1.153783e+00 3.960056e+01 1.055486e+02 1.721414e+02 3.309558e+02  
1.169866e+00 3.892742e+01 1.039202e+02 1.695425e+02 3.260446e+02  
1.186174e+00 3.826686e+01 1.023143e+02 1.669739e+02 3.211774e+02  
1.202708e+00 3.761855e+01 1.007304e+02 1.644351e+02 3.163537e+02  
1.219473e+00 3.698214e+01 9.916784e+01 1.619254e+02 3.115729e+02  
1.236472e+00 3.635736e+01 9.762636e+01 1.594444e+02 3.068346e+02  
1.253708e+00 3.574391e+01 9.610548e+01 1.569917e+02 3.021384e+02  
1.271184e+00 3.514148e+01 9.460474e+01 1.545667e+02 2.974838e+02  
1.288904e+00 3.454976e+01 9.312372e+01 1.521690e+02 2.928705e+02  
1.306870e+00 3.396854e+01 9.166211e+01 1.497982e+02 2.882982e+02  
1.325087e+00 3.339760e+01 9.021956e+01 1.474540e+02 2.837666e+02  
1.343558e+00 3.283667e+01 8.879571e+01 1.451359e+02 2.792756e+02  
1.362287e+00 3.228553e+01 8.739024e+01 1.428436e+02 2.748248e+02  
1.381276e+00 3.174398e+01 8.600287e+01 1.405769e+02 2.704141e+02  
1.400531e+00 3.121177e+01 8.463325e+01 1.383354e+02 2.660434e+02  
1.420053e+00 3.068866e+01 8.328106e+01 1.361187e+02 2.617124e+02  
1.439848e+00 3.017446e+01 8.194603e+01 1.339266e+02 2.574212e+02  
1.459919e+00 2.966895e+01 8.062788e+01 1.317588e+02 2.531696e+02  
1.480269e+00 2.917192e+01 7.932630e+01 1.296149e+02 2.489576e+02  
1.500903e+00 2.868314e+01 7.804103e+01 1.274948e+02 2.447850e+02  
1.521825e+00 2.820246e+01 7.677184e+01 1.253983e+02 2.406520e+02  
1.543038e+00 2.772968e+01 7.551849e+01 1.233250e+02 2.365586e+02  
1.564548e+00 2.726462e+01 7.428073e+01 1.212748e+02 2.325046e+02  
1.586357e+00 2.680712e+01 7.305837e+01 1.192474e+02 2.284903e+02  
1.608469e+00 2.635703e+01 7.185120e+01 1.172428e+02 2.245157e+02  
1.630891e+00 2.591420e+01 7.065904e+01 1.152607e+02 2.205809e+02  
1.653624e+00 2.547846e+01 6.948167e+01 1.133009e+02 2.166859e+02  
1.676675e+00 2.504968e+01 6.831892e+01 1.113632e+02 2.128309e+02  
1.700047e+00 2.462769e+01 6.717059e+01 1.094476e+02 2.090159e+02  
1.723745e+00 2.421233e+01 6.603650e+01 1.075538e+02 2.052412e+02  
1.747773e+00 2.380346e+01 6.491648e+01 1.056818e+02 2.015068e+02  
1.772136e+00 2.340097e+01 6.381038e+01 1.038313e+02 1.978128e+02  
1.796838e+00 2.300474e+01 6.271804e+01 1.020023e+02 1.941595e+02  
1.821885e+00 2.261461e+01 6.163931e+01 1.001946e+02 1.905469e+02  
1.847281e+00 2.223049e+01 6.057406e+01 9.840811e+01 1.869753e+02  
1.873032e+00 2.185226e+01 5.952214e+01 9.664275e+01 1.834447e+02  
1.899141e+00 2.147979e+01 5.848341e+01 9.489838e+01 1.799553e+02  
1.925614e+00 2.111296e+01 5.745774e+01 9.317491e+01 1.765073e+02  
1.952456e+00 2.075169e+01 5.644501e+01 9.147225e+01 1.731008e+02  
1.979672e+00 2.039587e+01 5.544511e+01 8.979030e+01 1.697360e+02  
2.007267e+00 2.004539e+01 5.445791e+01 8.812898e+01 1.664130e+02  
2.035248e+00 1.970016e+01 5.348330e+01 8.648820e+01 1.631319e+02  
2.063618e+00 1.936008e+01 5.252117e+01 8.486788e+01 1.598928e+02  
2.092383e+00 1.902506e+01 5.157141e+01 8.326794e+01 1.566959e+02  
2.121550e+00 1.869500e+01 5.063391e+01 8.168830e+01 1.535412e+02  
2.151123e+00 1.836983e+01 4.970858e+01 8.012888e+01 1.504289e+02  
2.181109e+00 1.804946e+01 4.879533e+01 7.858961e+01 1.473590e+02  
2.211512e+00 1.773381e+01 4.789405e+01 7.707043e+01 1.443316e+02  
2.242340e+00 1.742281e+01 4.700466e+01 7.557126e+01 1.413467e+02  
2.273597e+00 1.711639e+01 4.612706e+01 7.409204e+01 1.384044e+02  
2.305289e+00 1.681445e+01 4.526117e+01 7.263268e+01 1.355046e+02  
2.337424e+00 1.651693e+01 4.440689e+01 7.119313e+01 1.326474e+02  
2.370006e+00 1.622376e+01 4.356414e+01 6.977330e+01 1.298328e+02  
2.403043e+00 1.593488e+01 4.273284e+01 6.837314e+01 1.270608e+02  
2.436540e+00 1.565022e+01 4.191290e+01 6.699258e+01 1.243313e+02  
2.470504e+00 1.536972e+01 4.110426e+01 6.563154e+01 1.216441e+02  
2.504942e+00 1.509332e+01 4.030682e+01 6.428995e+01 1.189993e+02  
2.539859e+00 1.482096e+01 3.952051e+01 6.296775e+01 1.163967e+02  
2.575263e+00 1.455257e+01 3.874526e+01 6.166484e+01 1.138362e+02  
2.611161e+00 1.428810e+01 3.798097e+01 6.038114e+01 1.113177e+02  
2.647559e+00 1.402750e+01 3.722759e+01 5.911661e+01 1.088410e+02  
2.684465e+00 1.377071e+01 3.648503e+01 5.787113e+01 1.064059e+02  
2.721885e+00 1.351769e+01 3.575322e+01 5.664465e+01 1.040121e+02  
2.759826e+00 1.326837e+01 3.503208e+01 5.543706e+01 1.016597e+02  
2.798297e+00 1.302272e+01 3.432156e+01 5.424827e+01 9.934812e+01  
2.837304e+00 1.278067e+01 3.362156e+01 5.307820e+01 9.707731e+01  
2.876854e+00 1.254220e+01 3.293202e+01 5.192678e+01 9.484694e+01  
2.916956e+00 1.230725e+01 3.225286e+01 5.079386e+01 9.265675e+01  
2.957617e+00 1.207578e+01 3.158401e+01 4.967937e+01 9.050642e+01  
2.998844e+00 1.184774e+01 3.092540e+01 4.858320e+01 8.839564e+01  
3.040646e+00 1.162309e+01 3.027696e+01 4.750523e+01 8.632409e+01  
3.083031e+00 1.140180e+01 2.963863e+01 4.644537e+01 8.429143e+01  
3.126007e+00 1.118381e+01 2.901030e+01 4.540348e+01 8.229729e+01  
3.169582e+00 1.096910e+01 2.839193e+01 4.437945e+01 8.034132e+01  
3.213764e+00 1.075761e+01 2.778343e+01 4.337316e+01 7.842337e+01  
3.258562e+00 1.054933e+01 2.718474e+01 4.238447e+01 7.654262e+01  
3.303985e+00 1.034419e+01 2.659577e+01 4.141326e+01 7.469886e+01  
3.350041e+00 1.014217e+01 2.601645e+01 4.045939e+01 7.289103e+01  
3.396739e+00 9.943241e+00 2.544671e+01 3.952271e+01 7.111993e+01  
3.444087e+00 9.747366e+00 2.488647e+01 3.860309e+01 6.938493e+01  
3.492096e+00 9.554499e+00 2.433565e+01 3.770038e+01 6.768492e+01  
3.540774e+00 9.364613e+00 2.379419e+01 3.681442e+01 6.601978e+01  
3.590130e+00 9.177675e+00 2.326199e+01 3.594505e+01 6.438907e+01  
3.640175e+00 8.993649e+00 2.273898e+01 3.509213e+01 6.279232e+01  
3.690917e+00 8.812504e+00 2.222509e+01 3.425548e+01 6.122908e+01  
3.742366e+00 8.634209e+00 2.172023e+01 3.343494e+01 5.969890e+01  
3.794533e+00 8.458732e+00 2.122432e+01 3.263037e+01 5.820130e+01  
3.847427e+00 8.286042e+00 2.073727e+01 3.184155e+01 5.673583e+01  
3.901058e+00 8.116109e+00 2.025902e+01 3.106829e+01 5.530202e+01  
3.955436e+00 7.948902e+00 1.978947e+01 3.031042e+01 5.389938e+01  
4.010573e+00 7.784391e+00 1.932853e+01 2.956782e+01 5.252745e+01  
4.066478e+00 7.622545e+00 1.887613e+01 2.884032e+01 5.118576e+01  
4.123163e+00 7.463336e+00 1.843218e+01 2.812765e+01 4.987382e+01  
4.180637e+00 7.306735e+00 1.799658e+01 2.742965e+01 4.859117e+01  
4.238913e+00 7.152712e+00 1.756926e+01 2.674614e+01 4.733734e+01  
4.298001e+00 7.001240e+00 1.715011e+01 2.607692e+01 4.611183e+01  
4.357913e+00 6.852290e+00 1.673906e+01 2.542180e+01 4.491419e+01  
4.418660e+00 6.705834e+00 1.633601e+01 2.478059e+01 4.374394e+01  
4.480254e+00 6.561845e+00 1.594087e+01 2.415310e+01 4.260061e+01  
4.542706e+00 6.420294e+00 1.555355e+01 2.353912e+01 4.148373e+01  
4.606029e+00 6.281155e+00 1.517395e+01 2.293845e+01 4.039284e+01  
4.670234e+00 6.144400e+00 1.480197e+01 2.235091e+01 3.932724e+01  
4.735335e+00 6.010001e+00 1.443753e+01 2.177629e+01 3.828714e+01  
4.801343e+00 5.877934e+00 1.408052e+01 2.121439e+01 3.727164e+01  
4.868271e+00 5.748170e+00 1.373086e+01 2.066501e+01 3.627984e+01  
4.936132e+00 5.620683e+00 1.338846e+01 2.012795e+01 3.531196e+01  
5.004939e+00 5.495448e+00 1.305319e+01 1.960302e+01 3.436732e+01  
5.074705e+00 5.372437e+00 1.272498e+01 1.909002e+01 3.344546e+01  
5.145444e+00 5.251625e+00 1.240373e+01 1.858874e+01 3.254596e+01  
5.217169e+00 5.132985e+00 1.208933e+01 1.809898e+01 3.166838e+01  
5.289893e+00 5.016493e+00 1.178168e+01 1.762055e+01 3.081228e+01  
5.363631e+00 4.902122e+00 1.148070e+01 1.715326e+01 2.997722e+01  
5.438397e+00 4.789848e+00 1.118627e+01 1.669690e+01 2.916280e+01  
5.514206e+00 4.679646e+00 1.089830e+01 1.625128e+01 2.836858e+01  
5.591071e+00 4.571483e+00 1.061669e+01 1.581622e+01 2.759415e+01  
5.669007e+00 4.465345e+00 1.034135e+01 1.539151e+01 2.683910e+01  
5.748030e+00 4.361204e+00 1.007216e+01 1.497695e+01 2.610302e+01  
5.828155e+00 4.259032e+00 9.809031e+00 1.457237e+01 2.538552e+01  
5.909396e+00 4.158805e+00 9.551866e+00 1.417758e+01 2.468642e+01  
5.991770e+00 4.060499e+00 9.300564e+00 1.379237e+01 2.400465e+01  
6.075292e+00 3.964089e+00 9.055028e+00 1.341658e+01 2.334049e+01  
6.159978e+00 3.869552e+00 8.815158e+00 1.305001e+01 2.269336e+01  
6.245845e+00 3.776862e+00 8.580858e+00 1.269248e+01 2.206289e+01  
6.332908e+00 3.685995e+00 8.352030e+00 1.234381e+01 2.144869e+01  
6.421186e+00 3.596927e+00 8.128579e+00 1.200383e+01 2.085040e+01  
6.510694e+00 3.509635e+00 7.910407e+00 1.167235e+01 2.026766e+01  
6.601449e+00 3.424093e+00 7.697423e+00 1.134927e+01 1.970013e+01  
6.693470e+00 3.340279e+00 7.489522e+00 1.103421e+01 1.914744e+01  
6.786773e+00 3.258168e+00 7.286611e+00 1.072711e+01 1.860928e+01  
6.881377e+00 3.177737e+00 7.088603e+00 1.042800e+01 1.808530e+01  
6.977300e+00 3.098962e+00 6.895400e+00 1.013646e+01 1.757518e+01  
7.074559e+00 3.021819e+00 6.706909e+00 9.852398e+00 1.707856e+01  
7.173175e+00 2.946286e+00 6.523037e+00 9.575659e+00 1.659513e+01  
7.273165e+00 2.872338e+00 6.343696e+00 9.306088e+00 1.612461e+01  
7.374549e+00 2.799953e+00 6.168793e+00 9.043521e+00 1.566729e+01  
7.477346e+00 2.729108e+00 5.998239e+00 8.787798e+00 1.522106e+01  
7.581576e+00 2.659778e+00 5.831950e+00 8.538767e+00 1.478740e+01  
7.687260e+00 2.591943e+00 5.669838e+00 8.296284e+00 1.436545e+01  
7.794416e+00 2.525577e+00 5.511817e+00 8.060199e+00 1.395490e+01  
7.903066e+00 2.460660e+00 5.357803e+00 7.830359e+00 1.355550e+01  
8.013230e+00 2.397166e+00 5.207710e+00 7.606547e+00 1.316695e+01  
8.124930e+00 2.335078e+00 5.061455e+00 7.388851e+00 1.278899e+01  
8.238187e+00 2.274369e+00 4.918954e+00 7.176985e+00 1.242138e+01  
8.353023e+00 2.215015e+00 4.780127e+00 6.970640e+00 1.206381e+01  
8.469460e+00 2.156998e+00 4.644892e+00 6.769935e+00 1.171606e+01  
8.587519e+00 2.100294e+00 4.513171e+00 6.574644e+00 1.137787e+01  
8.707225e+00 2.044882e+00 4.384886e+00 6.384636e+00 1.104904e+01  
8.828599e+00 1.990739e+00 4.259975e+00 6.199795e+00 1.072788e+01  
8.951665e+00 1.937832e+00 4.138326e+00 6.019997e+00 1.041841e+01  
9.076446e+00 1.886176e+00 4.019903e+00 5.845115e+00 1.011757e+01  
9.202967e+00 1.835721e+00 3.904621e+00 5.675022e+00 9.822305e+00  
9.331251e+00 1.786428e+00 3.792409e+00 5.509607e+00 9.536655e+00  
9.461324e+00 1.738308e+00 3.683195e+00 5.348734e+00 9.258986e+00  
9.593209e+00 1.691329e+00 3.576907e+00 5.192343e+00 8.989092e+00  
9.726934e+00 1.645469e+00 3.473477e+00 5.040296e+00 8.726769e+00  
9.862522e+00 1.600709e+00 3.372834e+00 4.892429e+00 8.471820e+00  
1.000000e+01 1.557028e+00 3.274912e+00 4.748528e+00 8.224064e+00  
