1.000000e-02 4.952906e+03 9.163175e+03 1.249727e+04 1.884416e+04  
1.013939e-02 4.980792e+03 9.214559e+03 1.256715e+04 1.894903e+04  
1.028073e-02 5.008275e+03 9.265190e+03 1.263599e+04 1.905232e+04  
1.042404e-02 5.035337e+03 9.315036e+03 1.270376e+04 1.915398e+04  
1.056935e-02 5.061960e+03 9.364066e+03 1.277041e+04 1.925395e+04  
1.071668e-02 5.088127e+03 9.412246e+03 1.283589e+04 1.935214e+04  
1.086606e-02 5.113819e+03 9.459542e+03 1.290017e+04 1.944850e+04  
1.101753e-02 5.139019e+03 9.505922e+03 1.296319e+04 1.954296e+04  
1.117111e-02 5.163708e+03 9.551352e+03 1.302490e+04 1.963544e+04  
1.132683e-02 5.187870e+03 9.595799e+03 1.308528e+04 1.972589e+04  
1.148472e-02 5.211485e+03 9.639230e+03 1.314426e+04 1.981422e+04  
1.164481e-02 5.234537e+03 9.681613e+03 1.320180e+04 1.990038e+04  
1.180713e-02 5.257009e+03 9.722916e+03 1.325787e+04 1.998430e+04  
1.197171e-02 5.278881e+03 9.763105e+03 1.331242e+04 2.006592e+04  
1.213859e-02 5.300138e+03 9.802150e+03 1.336540e+04 2.014516e+04  
1.230780e-02 5.320763e+03 9.840019e+03 1.341676e+04 2.022196e+04  
1.247936e-02 5.340736e+03 9.876677e+03 1.346648e+04 2.029626e+04  
1.265332e-02 5.360037e+03 9.912087e+03 1.351448e+04 2.036797e+04  
1.282970e-02 5.378648e+03 9.946213e+03 1.356073e+04 2.043703e+04  
1.300854e-02 5.396548e+03 9.979019e+03 1.360517e+04 2.050335e+04  
1.318987e-02 5.413719e+03 1.001047e+04 1.364776e+04 2.056687e+04  
1.337373e-02 5.430140e+03 1.004053e+04 1.368845e+04 2.062751e+04  
1.356015e-02 5.445792e+03 1.006916e+04 1.372718e+04 2.068520e+04  
1.374917e-02 5.460658e+03 1.009633e+04 1.376392e+04 2.073986e+04  
1.394083e-02 5.474715e+03 1.012200e+04 1.379861e+04 2.079143e+04  
1.413516e-02 5.487945e+03 1.014613e+04 1.383119e+04 2.083983e+04  
1.433219e-02 5.500329e+03 1.016869e+04 1.386163e+04 2.088498e+04  
1.453198e-02 5.511846e+03 1.018964e+04 1.388987e+04 2.092681e+04  
1.473454e-02 5.522480e+03 1.020896e+04 1.391587e+04 2.096526e+04  
1.493993e-02 5.532211e+03 1.022660e+04 1.393959e+04 2.100025e+04  
1.514819e-02 5.541021e+03 1.024253e+04 1.396097e+04 2.103172e+04  
1.535935e-02 5.548892e+03 1.025672e+04 1.397996e+04 2.105959e+04  
1.557345e-02 5.555805e+03 1.026913e+04 1.399654e+04 2.108380e+04  
1.579053e-02 5.561742e+03 1.027973e+04 1.401063e+04 2.110428e+04  
1.601064e-02 5.566685e+03 1.028849e+04 1.402222e+04 2.112096e+04  
1.623382e-02 5.570618e+03 1.029537e+04 1.403124e+04 2.113378e+04  
1.646012e-02 5.573526e+03 1.030036e+04 1.403767e+04 2.114269e+04  
1.668956e-02 5.575392e+03 1.030341e+04 1.404147e+04 2.114762e+04  
1.692220e-02 5.576200e+03 1.030450e+04 1.404259e+04 2.114852e+04  
1.715809e-02 5.575934e+03 1.030361e+04 1.404099e+04 2.114531e+04  
1.739726e-02 5.574579e+03 1.030069e+04 1.403663e+04 2.113796e+04  
1.763977e-02 5.572120e+03 1.029573e+04 1.402949e+04 2.112640e+04  
1.788566e-02 5.568544e+03 1.028870e+04 1.401952e+04 2.111058e+04  
1.813498e-02 5.563839e+03 1.027958e+04 1.400670e+04 2.109046e+04  
1.838777e-02 5.557994e+03 1.026835e+04 1.399100e+04 2.106601e+04  
1.864409e-02 5.550997e+03 1.025499e+04 1.397239e+04 2.103717e+04  
1.890397e-02 5.542836e+03 1.023947e+04 1.395084e+04 2.100390e+04  
1.916748e-02 5.533499e+03 1.022177e+04 1.392632e+04 2.096617e+04  
1.943467e-02 5.522978e+03 1.020189e+04 1.389881e+04 2.092393e+04  
1.970558e-02 5.511265e+03 1.017979e+04 1.386830e+04 2.087717e+04  
1.998026e-02 5.498355e+03 1.015549e+04 1.383476e+04 2.082585e+04  
2.025878e-02 5.484243e+03 1.012896e+04 1.379820e+04 2.076998e+04  
2.054117e-02 5.468924e+03 1.010019e+04 1.375859e+04 2.070953e+04  
2.082751e-02 5.452395e+03 1.006920e+04 1.371593e+04 2.064449e+04  
2.111783e-02 5.434654e+03 1.003596e+04 1.367022e+04 2.057485e+04  
2.141220e-02 5.415701e+03 1.000047e+04 1.362146e+04 2.050062e+04  
2.171068e-02 5.395539e+03 9.962760e+03 1.356965e+04 2.042181e+04  
2.201331e-02 5.374173e+03 9.922822e+03 1.351481e+04 2.033845e+04  
2.232016e-02 5.351611e+03 9.880674e+03 1.345696e+04 2.025056e+04  
2.263130e-02 5.327860e+03 9.836329e+03 1.339612e+04 2.015817e+04  
2.294676e-02 5.302924e+03 9.789797e+03 1.333230e+04 2.006130e+04  
2.326663e-02 5.276813e+03 9.741095e+03 1.326552e+04 1.995999e+04  
2.359095e-02 5.249536e+03 9.690242e+03 1.319582e+04 1.985428e+04  
2.391980e-02 5.221108e+03 9.637266e+03 1.312323e+04 1.974423e+04  
2.425323e-02 5.191546e+03 9.582197e+03 1.304778e+04 1.962990e+04  
2.459130e-02 5.160871e+03 9.525075e+03 1.296955e+04 1.951137e+04  
2.493409e-02 5.129102e+03 9.465937e+03 1.288857e+04 1.938873e+04  
2.528166e-02 5.096256e+03 9.404815e+03 1.280489e+04 1.926203e+04  
2.563407e-02 5.062354e+03 9.341747e+03 1.271856e+04 1.913135e+04  
2.599140e-02 5.027419e+03 9.276775e+03 1.262964e+04 1.899679e+04  
2.635371e-02 4.991478e+03 9.209952e+03 1.253821e+04 1.885846e+04  
2.672106e-02 4.954562e+03 9.141335e+03 1.244433e+04 1.871646e+04  
2.709354e-02 4.916707e+03 9.070989e+03 1.234811e+04 1.857095e+04  
2.747121e-02 4.877948e+03 8.998982e+03 1.224963e+04 1.842204e+04  
2.785414e-02 4.838317e+03 8.925371e+03 1.214897e+04 1.826988e+04  
2.824241e-02 4.797848e+03 8.850221e+03 1.204622e+04 1.811458e+04  
2.863610e-02 4.756579e+03 8.773603e+03 1.194148e+04 1.795629e+04  
2.903527e-02 4.714552e+03 8.695594e+03 1.183485e+04 1.779519e+04  
2.944000e-02 4.671815e+03 8.616284e+03 1.172646e+04 1.763144e+04  
2.985038e-02 4.628421e+03 8.535769e+03 1.161643e+04 1.746524e+04  
3.026648e-02 4.584421e+03 8.454147e+03 1.150490e+04 1.729681e+04  
3.068838e-02 4.539861e+03 8.371500e+03 1.139198e+04 1.712631e+04  
3.111616e-02 4.494785e+03 8.287911e+03 1.127779e+04 1.695390e+04  
3.154990e-02 4.449241e+03 8.203470e+03 1.116245e+04 1.677978e+04  
3.198969e-02 4.403283e+03 8.118276e+03 1.104609e+04 1.660415e+04  
3.243561e-02 4.356968e+03 8.032435e+03 1.092886e+04 1.642723e+04  
3.288774e-02 4.310360e+03 7.946063e+03 1.081091e+04 1.624925e+04  
3.334618e-02 4.263524e+03 7.859283e+03 1.069242e+04 1.607047e+04  
3.381101e-02 4.216513e+03 7.772192e+03 1.057352e+04 1.589108e+04  
3.428231e-02 4.169377e+03 7.684883e+03 1.045432e+04 1.571129e+04  
3.476019e-02 4.122170e+03 7.597453e+03 1.033497e+04 1.553128e+04  
3.524473e-02 4.074948e+03 7.510010e+03 1.021562e+04 1.535129e+04  
3.573602e-02 4.027775e+03 7.422666e+03 1.009641e+04 1.517153e+04  
3.623416e-02 3.980715e+03 7.335545e+03 9.977515e+03 1.499228e+04  
3.673925e-02 3.933838e+03 7.248773e+03 9.859106e+03 1.481378e+04  
3.725137e-02 3.887202e+03 7.162458e+03 9.741329e+03 1.463625e+04  
3.777064e-02 3.840856e+03 7.076689e+03 9.624306e+03 1.445989e+04  
3.829714e-02 3.794852e+03 6.991563e+03 9.508171e+03 1.428488e+04  
3.883098e-02 3.749246e+03 6.907181e+03 9.393059e+03 1.411145e+04  
3.937226e-02 3.704096e+03 6.823651e+03 9.279117e+03 1.393981e+04  
3.992109e-02 3.659463e+03 6.741084e+03 9.166499e+03 1.377018e+04  
4.047757e-02 3.615411e+03 6.659599e+03 9.055365e+03 1.360282e+04  
4.104181e-02 3.571986e+03 6.579281e+03 8.945829e+03 1.343790e+04  
4.161391e-02 3.529211e+03 6.500170e+03 8.837950e+03 1.327550e+04  
4.219398e-02 3.487109e+03 6.422308e+03 8.731781e+03 1.311571e+04  
4.278214e-02 3.445701e+03 6.345735e+03 8.627378e+03 1.295862e+04  
4.337850e-02 3.405008e+03 6.270488e+03 8.524792e+03 1.280429e+04  
4.398317e-02 3.365051e+03 6.196606e+03 8.424076e+03 1.265282e+04  
4.459628e-02 3.325851e+03 6.124127e+03 8.325281e+03 1.250427e+04  
4.521792e-02 3.287433e+03 6.053094e+03 8.228467e+03 1.235875e+04  
4.584824e-02 3.249828e+03 5.983569e+03 8.133716e+03 1.221637e+04  
4.648734e-02 3.213072e+03 5.915611e+03 8.041111e+03 1.207727e+04  
4.713535e-02 3.177198e+03 5.849285e+03 7.950739e+03 1.194157e+04  
4.779239e-02 3.142241e+03 5.784654e+03 7.862685e+03 1.180941e+04  
4.845859e-02 3.108238e+03 5.721782e+03 7.777037e+03 1.168092e+04  
4.913407e-02 3.075222e+03 5.660731e+03 7.693881e+03 1.155624e+04  
4.981898e-02 3.043189e+03 5.601491e+03 7.613202e+03 1.143534e+04  
5.051342e-02 3.012075e+03 5.543948e+03 7.534844e+03 1.131799e+04  
5.121755e-02 2.981808e+03 5.487964e+03 7.458622e+03 1.120392e+04  
5.193150e-02 2.952303e+03 5.433387e+03 7.384328e+03 1.109281e+04  
5.265540e-02 2.923469e+03 5.380049e+03 7.311735e+03 1.098431e+04  
5.338938e-02 2.895205e+03 5.327764e+03 7.240587e+03 1.087806e+04  
5.413360e-02 2.867418e+03 5.276359e+03 7.170654e+03 1.077369e+04  
5.488820e-02 2.840060e+03 5.225751e+03 7.101820e+03 1.067104e+04  
5.565331e-02 2.813090e+03 5.175862e+03 7.033980e+03 1.056995e+04  
5.642908e-02 2.786461e+03 5.126605e+03 6.967017e+03 1.047025e+04  
5.721568e-02 2.760121e+03 5.077887e+03 6.900804e+03 1.037173e+04  
5.801323e-02 2.734013e+03 5.029603e+03 6.835198e+03 1.027420e+04  
5.882190e-02 2.708066e+03 4.981621e+03 6.770022e+03 1.017737e+04  
5.964185e-02 2.682190e+03 4.933779e+03 6.705053e+03 1.008092e+04  
6.047322e-02 2.656285e+03 4.885894e+03 6.640045e+03 9.984475e+03  
6.131619e-02 2.630243e+03 4.837769e+03 6.574729e+03 9.887619e+03  
6.217090e-02 2.603946e+03 4.789191e+03 6.508816e+03 9.789915e+03  
6.303753e-02 2.577278e+03 4.739947e+03 6.442016e+03 9.690922e+03  
6.391624e-02 2.550159e+03 4.689892e+03 6.374133e+03 9.590339e+03  
6.480720e-02 2.522517e+03 4.638894e+03 6.304988e+03 9.487892e+03  
6.571058e-02 2.494271e+03 4.586812e+03 6.234386e+03 9.383281e+03  
6.662655e-02 2.465339e+03 4.533493e+03 6.162122e+03 9.276188e+03  
6.755528e-02 2.435639e+03 4.478788e+03 6.087992e+03 9.166300e+03  
6.849697e-02 2.405117e+03 4.422606e+03 6.011872e+03 9.053419e+03  
6.945178e-02 2.373731e+03 4.364865e+03 5.933650e+03 8.937371e+03  
7.041990e-02 2.341430e+03 4.305481e+03 5.853210e+03 8.817969e+03  
7.140151e-02 2.308166e+03 4.244362e+03 5.770429e+03 8.695022e+03  
7.239681e-02 2.273913e+03 4.181466e+03 5.685248e+03 8.568427e+03  
7.340598e-02 2.238689e+03 4.116828e+03 5.597711e+03 8.438247e+03  
7.442922e-02 2.202520e+03 4.050493e+03 5.507884e+03 8.304572e+03  
7.546673e-02 2.165433e+03 3.982517e+03 5.415838e+03 8.167503e+03  
7.651869e-02 2.127469e+03 3.912974e+03 5.321675e+03 8.027188e+03  
7.758532e-02 2.088712e+03 3.842018e+03 5.225602e+03 7.883937e+03  
7.866682e-02 2.049264e+03 3.769837e+03 5.127876e+03 7.738135e+03  
7.976339e-02 2.009239e+03 3.696637e+03 5.028776e+03 7.590203e+03  
8.087525e-02 1.968759e+03 3.622641e+03 4.928605e+03 7.440600e+03  
8.200261e-02 1.927954e+03 3.548089e+03 4.827687e+03 7.289818e+03  
8.314568e-02 1.886966e+03 3.473237e+03 4.726373e+03 7.138389e+03  
8.430468e-02 1.845948e+03 3.398364e+03 4.625040e+03 6.986888e+03  
8.547985e-02 1.805060e+03 3.323760e+03 4.524083e+03 6.835920e+03  
8.667139e-02 1.764449e+03 3.249691e+03 4.423862e+03 6.686037e+03  
8.787954e-02 1.724263e+03 3.176426e+03 4.324745e+03 6.537801e+03  
8.910453e-02 1.684663e+03 3.104255e+03 4.227124e+03 6.391815e+03  
9.034660e-02 1.645806e+03 3.033464e+03 4.131391e+03 6.248681e+03  
9.160598e-02 1.607839e+03 2.964315e+03 4.037898e+03 6.108944e+03  
9.288292e-02 1.570910e+03 2.897077e+03 3.947015e+03 5.973170e+03  
9.417766e-02 1.535176e+03 2.832032e+03 3.859122e+03 5.841952e+03  
9.549045e-02 1.500759e+03 2.769399e+03 3.774520e+03 5.715751e+03  
9.682153e-02 1.467762e+03 2.709361e+03 3.693455e+03 5.594955e+03  
9.817117e-02 1.436291e+03 2.652109e+03 3.616187e+03 5.479967e+03  
9.953962e-02 1.406454e+03 2.597836e+03 3.542981e+03 5.371201e+03  
1.009272e-01 1.378305e+03 2.546635e+03 3.473963e+03 5.268858e+03  
1.023340e-01 1.351838e+03 2.498495e+03 3.409116e+03 5.172920e+03  
1.037605e-01 1.327041e+03 2.453390e+03 3.348408e+03 5.083346e+03  
1.052069e-01 1.303894e+03 2.411282e+03 3.291784e+03 5.000061e+03  
1.066734e-01 1.282316e+03 2.372020e+03 3.239044e+03 4.922763e+03  
1.081604e-01 1.262172e+03 2.335361e+03 3.189853e+03 4.850945e+03  
1.096681e-01 1.243312e+03 2.301030e+03 3.143841e+03 4.784043e+03  
1.111968e-01 1.225569e+03 2.268724e+03 3.100595e+03 4.721428e+03  
1.127468e-01 1.208755e+03 2.238103e+03 3.059652e+03 4.662385e+03  
1.143184e-01 1.192661e+03 2.208790e+03 3.020497e+03 4.606123e+03  
1.159120e-01 1.177060e+03 2.180373e+03 2.982573e+03 4.551778e+03  
1.175277e-01 1.161733e+03 2.152460e+03 2.945342e+03 4.498514e+03  
1.191660e-01 1.146492e+03 2.124709e+03 2.908338e+03 4.445603e+03  
1.208271e-01 1.131132e+03 2.096754e+03 2.871061e+03 4.392260e+03  
1.225114e-01 1.115449e+03 2.068228e+03 2.833008e+03 4.337691e+03  
1.242191e-01 1.099287e+03 2.038852e+03 2.793797e+03 4.281288e+03  
1.259506e-01 1.082499e+03 2.008360e+03 2.753062e+03 4.222467e+03  
1.277063e-01 1.064933e+03 1.976483e+03 2.710432e+03 4.160633e+03  
1.294865e-01 1.046515e+03 1.943086e+03 2.665722e+03 4.095476e+03  
1.312915e-01 1.027209e+03 1.908111e+03 2.618847e+03 4.026853e+03  
1.331216e-01 1.006988e+03 1.871507e+03 2.569738e+03 3.954636e+03  
1.349772e-01 9.858982e+02 1.833360e+03 2.518507e+03 3.878990e+03  
1.368587e-01 9.640427e+02 1.793856e+03 2.465409e+03 3.800306e+03  
1.387665e-01 9.415395e+02 1.753208e+03 2.410733e+03 3.719031e+03  
1.407008e-01 9.185552e+02 1.711717e+03 2.354889e+03 3.635805e+03  
1.426621e-01 8.952949e+02 1.669750e+03 2.298379e+03 3.551420e+03  
1.446507e-01 8.719764e+02 1.627698e+03 2.241740e+03 3.466719e+03  
1.466671e-01 8.488038e+02 1.585928e+03 2.185470e+03 3.382494e+03  
1.487115e-01 8.259844e+02 1.544810e+03 2.130079e+03 3.299548e+03  
1.507845e-01 8.037283e+02 1.504719e+03 2.076080e+03 3.218697e+03  
1.528864e-01 7.822201e+02 1.465985e+03 2.023923e+03 3.140657e+03  
1.550175e-01 7.616492e+02 1.428945e+03 1.974071e+03 3.066163e+03  
1.571784e-01 7.421771e+02 1.393886e+03 1.926916e+03 2.995839e+03  
1.593694e-01 7.239301e+02 1.361031e+03 1.882765e+03 2.930177e+03  
1.615909e-01 7.070200e+02 1.330578e+03 1.841887e+03 2.869612e+03  
1.638434e-01 6.914614e+02 1.302549e+03 1.804316e+03 2.814202e+03  
1.661273e-01 6.772315e+02 1.276903e+03 1.769993e+03 2.763864e+03  
1.684430e-01 6.642371e+02 1.253470e+03 1.738690e+03 2.718244e+03  
1.707910e-01 6.523014e+02 1.231933e+03 1.709972e+03 2.676663e+03  
1.731717e-01 6.412240e+02 1.211932e+03 1.683348e+03 2.638348e+03  
1.755856e-01 6.307775e+02 1.193061e+03 1.658264e+03 2.602421e+03  
1.780332e-01 6.207198e+02 1.174889e+03 1.634127e+03 2.567943e+03  
1.805149e-01 6.108432e+02 1.157043e+03 1.610428e+03 2.534103e+03  
1.830312e-01 6.009505e+02 1.139174e+03 1.586685e+03 2.500127e+03  
1.855825e-01 5.908696e+02 1.120974e+03 1.562476e+03 2.465337e+03  
1.881694e-01 5.804514e+02 1.102180e+03 1.537436e+03 2.429139e+03  
1.907924e-01 5.695725e+02 1.082570e+03 1.511262e+03 2.391040e+03  
1.934520e-01 5.581486e+02 1.061998e+03 1.483747e+03 2.350700e+03  
1.961486e-01 5.461419e+02 1.040396e+03 1.454798e+03 2.307961e+03  
1.988828e-01 5.335978e+02 1.017846e+03 1.424528e+03 2.263000e+03  
2.016551e-01 5.206105e+02 9.945169e+02 1.393167e+03 2.216183e+03  
2.044661e-01 5.073515e+02 9.707145e+02 1.361135e+03 2.168188e+03  
2.073162e-01 4.940178e+02 9.467890e+02 1.328916e+03 2.119794e+03  
2.102061e-01 4.808274e+02 9.231278e+02 1.297042e+03 2.071861e+03  
2.131362e-01 4.679820e+02 9.000881e+02 1.266006e+03 2.025184e+03  
2.161073e-01 4.556435e+02 8.779566e+02 1.236201e+03 1.980403e+03  
2.191197e-01 4.439401e+02 8.569591e+02 1.207938e+03 1.938019e+03  
2.221741e-01 4.329586e+02 8.372478e+02 1.181428e+03 1.898373e+03  
2.252711e-01 4.227448e+02 8.189020e+02 1.156778e+03 1.861643e+03  
2.284112e-01 4.133051e+02 8.019316e+02 1.134004e+03 1.827855e+03  
2.315951e-01 4.045865e+02 7.862409e+02 1.112973e+03 1.796800e+03  
2.348235e-01 3.964954e+02 7.716632e+02 1.093457e+03 1.768115e+03  
2.380968e-01 3.888973e+02 7.579597e+02 1.075129e+03 1.741272e+03  
2.414157e-01 3.816388e+02 7.448583e+02 1.057613e+03 1.715672e+03  
2.447809e-01 3.745538e+02 7.320657e+02 1.040508e+03 1.690662e+03  
2.481930e-01 3.674867e+02 7.193066e+02 1.023433e+03 1.665631e+03  
2.516527e-01 3.602991e+02 7.063373e+02 1.006052e+03 1.640033e+03  
2.551606e-01 3.528962e+02 6.929909e+02 9.881365e+02 1.613494e+03  
2.587174e-01 3.452376e+02 6.791967e+02 9.695876e+02 1.585855e+03  
2.623238e-01 3.373434e+02 6.649911e+02 9.504556e+02 1.557198e+03  
2.659804e-01 3.292906e+02 6.505106e+02 9.309290e+02 1.527829e+03  
2.696881e-01 3.211883e+02 6.359476e+02 9.112734e+02 1.498181e+03  
2.734474e-01 3.131618e+02 6.215231e+02 8.917936e+02 1.468751e+03  
2.772591e-01 3.053228e+02 6.074332e+02 8.727601e+02 1.439979e+03  
2.811239e-01 2.977696e+02 5.938501e+02 8.544103e+02 1.412250e+03  
2.850426e-01 2.905830e+02 5.809150e+02 8.369386e+02 1.385881e+03  
2.890160e-01 2.838127e+02 5.687141e+02 8.204634e+02 1.361065e+03  
2.930447e-01 2.774663e+02 5.572595e+02 8.050012e+02 1.337827e+03  
2.971296e-01 2.715076e+02 5.464867e+02 7.904635e+02 1.316025e+03  
3.012714e-01 2.658627e+02 5.362651e+02 7.766703e+02 1.295370e+03  
3.054710e-01 2.604374e+02 5.264295e+02 7.633947e+02 1.275494e+03  
3.097291e-01 2.551372e+02 5.168140e+02 7.504085e+02 1.256030e+03  
3.140465e-01 2.498804e+02 5.072760e+02 7.375158e+02 1.236663e+03  
3.184242e-01 2.446063e+02 4.977093e+02 7.245707e+02 1.217157e+03  
3.228628e-01 2.392780e+02 4.880500e+02 7.114856e+02 1.197372e+03  
3.273634e-01 2.338997e+02 4.783058e+02 6.982718e+02 1.177329e+03  
3.319266e-01 2.285083e+02 4.685416e+02 6.850190e+02 1.157175e+03  
3.365535e-01 2.231607e+02 4.588565e+02 6.718639e+02 1.137133e+03  
3.412449e-01 2.179232e+02 4.493663e+02 6.589655e+02 1.117461e+03  
3.460016e-01 2.128509e+02 4.401661e+02 6.464552e+02 1.098371e+03  
3.508247e-01 2.079873e+02 4.313314e+02 6.344360e+02 1.080029e+03  
3.557150e-01 2.033492e+02 4.228903e+02 6.229465e+02 1.062498e+03  
3.606735e-01 1.989272e+02 4.148260e+02 6.119635e+02 1.045740e+03  
3.657011e-01 1.946874e+02 4.070792e+02 6.014055e+02 1.029624e+03  
3.707988e-01 1.905816e+02 3.995659e+02 5.911574e+02 1.013965e+03  
3.759675e-01 1.865677e+02 3.922129e+02 5.811192e+02 9.986048e+02  
3.812083e-01 1.826130e+02 3.849638e+02 5.712140e+02 9.834204e+02  
3.865221e-01 1.786924e+02 3.777755e+02 5.613829e+02 9.683195e+02  
3.919100e-01 1.747933e+02 3.706262e+02 5.515967e+02 9.532571e+02  
3.973730e-01 1.709279e+02 3.635371e+02 5.418848e+02 9.382819e+02  
4.029122e-01 1.671260e+02 3.565597e+02 5.323178e+02 9.235078e+02  
4.085286e-01 1.634196e+02 3.497488e+02 5.229706e+02 9.090547e+02  
4.142232e-01 1.598298e+02 3.431405e+02 5.138926e+02 8.950012e+02  
4.199973e-01 1.563588e+02 3.367381e+02 5.050880e+02 8.813540e+02  
4.258518e-01 1.530096e+02 3.305461e+02 4.965631e+02 8.681228e+02  
4.317880e-01 1.497748e+02 3.245519e+02 4.883004e+02 8.552799e+02  
4.378069e-01 1.466291e+02 3.187118e+02 4.802406e+02 8.427319e+02  
4.439097e-01 1.435482e+02 3.129840e+02 4.723271e+02 8.303905e+02  
4.500975e-01 1.405213e+02 3.073503e+02 4.645352e+02 8.182176e+02  
4.563716e-01 1.375477e+02 3.018093e+02 4.568635e+02 8.062118e+02  
4.627332e-01 1.346240e+02 2.963553e+02 4.493043e+02 7.943623e+02  
4.691835e-01 1.317551e+02 2.909969e+02 4.418694e+02 7.826882e+02  
4.757236e-01 1.289588e+02 2.857637e+02 4.345990e+02 7.712524e+02  
4.823549e-01 1.262420e+02 2.806672e+02 4.275086e+02 7.600790e+02  
4.890787e-01 1.236028e+02 2.757041e+02 4.205937e+02 7.491611e+02  
4.958962e-01 1.210366e+02 2.708665e+02 4.138437e+02 7.384821e+02  
5.028087e-01 1.185410e+02 2.661499e+02 4.072522e+02 7.280323e+02  
5.098176e-01 1.161020e+02 2.615306e+02 4.007877e+02 7.177635e+02  
5.169242e-01 1.137133e+02 2.569983e+02 3.944363e+02 7.076549e+02  
5.241298e-01 1.113758e+02 2.525540e+02 3.881998e+02 6.977093e+02  
5.314359e-01 1.090887e+02 2.481966e+02 3.820763e+02 6.879247e+02  
5.388438e-01 1.068513e+02 2.439246e+02 3.760641e+02 6.782985e+02  
5.463550e-01 1.046700e+02 2.397488e+02 3.701776e+02 6.688527e+02  
5.539709e-01 1.025472e+02 2.356726e+02 3.644214e+02 6.595937e+02  
5.616930e-01 1.004757e+02 2.316844e+02 3.587798e+02 6.504985e+02  
5.695227e-01 9.845746e+01 2.277868e+02 3.532565e+02 6.415721e+02  
5.774615e-01 9.648548e+01 2.239684e+02 3.478362e+02 6.327920e+02  
5.855110e-01 9.455687e+01 2.202243e+02 3.425124e+02 6.241487e+02  
5.936727e-01 9.267230e+01 2.165554e+02 3.372865e+02 6.156443e+02  
6.019482e-01 9.083047e+01 2.129595e+02 3.321556e+02 6.072745e+02  
6.103390e-01 8.903153e+01 2.094367e+02 3.271198e+02 5.990395e+02  
6.188468e-01 8.727637e+01 2.059885e+02 3.221808e+02 5.909416e+02  
6.274732e-01 8.556386e+01 2.026127e+02 3.173359e+02 5.829769e+02  
6.362198e-01 8.389053e+01 1.993036e+02 3.125777e+02 5.751345e+02  
6.450884e-01 8.225656e+01 1.960614e+02 3.079063e+02 5.674145e+02  
6.540806e-01 8.066051e+01 1.928836e+02 3.033184e+02 5.598121e+02  
6.631981e-01 7.910087e+01 1.897678e+02 2.988108e+02 5.523227e+02  
6.724427e-01 7.757682e+01 1.867124e+02 2.943816e+02 5.449428e+02  
6.818162e-01 7.608769e+01 1.837163e+02 2.900293e+02 5.376713e+02  
6.913204e-01 7.463269e+01 1.807781e+02 2.857519e+02 5.305048e+02  
7.009570e-01 7.321092e+01 1.778962e+02 2.815475e+02 5.234405e+02  
7.107280e-01 7.182158e+01 1.750693e+02 2.774142e+02 5.164757e+02  
7.206351e-01 7.046391e+01 1.722961e+02 2.733504e+02 5.096077e+02  
7.306804e-01 6.913697e+01 1.695750e+02 2.693540e+02 5.028337e+02  
7.408657e-01 6.783986e+01 1.669044e+02 2.654229e+02 4.961512e+02  
7.511929e-01 6.657186e+01 1.642831e+02 2.615556e+02 4.895568e+02  
7.616642e-01 6.533219e+01 1.617097e+02 2.577503e+02 4.830487e+02  
7.722814e-01 6.411998e+01 1.591830e+02 2.540052e+02 4.766240e+02  
7.830465e-01 6.293450e+01 1.567015e+02 2.503187e+02 4.702806e+02  
7.939618e-01 6.177514e+01 1.542642e+02 2.466893e+02 4.640168e+02  
8.050292e-01 6.064123e+01 1.518701e+02 2.431157e+02 4.578297e+02  
8.162509e-01 5.953201e+01 1.495179e+02 2.395963e+02 4.517175e+02  
8.276289e-01 5.844691e+01 1.472065e+02 2.361297e+02 4.456783e+02  
8.391656e-01 5.738536e+01 1.449351e+02 2.327148e+02 4.397105e+02  
8.508632e-01 5.634667e+01 1.427024e+02 2.293500e+02 4.338118e+02  
8.627237e-01 5.533022e+01 1.405075e+02 2.260342e+02 4.279802e+02  
8.747496e-01 5.433552e+01 1.383496e+02 2.227661e+02 4.222149e+02  
8.869432e-01 5.336200e+01 1.362276e+02 2.195447e+02 4.165139e+02  
8.993067e-01 5.240905e+01 1.341406e+02 2.163686e+02 4.108754e+02  
9.118425e-01 5.147614e+01 1.320878e+02 2.132368e+02 4.052980e+02  
9.245531e-01 5.056278e+01 1.300683e+02 2.101482e+02 3.997801e+02  
9.374409e-01 4.966841e+01 1.280811e+02 2.071018e+02 3.943204e+02  
9.505083e-01 4.879245e+01 1.261255e+02 2.040962e+02 3.889172e+02  
9.637579e-01 4.793449e+01 1.242006e+02 2.011309e+02 3.835695e+02  
9.771921e-01 4.709410e+01 1.223059e+02 1.982047e+02 3.782760e+02  
9.908137e-01 4.627079e+01 1.204404e+02 1.953168e+02 3.730356e+02  
1.004625e+00 4.546411e+01 1.186036e+02 1.924663e+02 3.678471e+02  
1.018629e+00 4.467370e+01 1.167947e+02 1.896525e+02 3.627095e+02  
1.032828e+00 4.389910e+01 1.150132e+02 1.868744e+02 3.576217e+02  
1.047225e+00 4.313987e+01 1.132582e+02 1.841313e+02 3.525827e+02  
1.061823e+00 4.239561e+01 1.115292e+02 1.814224e+02 3.475917e+02  
1.076624e+00 4.166594e+01 1.098256e+02 1.787470e+02 3.426476e+02  
1.091632e+00 4.095041e+01 1.081466e+02 1.761042e+02 3.377495e+02  
1.106848e+00 4.024862e+01 1.064917e+02 1.734934e+02 3.328968e+02  
1.122277e+00 3.956031e+01 1.048605e+02 1.709141e+02 3.280886e+02  
1.137921e+00 3.888516e+01 1.032524e+02 1.683656e+02 3.233245e+02  
1.153783e+00 3.822284e+01 1.016670e+02 1.658474e+02 3.186036e+02  
1.169866e+00 3.757305e+01 1.001038e+02 1.633589e+02 3.139255e+02  
1.186174e+00 3.693549e+01 9.856226e+01 1.608997e+02 3.092896e+02  
1.202708e+00 3.630983e+01 9.704199e+01 1.584691e+02 3.046952e+02  
1.219473e+00 3.569571e+01 9.554244e+01 1.560666e+02 3.001419e+02  
1.236472e+00 3.509289e+01 9.406323e+01 1.536917e+02 2.956292e+02  
1.253708e+00 3.450109e+01 9.260397e+01 1.513440e+02 2.911567e+02  
1.271184e+00 3.392002e+01 9.116422e+01 1.490230e+02 2.867240e+02  
1.288904e+00 3.334940e+01 8.974358e+01 1.467284e+02 2.823307e+02  
1.306870e+00 3.278900e+01 8.834171e+01 1.444596e+02 2.779766e+02  
1.325087e+00 3.223857e+01 8.695826e+01 1.422164e+02 2.736612e+02  
1.343558e+00 3.169783e+01 8.559283e+01 1.402974e+02 2.693844e+02  
1.362287e+00 3.116656e+01 8.424513e+01 1.378049e+02 2.651458e+02  
1.381276e+00 3.064458e+01 8.291486e+01 1.356361e+02 2.609454e+02  
1.400531e+00 3.013166e+01 8.160173e+01 1.334914e+02 2.567829e+02  
1.420053e+00 2.962757e+01 8.030542e+01 1.313706e+02 2.526582e+02  
1.439848e+00 2.913212e+01 7.902566e+01 1.292734e+02 2.485711e+02  
1.459919e+00 2.864510e+01 7.776216e+01 1.271994e+02 2.445216e+02  
1.480269e+00 2.816627e+01 7.651461e+01 1.251484e+02 2.405094e+02  
1.500903e+00 2.769544e+01 7.528276e+01 1.231202e+02 2.365347e+02  
1.521825e+00 2.723246e+01 7.406640e+01 1.211144e+02 2.325972e+02  
1.543038e+00 2.677716e+01 7.286531e+01 1.191310e+02 2.286971e+02  
1.564548e+00 2.632935e+01 7.167924e+01 1.171696e+02 2.248343e+02  
1.586357e+00 2.586251e+01 7.050799e+01 1.152301e+02 2.210088e+02  
1.608469e+00 2.545559e+01 6.935135e+01 1.133123e+02 2.172207e+02  
1.630891e+00 2.502930e+01 6.820911e+01 1.114160e+02 2.134699e+02  
1.653624e+00 2.460986e+01 6.708106e+01 1.095410e+02 2.097566e+02  
1.676675e+00 2.419713e+01 6.596703e+01 1.076871e+02 2.060808e+02  
1.700047e+00 2.379099e+01 6.486686e+01 1.058542e+02 2.024425e+02  
1.723745e+00 2.339127e+01 6.378035e+01 1.040422e+02 1.988420e+02  
1.747773e+00 2.299786e+01 6.270735e+01 1.022508e+02 1.952792e+02  
1.772136e+00 2.261062e+01 6.164770e+01 1.004800e+02 1.917542e+02  
1.796838e+00 2.222941e+01 6.060123e+01 9.872955e+01 1.882673e+02  
1.821885e+00 2.185410e+01 5.956777e+01 9.699940e+01 1.848185e+02  
1.847281e+00 2.148458e+01 5.854721e+01 9.528942e+01 1.814078e+02  
1.873032e+00 2.112073e+01 5.753940e+01 9.359948e+01 1.780355e+02  
1.899141e+00 2.076246e+01 5.654420e+01 9.192949e+01 1.747017e+02  
1.925614e+00 2.040963e+01 5.556149e+01 9.027932e+01 1.714064e+02  
1.952456e+00 2.006217e+01 5.459115e+01 8.864890e+01 1.681499e+02  
1.979672e+00 1.971996e+01 5.363305e+01 8.703811e+01 1.649322e+02  
2.007267e+00 1.938291e+01 5.268707e+01 8.544687e+01 1.617534e+02  
2.035248e+00 1.905091e+01 5.175311e+01 8.387509e+01 1.586137e+02  
2.063618e+00 1.872388e+01 5.083106e+01 8.232267e+01 1.555132e+02  
2.092383e+00 1.840173e+01 4.992080e+01 8.078955e+01 1.524519e+02  
2.121550e+00 1.808436e+01 4.902223e+01 7.927563e+01 1.494300e+02  
2.151123e+00 1.777171e+01 4.813526e+01 7.778084e+01 1.464475e+02  
2.181109e+00 1.746368e+01 4.725978e+01 7.630510e+01 1.435046e+02  
2.211512e+00 1.716019e+01 4.639570e+01 7.484834e+01 1.406012e+02  
2.242340e+00 1.686117e+01 4.554294e+01 7.341049e+01 1.377375e+02  
2.273597e+00 1.656654e+01 4.470139e+01 7.199147e+01 1.349134e+02  
2.305289e+00 1.627624e+01 4.387097e+01 7.059121e+01 1.321291e+02  
2.337424e+00 1.599018e+01 4.305159e+01 6.920964e+01 1.293845e+02  
2.370006e+00 1.570831e+01 4.224318e+01 6.784670e+01 1.266796e+02  
2.403043e+00 1.543056e+01 4.144564e+01 6.650231e+01 1.240144e+02  
2.436540e+00 1.515686e+01 4.065890e+01 6.517641e+01 1.213890e+02  
2.470504e+00 1.488715e+01 3.988287e+01 6.386892e+01 1.188032e+02  
2.504942e+00 1.462138e+01 3.911749e+01 6.257978e+01 1.162569e+02  
2.539859e+00 1.435948e+01 3.836266e+01 6.130891e+01 1.137501e+02  
2.575263e+00 1.410139e+01 3.761832e+01 6.005624e+01 1.112828e+02  
2.611161e+00 1.384707e+01 3.688440e+01 5.882170e+01 1.088548e+02  
2.647559e+00 1.359645e+01 3.616081e+01 5.760521e+01 1.064659e+02  
2.684465e+00 1.334948e+01 3.544749e+01 5.640671e+01 1.041161e+02  
2.721885e+00 1.310612e+01 3.474436e+01 5.522611e+01 1.018052e+02  
2.759826e+00 1.286632e+01 3.405135e+01 5.406333e+01 9.953300e+01  
2.798297e+00 1.263002e+01 3.336839e+01 5.291829e+01 9.729932e+01  
2.837304e+00 1.239718e+01 3.269542e+01 5.179090e+01 9.510395e+01  
2.876854e+00 1.216776e+01 3.203235e+01 5.068110e+01 9.294668e+01  
2.916956e+00 1.194171e+01 3.137913e+01 4.958878e+01 9.082727e+01  
2.957617e+00 1.171899e+01 3.073567e+01 4.851384e+01 8.874547e+01  
2.998844e+00 1.149956e+01 3.010191e+01 4.745620e+01 8.670102e+01  
3.040646e+00 1.128336e+01 2.947780e+01 4.641576e+01 8.469363e+01  
3.083031e+00 1.107037e+01 2.886325e+01 4.539242e+01 8.272301e+01  
3.126007e+00 1.086055e+01 2.825819e+01 4.438607e+01 8.078887e+01  
3.169582e+00 1.065385e+01 2.766255e+01 4.339661e+01 7.889088e+01  
3.213764e+00 1.045023e+01 2.707627e+01 4.242392e+01 7.702893e+01  
3.258562e+00 1.024967e+01 2.649928e+01 4.146789e+01 7.520229e+01  
3.303985e+00 1.005212e+01 2.593151e+01 4.052841e+01 7.341027e+01  
3.350041e+00 9.857557e+00 2.537288e+01 3.960534e+01 7.165346e+01  
3.396739e+00 9.665937e+00 2.482333e+01 3.869858e+01 6.993107e+01  
3.444087e+00 9.477229e+00 2.428279e+01 3.780799e+01 6.824304e+01  
3.492096e+00 9.291398e+00 2.375119e+01 3.693343e+01 6.658837e+01  
3.540774e+00 9.108414e+00 2.322845e+01 3.607478e+01 6.496695e+01  
3.590130e+00 8.928242e+00 2.271450e+01 3.523188e+01 6.337839e+01  
3.640175e+00 8.750851e+00 2.220927e+01 3.440461e+01 6.182228e+01  
3.690917e+00 8.576210e+00 2.171269e+01 3.359282e+01 6.029822e+01  
3.742366e+00 8.404289e+00 2.122468e+01 3.279636e+01 5.880578e+01  
3.794533e+00 8.235057e+00 2.074518e+01 3.201508e+01 5.734454e+01  
3.847427e+00 8.068486e+00 2.027409e+01 3.124880e+01 5.591409e+01  
3.901058e+00 7.904544e+00 1.981135e+01 3.049738e+01 5.451400e+01  
3.955436e+00 7.743205e+00 1.935688e+01 2.976063e+01 5.314383e+01  
4.010573e+00 7.584437e+00 1.891061e+01 2.903846e+01 5.180315e+01  
4.066478e+00 7.428214e+00 1.847245e+01 2.833070e+01 5.049153e+01  
4.123163e+00 7.274506e+00 1.804232e+01 2.763710e+01 4.920853e+01  
4.180637e+00 7.123288e+00 1.762016e+01 2.695754e+01 4.795372e+01  
4.238913e+00 6.974531e+00 1.720586e+01 2.629184e+01 4.672665e+01  
4.298001e+00 6.828207e+00 1.679936e+01 2.563983e+01 4.552689e+01  
4.357913e+00 6.684292e+00 1.640058e+01 2.500133e+01 4.435399e+01  
4.418660e+00 6.542757e+00 1.600942e+01 2.429044e+01 4.320752e+01  
4.480254e+00 6.403577e+00 1.562580e+01 2.376414e+01 4.208705e+01  
4.542706e+00 6.266725e+00 1.524966e+01 2.316510e+01 4.099212e+01  
4.606029e+00 6.132175e+00 1.488087e+01 2.257885e+01 3.992232e+01  
4.670234e+00 5.999902e+00 1.451938e+01 2.200521e+01 3.887704e+01  
4.735335e+00 5.869880e+00 1.416509e+01 2.144399e+01 3.785632e+01  
4.801343e+00 5.742085e+00 1.381790e+01 2.089501e+01 3.685945e+01  
4.868271e+00 5.616490e+00 1.347776e+01 2.035809e+01 3.588561e+01  
4.936132e+00 5.493070e+00 1.314455e+01 1.983304e+01 3.493491e+01  
5.004939e+00 5.371802e+00 1.281818e+01 1.931968e+01 3.400675e+01  
5.074705e+00 5.252660e+00 1.249857e+01 1.881782e+01 3.310071e+01  
5.145444e+00 5.135620e+00 1.218563e+01 1.832727e+01 3.221638e+01  
5.217169e+00 5.020657e+00 1.187927e+01 1.784785e+01 3.135333e+01  
5.289893e+00 4.907748e+00 1.157940e+01 1.737935e+01 3.051116e+01  
5.363631e+00 4.796868e+00 1.128591e+01 1.692166e+01 2.968946e+01  
5.438397e+00 4.687995e+00 1.099873e+01 1.647451e+01 2.888783e+01  
5.514206e+00 4.581099e+00 1.071776e+01 1.603778e+01 2.810587e+01  
5.591071e+00 4.476160e+00 1.044291e+01 1.561124e+01 2.734318e+01  
5.669007e+00 4.373159e+00 1.017408e+01 1.519474e+01 2.659937e+01  
5.748030e+00 4.272067e+00 9.911190e+00 1.478808e+01 2.587405e+01  
5.828155e+00 4.172862e+00 9.654135e+00 1.439109e+01 2.516684e+01  
5.909396e+00 4.075521e+00 9.402828e+00 1.400359e+01 2.447737e+01  
5.991770e+00 3.980020e+00 9.157177e+00 1.362540e+01 2.380526e+01  
6.075292e+00 3.886337e+00 8.917088e+00 1.325635e+01 2.315013e+01  
6.159978e+00 3.794449e+00 8.682472e+00 1.289626e+01 2.251162e+01  
6.245845e+00 3.704332e+00 8.453235e+00 1.254496e+01 2.188940e+01  
6.332908e+00 3.615964e+00 8.229287e+00 1.220227e+01 2.128309e+01  
6.421186e+00 3.529322e+00 8.010537e+00 1.186803e+01 2.069234e+01  
6.510694e+00 3.444383e+00 7.796895e+00 1.154206e+01 2.011681e+01  
6.601449e+00 3.361126e+00 7.588273e+00 1.122428e+01 1.955616e+01  
6.693470e+00 3.279527e+00 7.384569e+00 1.091434e+01 1.901006e+01  
6.786773e+00 3.199565e+00 7.185707e+00 1.061211e+01 1.847818e+01  
6.881377e+00 3.121217e+00 6.991594e+00 1.031766e+01 1.796020e+01  
6.977300e+00 3.044461e+00 6.802139e+00 1.003061e+01 1.745581e+01  
7.074559e+00 2.969274e+00 6.617257e+00 9.750863e+00 1.696467e+01  
7.173175e+00 2.895635e+00 6.436858e+00 9.478261e+00 1.648648e+01  
7.273165e+00 2.823522e+00 6.260858e+00 9.212662e+00 1.602094e+01  
7.374549e+00 2.752913e+00 6.089172e+00 8.953899e+00 1.556778e+01  
7.477346e+00 2.683787e+00 5.921712e+00 8.701827e+00 1.512669e+01  
7.581576e+00 2.616121e+00 5.758398e+00 8.456299e+00 1.469737e+01  
7.687260e+00 2.549894e+00 5.599147e+00 8.217174e+00 1.427955e+01  
7.794416e+00 2.485085e+00 5.443877e+00 7.984307e+00 1.387295e+01  
7.903066e+00 2.421671e+00 5.292507e+00 7.757553e+00 1.347731e+01  
8.013230e+00 2.359631e+00 5.144955e+00 7.536776e+00 1.309234e+01  
8.124930e+00 2.298949e+00 5.001143e+00 7.321778e+00 1.271780e+01  
8.238187e+00 2.239594e+00 4.860992e+00 7.112675e+00 1.235343e+01  
8.353023e+00 2.181553e+00 4.724421e+00 6.908950e+00 1.199900e+01  
8.469460e+00 2.124801e+00 4.591356e+00 6.710740e+00 1.165421e+01  
8.587519e+00 2.069319e+00 4.461720e+00 6.517841e+00 1.131885e+01  
8.707225e+00 2.015086e+00 4.335439e+00 6.330127e+00 1.099271e+01  
8.828599e+00 1.962080e+00 4.212452e+00 6.147483e+00 1.067553e+01  
8.951665e+00 1.910282e+00 4.092652e+00 5.969784e+00 1.036708e+01  
9.076446e+00 1.859661e+00 3.976004e+00 5.796919e+00 1.006840e+01  
9.202967e+00 1.810229e+00 3.862427e+00 5.628757e+00 9.775525e+00  
9.331251e+00 1.761935e+00 3.751850e+00 5.465191e+00 9.491987e+00  
9.461324e+00 1.714756e+00 3.644205e+00 5.306119e+00 9.216331e+00  
9.593209e+00 1.668690e+00 3.539425e+00 5.151396e+00 8.948353e+00  
9.726934e+00 1.623711e+00 3.437442e+00 5.000983e+00 8.687845e+00  
9.862522e+00 1.579798e+00 3.338189e+00 4.854520e+00 8.434644e+00  
1.000000e+01 1.536933e+00 3.241603e+00 4.712268e+00 8.188529e+00  
