1.000000e-02 6.151697e+03 1.127301e+04 1.530208e+04 2.295018e+04  
1.013939e-02 6.187155e+03 1.133774e+04 1.538970e+04 2.308099e+04  
1.028073e-02 6.222095e+03 1.140152e+04 1.547602e+04 2.320982e+04  
1.042404e-02 6.256491e+03 1.146430e+04 1.556098e+04 2.333659e+04  
1.056935e-02 6.290322e+03 1.152603e+04 1.564451e+04 2.346121e+04  
1.071668e-02 6.323561e+03 1.158667e+04 1.572655e+04 2.358359e+04  
1.086606e-02 6.356187e+03 1.164618e+04 1.580706e+04 2.370363e+04  
1.101753e-02 6.388174e+03 1.170451e+04 1.588595e+04 2.382126e+04  
1.117111e-02 6.419499e+03 1.176163e+04 1.596319e+04 2.393637e+04  
1.132683e-02 6.450138e+03 1.181747e+04 1.603870e+04 2.404889e+04  
1.148472e-02 6.480065e+03 1.187201e+04 1.611242e+04 2.415871e+04  
1.164481e-02 6.509258e+03 1.192519e+04 1.618430e+04 2.426575e+04  
1.180713e-02 6.537691e+03 1.197698e+04 1.625428e+04 2.436992e+04  
1.197171e-02 6.565338e+03 1.202731e+04 1.632228e+04 2.447111e+04  
1.213859e-02 6.592171e+03 1.207615e+04 1.638824e+04 2.456923e+04  
1.230780e-02 6.618164e+03 1.212344e+04 1.645209e+04 2.466418e+04  
1.247936e-02 6.643289e+03 1.216914e+04 1.651377e+04 2.475584e+04  
1.265332e-02 6.667519e+03 1.221318e+04 1.657321e+04 2.484413e+04  
1.282970e-02 6.690827e+03 1.225553e+04 1.663034e+04 2.492894e+04  
1.300854e-02 6.713185e+03 1.229613e+04 1.668508e+04 2.501017e+04  
1.318987e-02 6.734565e+03 1.233493e+04 1.673738e+04 2.508771e+04  
1.337373e-02 6.754937e+03 1.237188e+04 1.678715e+04 2.516145e+04  
1.356015e-02 6.774272e+03 1.240692e+04 1.683433e+04 2.523129e+04  
1.374917e-02 6.792540e+03 1.243999e+04 1.687884e+04 2.529711e+04  
1.394083e-02 6.809711e+03 1.247106e+04 1.692060e+04 2.535880e+04  
1.413516e-02 6.825758e+03 1.250005e+04 1.695955e+04 2.541626e+04  
1.433219e-02 6.840651e+03 1.252692e+04 1.699562e+04 2.546938e+04  
1.453198e-02 6.854360e+03 1.255162e+04 1.702872e+04 2.551805e+04  
1.473454e-02 6.866857e+03 1.257408e+04 1.705880e+04 2.556217e+04  
1.493993e-02 6.878113e+03 1.259427e+04 1.708577e+04 2.560162e+04  
1.514819e-02 6.888098e+03 1.261212e+04 1.710957e+04 2.563631e+04  
1.535935e-02 6.896786e+03 1.262759e+04 1.713013e+04 2.566612e+04  
1.557345e-02 6.904149e+03 1.264062e+04 1.714738e+04 2.569096e+04  
1.579053e-02 6.910160e+03 1.265117e+04 1.716125e+04 2.571073e+04  
1.601064e-02 6.914793e+03 1.265919e+04 1.717168e+04 2.572533e+04  
1.623382e-02 6.918017e+03 1.266463e+04 1.717860e+04 2.573466e+04  
1.646012e-02 6.919807e+03 1.266743e+04 1.718194e+04 2.573861e+04  
1.668956e-02 6.920136e+03 1.266754e+04 1.718163e+04 2.573709e+04  
1.692220e-02 6.918976e+03 1.266493e+04 1.717761e+04 2.572999e+04  
1.715809e-02 6.916304e+03 1.265954e+04 1.716982e+04 2.571724e+04  
1.739726e-02 6.912095e+03 1.265133e+04 1.715820e+04 2.569874e+04  
1.763977e-02 6.906326e+03 1.264026e+04 1.714269e+04 2.567440e+04  
1.788566e-02 6.898974e+03 1.262628e+04 1.712324e+04 2.564415e+04  
1.813498e-02 6.890014e+03 1.260935e+04 1.709978e+04 2.560789e+04  
1.838777e-02 6.879426e+03 1.258944e+04 1.707227e+04 2.556555e+04  
1.864409e-02 6.867188e+03 1.256651e+04 1.704065e+04 2.551706e+04  
1.890397e-02 6.853284e+03 1.254051e+04 1.700488e+04 2.546234e+04  
1.916748e-02 6.837695e+03 1.251143e+04 1.696492e+04 2.540134e+04  
1.943467e-02 6.820407e+03 1.247924e+04 1.692073e+04 2.533401e+04  
1.970558e-02 6.801404e+03 1.244391e+04 1.687228e+04 2.526029e+04  
1.998026e-02 6.780670e+03 1.240540e+04 1.681953e+04 2.518012e+04  
2.025878e-02 6.758193e+03 1.236370e+04 1.676245e+04 2.509346e+04  
2.054117e-02 6.733962e+03 1.231879e+04 1.670100e+04 2.500028e+04  
2.082751e-02 6.707970e+03 1.227066e+04 1.663519e+04 2.490054e+04  
2.111783e-02 6.680211e+03 1.221929e+04 1.656499e+04 2.479424e+04  
2.141220e-02 6.650682e+03 1.216468e+04 1.649039e+04 2.468137e+04  
2.171068e-02 6.619380e+03 1.210683e+04 1.641140e+04 2.456191e+04  
2.201331e-02 6.586302e+03 1.204573e+04 1.632800e+04 2.443586e+04  
2.232016e-02 6.551448e+03 1.198138e+04 1.624020e+04 2.430322e+04  
2.263130e-02 6.514822e+03 1.191379e+04 1.614801e+04 2.416401e+04  
2.294676e-02 6.476429e+03 1.184298e+04 1.605144e+04 2.401826e+04  
2.326663e-02 6.436282e+03 1.176896e+04 1.595053e+04 2.386602e+04  
2.359095e-02 6.394394e+03 1.169176e+04 1.584531e+04 2.370733e+04  
2.391980e-02 6.350780e+03 1.161140e+04 1.573583e+04 2.354227e+04  
2.425323e-02 6.305457e+03 1.152793e+04 1.562212e+04 2.337089e+04  
2.459130e-02 6.258443e+03 1.144137e+04 1.550423e+04 2.319327e+04  
2.493409e-02 6.209762e+03 1.135177e+04 1.538223e+04 2.300950e+04  
2.528166e-02 6.159443e+03 1.125919e+04 1.525618e+04 2.281969e+04  
2.563407e-02 6.107519e+03 1.116368e+04 1.512617e+04 2.262398e+04  
2.599140e-02 6.054031e+03 1.106532e+04 1.499231e+04 2.242251e+04  
2.635371e-02 5.999018e+03 1.096418e+04 1.485470e+04 2.221543e+04  
2.672106e-02 5.942516e+03 1.086033e+04 1.471342e+04 2.200290e+04  
2.709354e-02 5.884565e+03 1.075385e+04 1.456858e+04 2.178504e+04  
2.747121e-02 5.825211e+03 1.064481e+04 1.442029e+04 2.156205e+04  
2.785414e-02 5.764505e+03 1.053332e+04 1.426868e+04 2.133412e+04  
2.824241e-02 5.702506e+03 1.041948e+04 1.411390e+04 2.110146e+04  
2.863610e-02 5.639277e+03 1.030341e+04 1.395611e+04 2.086433e+04  
2.903527e-02 5.574887e+03 1.018524e+04 1.379549e+04 2.062296e+04  
2.944000e-02 5.509394e+03 1.006507e+04 1.363216e+04 2.037759e+04  
2.985038e-02 5.442859e+03 9.943007e+03 1.346630e+04 2.012845e+04  
3.026648e-02 5.375349e+03 9.819186e+03 1.329807e+04 1.987578e+04  
3.068838e-02 5.306937e+03 9.693739e+03 1.312764e+04 1.961987e+04  
3.111616e-02 5.237705e+03 9.566814e+03 1.295523e+04 1.936101e+04  
3.154990e-02 5.167742e+03 9.438575e+03 1.278106e+04 1.909954e+04  
3.198969e-02 5.097142e+03 9.309193e+03 1.260536e+04 1.883581e+04  
3.243561e-02 5.025984e+03 9.178817e+03 1.242832e+04 1.857013e+04  
3.288774e-02 4.954346e+03 9.047587e+03 1.225015e+04 1.830277e+04  
3.334618e-02 4.882313e+03 8.915657e+03 1.207104e+04 1.803405e+04  
3.381101e-02 4.809973e+03 8.783192e+03 1.189123e+04 1.776431e+04  
3.428231e-02 4.737426e+03 8.650372e+03 1.171096e+04 1.749391e+04  
3.476019e-02 4.664776e+03 8.517390e+03 1.153049e+04 1.722324e+04  
3.524473e-02 4.592137e+03 8.384450e+03 1.135009e+04 1.695272e+04  
3.573602e-02 4.519607e+03 8.251735e+03 1.117002e+04 1.668273e+04  
3.623416e-02 4.447276e+03 8.119407e+03 1.099049e+04 1.641358e+04  
3.673925e-02 4.375239e+03 7.987639e+03 1.081174e+04 1.614562e+04  
3.725137e-02 4.303597e+03 7.856614e+03 1.063401e+04 1.587924e+04  
3.777064e-02 4.232456e+03 7.726531e+03 1.045758e+04 1.561483e+04  
3.829714e-02 4.161933e+03 7.597596e+03 1.028272e+04 1.535282e+04  
3.883098e-02 4.092149e+03 7.470031e+03 1.010974e+04 1.509364e+04  
3.937226e-02 4.023202e+03 7.344015e+03 9.938869e+03 1.483766e+04  
3.992109e-02 3.955152e+03 7.219657e+03 9.770264e+03 1.458510e+04  
4.047757e-02 3.888057e+03 7.097063e+03 9.604064e+03 1.433617e+04  
4.104181e-02 3.821979e+03 6.976341e+03 9.440418e+03 1.409111e+04  
4.161391e-02 3.756978e+03 6.857605e+03 9.279476e+03 1.385012e+04  
4.219398e-02 3.693120e+03 6.740970e+03 9.121396e+03 1.361345e+04  
4.278214e-02 3.630469e+03 6.626555e+03 8.966338e+03 1.338133e+04  
4.337850e-02 3.569100e+03 6.514493e+03 8.814482e+03 1.315404e+04  
4.398317e-02 3.509106e+03 6.404952e+03 8.666052e+03 1.293191e+04  
4.459628e-02 3.450584e+03 6.298109e+03 8.521290e+03 1.271530e+04  
4.521792e-02 3.393639e+03 6.194152e+03 8.380446e+03 1.250459e+04  
4.584824e-02 3.338378e+03 6.093273e+03 8.243781e+03 1.230016e+04  
4.648734e-02 3.284913e+03 5.995675e+03 8.111567e+03 1.210242e+04  
4.713535e-02 3.233361e+03 5.901569e+03 7.984089e+03 1.191179e+04  
4.779239e-02 3.183799e+03 5.811090e+03 7.861528e+03 1.172856e+04  
4.845859e-02 3.136217e+03 5.724218e+03 7.743856e+03 1.155267e+04  
4.913407e-02 3.090587e+03 5.640903e+03 7.631005e+03 1.138402e+04  
4.981898e-02 3.046877e+03 5.561082e+03 7.522887e+03 1.122249e+04  
5.051342e-02 3.005044e+03 5.484678e+03 7.419399e+03 1.106791e+04  
5.121755e-02 2.965039e+03 5.411598e+03 7.320413e+03 1.092010e+04  
5.193150e-02 2.926808e+03 5.341743e+03 7.225797e+03 1.077887e+04  
5.265540e-02 2.890314e+03 5.275044e+03 7.135454e+03 1.064406e+04  
5.338938e-02 2.855519e+03 5.211427e+03 7.049286e+03 1.051553e+04  
5.413360e-02 2.822376e+03 5.150809e+03 6.967176e+03 1.039311e+04  
5.488820e-02 2.790830e+03 5.093087e+03 6.888988e+03 1.027660e+04  
5.565331e-02 2.760820e+03 5.038147e+03 6.814566e+03 1.016576e+04  
5.642908e-02 2.732279e+03 4.985865e+03 6.743742e+03 1.006035e+04  
5.721568e-02 2.705140e+03 4.936121e+03 6.676353e+03 9.960114e+03  
5.801323e-02 2.679330e+03 4.888781e+03 6.612217e+03 9.864797e+03  
5.882190e-02 2.654769e+03 4.843694e+03 6.551131e+03 9.774091e+03  
5.964185e-02 2.631363e+03 4.800692e+03 6.492867e+03 9.687658e+03  
6.047322e-02 2.609006e+03 4.759581e+03 6.437164e+03 9.605110e+03  
6.131619e-02 2.587562e+03 4.720114e+03 6.383688e+03 9.525950e+03  
6.217090e-02 2.566874e+03 4.682005e+03 6.332053e+03 9.449605e+03  
6.303753e-02 2.546767e+03 4.644941e+03 6.281838e+03 9.375445e+03  
6.391624e-02 2.527054e+03 4.608580e+03 6.232581e+03 9.302782e+03  
6.480720e-02 2.507533e+03 4.572563e+03 6.183800e+03 9.230896e+03  
6.571058e-02 2.488038e+03 4.536586e+03 6.135085e+03 9.159175e+03  
6.662655e-02 2.468402e+03 4.500355e+03 6.086039e+03 9.087027e+03  
6.755528e-02 2.448450e+03 4.463550e+03 6.036234e+03 9.013809e+03  
6.849697e-02 2.427986e+03 4.425826e+03 5.985205e+03 8.938825e+03  
6.945178e-02 2.406823e+03 4.386844e+03 5.932497e+03 8.861393e+03  
7.041990e-02 2.384800e+03 4.346320e+03 5.877726e+03 8.780935e+03  
7.140151e-02 2.361750e+03 4.303957e+03 5.820496e+03 8.696854e+03  
7.239681e-02 2.337496e+03 4.259439e+03 5.760382e+03 8.608509e+03  
7.340598e-02 2.311856e+03 4.212446e+03 5.696952e+03 8.515248e+03  
7.442922e-02 2.284711e+03 4.162766e+03 5.629923e+03 8.416640e+03  
7.546673e-02 2.255964e+03 4.110233e+03 5.559073e+03 8.312345e+03  
7.651869e-02 2.225517e+03 4.054673e+03 5.484170e+03 8.202006e+03  
7.758532e-02 2.193270e+03 3.995915e+03 5.404981e+03 8.085269e+03  
7.866682e-02 2.159191e+03 3.933904e+03 5.321436e+03 7.962015e+03  
7.976339e-02 2.123290e+03 3.868666e+03 5.233571e+03 7.832293e+03  
8.087525e-02 2.085586e+03 3.800238e+03 5.141434e+03 7.696166e+03  
8.200261e-02 2.046107e+03 3.728674e+03 5.045100e+03 7.553740e+03  
8.314568e-02 2.004941e+03 3.654138e+03 4.944792e+03 7.405339e+03  
8.430468e-02 1.962216e+03 3.576862e+03 4.840818e+03 7.251424e+03  
8.547985e-02 1.918070e+03 3.497097e+03 4.733522e+03 7.092503e+03  
8.667139e-02 1.872665e+03 3.415133e+03 4.623291e+03 6.929155e+03  
8.787954e-02 1.826194e+03 3.331318e+03 4.510594e+03 6.762082e+03  
8.910453e-02 1.778873e+03 3.246038e+03 4.395952e+03 6.592065e+03  
9.034660e-02 1.730935e+03 3.159714e+03 4.279928e+03 6.419952e+03  
9.160598e-02 1.682629e+03 3.072787e+03 4.163120e+03 6.246637e+03  
9.288292e-02 1.634217e+03 2.985727e+03 4.046156e+03 6.073071e+03  
9.417766e-02 1.585985e+03 2.899040e+03 3.929717e+03 5.900277e+03  
9.549045e-02 1.538239e+03 2.813270e+03 3.814536e+03 5.729358e+03  
9.682153e-02 1.491277e+03 2.728950e+03 3.701324e+03 5.561389e+03  
9.817117e-02 1.445378e+03 2.646570e+03 3.590743e+03 5.397364e+03  
9.953962e-02 1.400837e+03 2.566652e+03 3.483491e+03 5.238337e+03  
1.009272e-01 1.357968e+03 2.489751e+03 3.380314e+03 5.085429e+03  
1.023340e-01 1.317034e+03 2.416333e+03 3.281833e+03 4.939577e+03  
1.037605e-01 1.278229e+03 2.346738e+03 3.188504e+03 4.801465e+03  
1.052069e-01 1.241753e+03 2.281315e+03 3.100793e+03 4.671795e+03  
1.066734e-01 1.207806e+03 2.220415e+03 3.019170e+03 4.551274e+03  
1.081604e-01 1.176489e+03 2.164211e+03 2.943863e+03 4.440246e+03  
1.096681e-01 1.147838e+03 2.112760e+03 2.874948e+03 4.338823e+03  
1.111968e-01 1.121883e+03 2.066111e+03 2.812485e+03 4.247102e+03  
1.127468e-01 1.098616e+03 2.024243e+03 2.756447e+03 4.165043e+03  
1.143184e-01 1.077928e+03 1.986957e+03 2.706563e+03 4.092245e+03  
1.159120e-01 1.059678e+03 1.953998e+03 2.662490e+03 4.028197e+03  
1.175277e-01 1.043707e+03 1.925076e+03 2.623838e+03 3.972321e+03  
1.191660e-01 1.029808e+03 1.899820e+03 2.590108e+03 3.923874e+03  
1.208271e-01 1.017737e+03 1.877796e+03 2.560720e+03 3.881990e+03  
1.225114e-01 1.007229e+03 1.858529e+03 2.535034e+03 3.845715e+03  
1.242191e-01 9.979880e+02 1.841494e+03 2.512348e+03 3.814000e+03  
1.259506e-01 9.896918e+02 1.826120e+03 2.491896e+03 3.785693e+03  
1.277063e-01 9.819888e+02 1.811786e+03 2.472846e+03 3.759542e+03  
1.294865e-01 9.745198e+02 1.797859e+03 2.454350e+03 3.734266e+03  
1.312915e-01 9.669239e+02 1.783705e+03 2.435556e+03 3.708572e+03  
1.331216e-01 9.588141e+02 1.768646e+03 2.415556e+03 3.681075e+03  
1.349772e-01 9.498365e+02 1.752063e+03 2.393518e+03 3.650501e+03  
1.368587e-01 9.396826e+02 1.733420e+03 2.368720e+03 3.615738e+03  
1.387665e-01 9.280335e+02 1.712162e+03 2.340419e+03 3.575634e+03  
1.407008e-01 9.146810e+02 1.687930e+03 2.308129e+03 3.529430e+03  
1.426621e-01 8.995075e+02 1.660525e+03 2.271581e+03 3.476695e+03  
1.446507e-01 8.824145e+02 1.629781e+03 2.230550e+03 3.417066e+03  
1.466671e-01 8.634430e+02 1.595776e+03 2.185141e+03 3.350688e+03  
1.487115e-01 8.426968e+02 1.558696e+03 2.135603e+03 3.277931e+03  
1.507845e-01 8.203348e+02 1.518824e+03 2.082317e+03 3.199370e+03  
1.528864e-01 7.966264e+02 1.476635e+03 2.025922e+03 3.115982e+03  
1.550175e-01 7.718807e+02 1.432673e+03 1.967148e+03 3.028885e+03  
1.571784e-01 7.464657e+02 1.387581e+03 1.906862e+03 2.939413e+03  
1.593694e-01 7.208016e+02 1.342094e+03 1.846051e+03 2.849080e+03  
1.615909e-01 6.953253e+02 1.296973e+03 1.785737e+03 2.759458e+03  
1.638434e-01 6.704666e+02 1.252966e+03 1.726926e+03 2.672086e+03  
1.661273e-01 6.466684e+02 1.210842e+03 1.670645e+03 2.588539e+03  
1.684430e-01 6.242959e+02 1.171234e+03 1.617744e+03 2.510110e+03  
1.707910e-01 6.036876e+02 1.134727e+03 1.569001e+03 2.437985e+03  
1.731717e-01 5.850728e+02 1.101714e+03 1.524942e+03 2.372961e+03  
1.755856e-01 5.685637e+02 1.072384e+03 1.485817e+03 2.315415e+03  
1.780332e-01 5.542102e+02 1.046818e+03 1.451731e+03 2.265506e+03  
1.805149e-01 5.419485e+02 1.024899e+03 1.422525e+03 2.222993e+03  
1.830312e-01 5.316641e+02 1.006421e+03 1.397922e+03 2.187462e+03  
1.855825e-01 5.231431e+02 9.910090e+02 1.377420e+03 2.158150e+03  
1.881694e-01 5.161262e+02 9.782070e+02 1.360409e+03 2.134142e+03  
1.907924e-01 5.102937e+02 9.674577e+02 1.346145e+03 2.114310e+03  
1.934520e-01 5.052840e+02 9.581322e+02 1.333786e+03 2.097378e+03  
1.961486e-01 5.006819e+02 9.495113e+02 1.322371e+03 2.081879e+03  
1.988828e-01 4.960459e+02 9.408321e+02 1.310878e+03 2.066248e+03  
2.016551e-01 4.909617e+02 9.313811e+02 1.298350e+03 2.049010e+03  
2.044661e-01 4.850370e+02 9.204841e+02 1.283882e+03 2.028764e+03  
2.073162e-01 4.779844e+02 9.076500e+02 1.266813e+03 2.004478e+03  
2.102061e-01 4.695930e+02 8.925200e+02 1.246662e+03 1.975393e+03  
2.131362e-01 4.598120e+02 8.750115e+02 1.223314e+03 1.941327e+03  
2.161073e-01 4.486871e+02 8.552081e+02 1.196884e+03 1.902446e+03  
2.191197e-01 4.363898e+02 8.334093e+02 1.167773e+03 1.859371e+03  
2.221741e-01 4.231825e+02 8.100698e+02 1.136594e+03 1.813052e+03  
2.252711e-01 4.094133e+02 7.857899e+02 1.104153e+03 1.764742e+03  
2.284112e-01 3.954691e+02 7.612350e+02 1.071346e+03 1.715827e+03  
2.315951e-01 3.817577e+02 7.371044e+02 1.039108e+03 1.667758e+03  
2.348235e-01 3.686683e+02 7.140636e+02 1.008332e+03 1.621906e+03  
2.380968e-01 3.565363e+02 6.926839e+02 9.797797e+02 1.579441e+03  
2.414157e-01 3.456110e+02 6.733881e+02 9.540135e+02 1.541220e+03  
2.447809e-01 3.360380e+02 6.564202e+02 9.313566e+02 1.507731e+03  
2.481930e-01 3.278730e+02 6.418700e+02 9.119257e+02 1.479149e+03  
2.516527e-01 3.210642e+02 6.296441e+02 8.955942e+02 1.455277e+03  
2.551606e-01 3.154510e+02 6.194635e+02 8.819883e+02 1.435543e+03  
2.587174e-01 3.107761e+02 6.108860e+02 8.705174e+02 1.419046e+03  
2.623238e-01 3.067075e+02 6.033436e+02 8.604237e+02 1.404627e+03  
2.659804e-01 3.028746e+02 5.962044e+02 8.508634e+02 1.390995e+03  
2.696881e-01 2.989073e+02 5.888398e+02 8.409970e+02 1.376859e+03  
2.734474e-01 2.945032e+02 5.807372e+02 8.301393e+02 1.361162e+03  
2.772591e-01 2.894457e+02 5.715317e+02 8.178023e+02 1.343150e+03  
2.811239e-01 2.836163e+02 5.610253e+02 8.037216e+02 1.322414e+03  
2.850426e-01 2.770065e+02 5.492072e+02 7.878834e+02 1.298931e+03  
2.890160e-01 2.697066e+02 5.362339e+02 7.704986e+02 1.273033e+03  
2.930447e-01 2.619077e+02 5.224314e+02 7.520049e+02 1.245398e+03  
2.971296e-01 2.538855e+02 5.082676e+02 7.330288e+02 1.216997e+03  
3.012714e-01 2.459579e+02 4.942803e+02 7.142889e+02 1.188938e+03  
3.054710e-01 2.384274e+02 4.809783e+02 6.964629e+02 1.162260e+03  
3.097291e-01 2.315285e+02 4.687545e+02 6.800724e+02 1.137758e+03  
3.140465e-01 2.254003e+02 4.578400e+02 6.654225e+02 1.115892e+03  
3.184242e-01 2.200837e+02 4.482995e+02 6.525965e+02 1.096783e+03  
3.228628e-01 2.155325e+02 4.400516e+02 6.414843e+02 1.080257e+03  
3.273634e-01 2.116104e+02 4.328648e+02 6.317766e+02 1.065841e+03  
3.319266e-01 2.081135e+02 4.263944e+02 6.230151e+02 1.052835e+03  
3.365535e-01 2.047924e+02 4.202218e+02 6.146435e+02 1.040392e+03  
3.412449e-01 2.013964e+02 4.139277e+02 6.061053e+02 1.027664e+03  
3.460016e-01 1.977302e+02 4.071868e+02 5.969688e+02 1.013994e+03  
3.508247e-01 1.936860e+02 3.998210e+02 5.869987e+02 9.990268e+02  
3.557150e-01 1.892500e+02 3.918098e+02 5.761690e+02 9.827259e+02  
3.606735e-01 1.844924e+02 3.832721e+02 5.646394e+02 9.653402e+02  
3.657011e-01 1.795568e+02 3.744488e+02 5.527306e+02 9.473622e+02  
3.707988e-01 1.746276e+02 3.656474e+02 5.408510e+02 9.294151e+02  
3.759675e-01 1.698971e+02 3.571865e+02 5.294221e+02 9.121378e+02  
3.812083e-01 1.655155e+02 3.493137e+02 5.187699e+02 8.960197e+02  
3.865221e-01 1.615632e+02 3.421599e+02 5.090657e+02 8.813146e+02  
3.919100e-01 1.580467e+02 3.357332e+02 5.003180e+02 8.680303e+02  
3.973730e-01 1.549030e+02 3.299273e+02 4.923855e+02 8.559499e+02  
4.029122e-01 1.520141e+02 3.245458e+02 4.850081e+02 8.446808e+02  
4.085286e-01 1.492279e+02 3.193377e+02 4.778552e+02 8.337260e+02  
4.142232e-01 1.463981e+02 3.140622e+02 4.706101e+02 8.226126e+02  
4.199973e-01 1.434282e+02 3.085619e+02 4.630667e+02 8.110344e+02  
4.258518e-01 1.402957e+02 3.028011e+02 4.551793e+02 7.989269e+02  
4.317880e-01 1.370280e+02 2.968263e+02 4.470101e+02 7.863871e+02  
4.378069e-01 1.337007e+02 2.907618e+02 4.387233e+02 7.736632e+02  
4.439097e-01 1.304175e+02 2.847774e+02 4.305418e+02 7.610880e+02  
4.500975e-01 1.272896e+02 2.790540e+02 4.227020e+02 7.490112e+02  
4.563716e-01 1.243831e+02 2.736977e+02 4.153417e+02 7.376334e+02  
4.627332e-01 1.217095e+02 2.687258e+02 4.084821e+02 7.269824e+02  
4.691835e-01 1.192322e+02 2.640776e+02 4.020428e+02 7.169371e+02  
4.757236e-01 1.168953e+02 2.596611e+02 3.959036e+02 7.073188e+02  
4.823549e-01 1.146124e+02 2.553366e+02 3.898823e+02 6.978607e+02  
4.890787e-01 1.123070e+02 2.509806e+02 3.838188e+02 6.883300e+02  
4.958962e-01 1.099472e+02 2.465426e+02 3.776483e+02 6.786348e+02  
5.028087e-01 1.075461e+02 2.420442e+02 3.713996e+02 6.688195e+02  
5.098176e-01 1.051396e+02 2.375437e+02 3.651489e+02 6.589966e+02  
5.169242e-01 1.027783e+02 2.331220e+02 3.590008e+02 6.493184e+02  
5.241298e-01 1.005165e+02 2.288657e+02 3.530669e+02 6.399444e+02  
5.314359e-01 9.838286e+01 2.248195e+02 3.474042e+02 6.309548e+02  
5.388438e-01 9.636747e+01 2.209668e+02 3.419904e+02 6.223155e+02  
5.463550e-01 9.444241e+01 2.172626e+02 3.367672e+02 6.139418e+02  
5.539709e-01 9.256826e+01 2.136438e+02 3.316536e+02 6.057182e+02  
5.616930e-01 9.070683e+01 2.100502e+02 3.265725e+02 5.975362e+02  
5.695227e-01 8.884096e+01 2.064550e+02 3.214900e+02 5.893494e+02  
5.774615e-01 8.698156e+01 2.028757e+02 3.164290e+02 5.811910e+02  
5.855110e-01 8.514672e+01 1.993407e+02 3.114259e+02 5.731130e+02  
5.936727e-01 8.336324e+01 1.958919e+02 3.065338e+02 5.651894e+02  
6.019482e-01 8.165175e+01 1.925611e+02 3.017928e+02 5.574748e+02  
6.103390e-01 8.001035e+01 1.893449e+02 2.971980e+02 5.499613e+02  
6.188468e-01 7.842531e+01 1.862213e+02 2.927215e+02 5.426096e+02  
6.274732e-01 7.688058e+01 1.831653e+02 2.883314e+02 5.353757e+02  
6.362198e-01 7.535623e+01 1.801460e+02 2.839890e+02 5.282072e+02  
6.450884e-01 7.384666e+01 1.771548e+02 2.796838e+02 5.210904e+02  
6.540806e-01 7.236054e+01 1.742052e+02 2.754327e+02 5.140486e+02  
6.631981e-01 7.090873e+01 1.713137e+02 2.712564e+02 5.071096e+02  
6.724427e-01 6.950153e+01 1.684958e+02 2.671739e+02 5.002984e+02  
6.818162e-01 6.813887e+01 1.657510e+02 2.631845e+02 4.936134e+02  
6.913204e-01 6.681428e+01 1.630693e+02 2.592754e+02 4.870374e+02  
7.009570e-01 6.552050e+01 1.604394e+02 2.554328e+02 4.805517e+02  
7.107280e-01 6.425024e+01 1.578504e+02 2.516431e+02 4.741388e+02  
7.206351e-01 6.300253e+01 1.553006e+02 2.479043e+02 4.677964e+02  
7.306804e-01 6.178064e+01 1.527950e+02 2.442225e+02 4.615321e+02  
7.408657e-01 6.058811e+01 1.503387e+02 2.406038e+02 4.553537e+02  
7.511929e-01 5.942731e+01 1.479349e+02 2.370522e+02 4.492660e+02  
7.616642e-01 5.829625e+01 1.455806e+02 2.335637e+02 4.432635e+02  
7.722814e-01 5.719181e+01 1.432711e+02 2.301324e+02 4.373387e+02  
7.830465e-01 5.611063e+01 1.410011e+02 2.267522e+02 4.314839e+02  
7.939618e-01 5.505115e+01 1.387684e+02 2.234202e+02 4.256953e+02  
8.050292e-01 5.401405e+01 1.365738e+02 2.201374e+02 4.199742e+02  
8.162509e-01 5.300011e+01 1.344185e+02 2.169051e+02 4.143220e+02  
8.276289e-01 5.200996e+01 1.323030e+02 2.137240e+02 4.087394e+02  
8.391656e-01 5.104293e+01 1.302264e+02 2.105927e+02 4.032244e+02  
8.508632e-01 5.009777e+01 1.281867e+02 2.075089e+02 3.977742e+02  
8.627237e-01 4.917308e+01 1.261819e+02 2.044701e+02 3.923853e+02  
8.747496e-01 4.826779e+01 1.242101e+02 2.014742e+02 3.870558e+02  
8.869432e-01 4.738169e+01 1.222712e+02 1.985208e+02 3.817850e+02  
8.993067e-01 4.651467e+01 1.203648e+02 1.956094e+02 3.765719e+02  
9.118425e-01 4.566652e+01 1.184905e+02 1.927397e+02 3.714160e+02  
9.245531e-01 4.483686e+01 1.166476e+02 1.899107e+02 3.663163e+02  
9.374409e-01 4.402511e+01 1.148353e+02 1.871214e+02 3.612712e+02  
9.505083e-01 4.323062e+01 1.130526e+02 1.843706e+02 3.562795e+02  
9.637579e-01 4.245275e+01 1.112984e+02 1.816570e+02 3.513396e+02  
9.771921e-01 4.169110e+01 1.095722e+02 1.789800e+02 3.464507e+02  
9.908137e-01 4.094532e+01 1.078733e+02 1.763388e+02 3.416120e+02  
1.004625e+00 4.021499e+01 1.062012e+02 1.737326e+02 3.368221e+02  
1.018629e+00 3.949971e+01 1.045551e+02 1.711607e+02 3.320806e+02  
1.032828e+00 3.879913e+01 1.029346e+02 1.686224e+02 3.273866e+02  
1.047225e+00 3.811287e+01 1.013389e+02 1.661170e+02 3.227392e+02  
1.061823e+00 3.744049e+01 9.976753e+01 1.636437e+02 3.181376e+02  
1.076624e+00 3.678166e+01 9.821988e+01 1.612019e+02 3.135811e+02  
1.091632e+00 3.613606e+01 9.669549e+01 1.587911e+02 3.090689e+02  
1.106848e+00 3.550335e+01 9.519379e+01 1.564106e+02 3.046005e+02  
1.122277e+00 3.488315e+01 9.371426e+01 1.540598e+02 3.001751e+02  
1.137921e+00 3.427519e+01 9.225645e+01 1.517381e+02 2.957922e+02  
1.153783e+00 3.367914e+01 9.081987e+01 1.494450e+02 2.914512e+02  
1.169866e+00 3.309466e+01 8.940400e+01 1.471800e+02 2.871515e+02  
1.186174e+00 3.252144e+01 8.800842e+01 1.449425e+02 2.828927e+02  
1.202708e+00 3.195926e+01 8.663275e+01 1.427321e+02 2.786742e+02  
1.219473e+00 3.140783e+01 8.527657e+01 1.405483e+02 2.744957e+02  
1.236472e+00 3.086686e+01 8.393946e+01 1.383908e+02 2.703567e+02  
1.253708e+00 3.033611e+01 8.262107e+01 1.362589e+02 2.662568e+02  
1.271184e+00 2.981533e+01 8.132101e+01 1.341525e+02 2.621957e+02  
1.288904e+00 2.930424e+01 8.003888e+01 1.320709e+02 2.581729e+02  
1.306870e+00 2.880256e+01 7.877433e+01 1.300139e+02 2.541882e+02  
1.325087e+00 2.831012e+01 7.752705e+01 1.279811e+02 2.502413e+02  
1.343558e+00 2.782669e+01 7.629673e+01 1.259722e+02 2.463319e+02  
1.362287e+00 2.735204e+01 7.508304e+01 1.239867e+02 2.424597e+02  
1.381276e+00 2.688596e+01 7.388568e+01 1.222497e+02 2.386245e+02  
1.400531e+00 2.642827e+01 7.270439e+01 1.198624e+02 2.348261e+02  
1.420053e+00 2.597873e+01 7.153885e+01 1.181683e+02 2.310644e+02  
1.439848e+00 2.553715e+01 7.038878e+01 1.162738e+02 2.273390e+02  
1.459919e+00 2.510333e+01 6.925393e+01 1.144013e+02 2.236498e+02  
1.480269e+00 2.467712e+01 6.813405e+01 1.125506e+02 2.199967e+02  
1.500903e+00 2.425831e+01 6.702888e+01 1.107213e+02 2.163796e+02  
1.521825e+00 2.384673e+01 6.593818e+01 1.089133e+02 2.127984e+02  
1.543038e+00 2.344222e+01 6.486174e+01 1.071264e+02 2.092528e+02  
1.564548e+00 2.304461e+01 6.379932e+01 1.053602e+02 2.057429e+02  
1.586357e+00 2.265373e+01 6.275070e+01 1.036147e+02 2.022686e+02  
1.608469e+00 2.226943e+01 6.171569e+01 1.018895e+02 1.988297e+02  
1.630891e+00 2.189161e+01 6.069412e+01 1.001845e+02 1.954263e+02  
1.653624e+00 2.152010e+01 5.968579e+01 9.849946e+01 1.920583e+02  
1.676675e+00 2.115477e+01 5.869050e+01 9.683428e+01 1.887256e+02  
1.700047e+00 2.079550e+01 5.770810e+01 9.518876e+01 1.854283e+02  
1.723745e+00 2.044213e+01 5.673840e+01 9.356271e+01 1.821663e+02  
1.747773e+00 2.009452e+01 5.578121e+01 9.195595e+01 1.789395e+02  
1.772136e+00 1.975255e+01 5.483637e+01 9.036834e+01 1.757480e+02  
1.796838e+00 1.941611e+01 5.390373e+01 8.879971e+01 1.725918e+02  
1.821885e+00 1.908508e+01 5.298315e+01 8.724993e+01 1.694709e+02  
1.847281e+00 1.875935e+01 5.207446e+01 8.571886e+01 1.663852e+02  
1.873032e+00 1.843880e+01 5.117754e+01 8.420635e+01 1.633348e+02  
1.899141e+00 1.812334e+01 5.029226e+01 8.271227e+01 1.603197e+02  
1.925614e+00 1.781286e+01 4.941847e+01 8.123651e+01 1.573399e+02  
1.952456e+00 1.750726e+01 4.855604e+01 7.977892e+01 1.543955e+02  
1.979672e+00 1.720645e+01 4.770485e+01 7.833940e+01 1.514864e+02  
2.007267e+00 1.691033e+01 4.686479e+01 7.691782e+01 1.486126e+02  
2.035248e+00 1.661882e+01 4.603573e+01 7.551407e+01 1.457742e+02  
2.063618e+00 1.633182e+01 4.521756e+01 7.412805e+01 1.429712e+02  
2.092383e+00 1.604926e+01 4.441017e+01 7.275963e+01 1.402035e+02  
2.121550e+00 1.577104e+01 4.361345e+01 7.140872e+01 1.374713e+02  
2.151123e+00 1.549707e+01 4.282728e+01 7.007520e+01 1.347744e+02  
2.181109e+00 1.522729e+01 4.205157e+01 6.875898e+01 1.321130e+02  
2.211512e+00 1.496162e+01 4.128622e+01 6.745996e+01 1.294869e+02  
2.242340e+00 1.469999e+01 4.053113e+01 6.617804e+01 1.268962e+02  
2.273597e+00 1.444232e+01 3.978620e+01 6.491313e+01 1.243409e+02  
2.305289e+00 1.418855e+01 3.905135e+01 6.366513e+01 1.218208e+02  
2.337424e+00 1.393861e+01 3.832647e+01 6.243394e+01 1.193360e+02  
2.370006e+00 1.369242e+01 3.761149e+01 6.121948e+01 1.168865e+02  
2.403043e+00 1.344995e+01 3.690630e+01 6.002165e+01 1.144722e+02  
2.436540e+00 1.321111e+01 3.621083e+01 5.884037e+01 1.120931e+02  
2.470504e+00 1.297585e+01 3.552500e+01 5.767554e+01 1.097489e+02  
2.504942e+00 1.274412e+01 3.484871e+01 5.652707e+01 1.074399e+02  
2.539859e+00 1.251585e+01 3.418189e+01 5.539487e+01 1.051656e+02  
2.575263e+00 1.229099e+01 3.352446e+01 5.427886e+01 1.029262e+02  
2.611161e+00 1.206949e+01 3.287633e+01 5.317895e+01 1.005897e+02  
2.647559e+00 1.185130e+01 3.223743e+01 5.209504e+01 9.855137e+01  
2.684465e+00 1.163636e+01 3.160768e+01 5.102705e+01 9.641566e+01  
2.721885e+00 1.142463e+01 3.098700e+01 4.997489e+01 9.431426e+01  
2.759826e+00 1.121606e+01 3.037533e+01 4.893847e+01 9.224701e+01  
2.798297e+00 1.101060e+01 2.977258e+01 4.791769e+01 9.021375e+01  
2.837304e+00 1.080821e+01 2.917869e+01 4.691246e+01 8.821429e+01  
2.876854e+00 1.060885e+01 2.859357e+01 4.592271e+01 8.624847e+01  
2.916956e+00 1.041247e+01 2.801717e+01 4.494830e+01 8.431607e+01  
2.957617e+00 1.021903e+01 2.744939e+01 4.398920e+01 8.241690e+01  
2.998844e+00 1.002849e+01 2.689018e+01 4.304527e+01 8.055073e+01  
3.040646e+00 9.840815e+00 2.633947e+01 4.211641e+01 7.871734e+01  
3.083031e+00 9.655956e+00 2.579719e+01 4.120254e+01 7.691649e+01  
3.126007e+00 9.473884e+00 2.526325e+01 4.030355e+01 7.514793e+01  
3.169582e+00 9.294560e+00 2.473760e+01 3.941935e+01 7.341141e+01  
3.213764e+00 9.117948e+00 2.422017e+01 3.854982e+01 7.170666e+01  
3.258562e+00 8.944014e+00 2.371088e+01 3.769487e+01 7.003340e+01  
3.303985e+00 8.772724e+00 2.320967e+01 3.685438e+01 6.839136e+01  
3.350041e+00 8.604042e+00 2.271647e+01 3.602824e+01 6.678023e+01  
3.396739e+00 8.437937e+00 2.223121e+01 3.521636e+01 6.519974e+01  
3.444087e+00 8.274377e+00 2.175383e+01 3.441860e+01 6.364953e+01  
3.492096e+00 8.113331e+00 2.128425e+01 3.363486e+01 6.212932e+01  
3.540774e+00 7.954767e+00 2.082241e+01 3.286503e+01 6.063879e+01  
3.590130e+00 7.798656e+00 2.036823e+01 3.210897e+01 5.917761e+01  
3.640175e+00 7.644969e+00 1.992166e+01 3.136657e+01 5.774545e+01  
3.690917e+00 7.493674e+00 1.948262e+01 3.063771e+01 5.634196e+01  
3.742366e+00 7.344743e+00 1.905104e+01 2.992226e+01 5.496681e+01  
3.794533e+00 7.198150e+00 1.862686e+01 2.922009e+01 5.361964e+01  
3.847427e+00 7.053867e+00 1.821001e+01 2.853107e+01 5.230010e+01  
3.901058e+00 6.911866e+00 1.780041e+01 2.785509e+01 5.100784e+01  
3.955436e+00 6.772120e+00 1.739800e+01 2.719196e+01 4.974249e+01  
4.010573e+00 6.634605e+00 1.700272e+01 2.654160e+01 4.850370e+01  
4.066478e+00 6.499292e+00 1.661448e+01 2.590385e+01 4.729109e+01  
4.123163e+00 6.366157e+00 1.623322e+01 2.527857e+01 4.610429e+01  
4.180637e+00 6.235175e+00 1.585887e+01 2.466562e+01 4.494295e+01  
4.238913e+00 6.106320e+00 1.549136e+01 2.406487e+01 4.380667e+01  
4.298001e+00 5.979569e+00 1.513062e+01 2.347615e+01 4.269510e+01  
4.357913e+00 5.854896e+00 1.477658e+01 2.289933e+01 4.160786e+01  
4.418660e+00 5.732277e+00 1.442916e+01 2.233426e+01 4.054456e+01  
4.480254e+00 5.611691e+00 1.408830e+01 2.178079e+01 3.950485e+01  
4.542706e+00 5.493111e+00 1.375392e+01 2.123877e+01 3.848833e+01  
4.606029e+00 5.376516e+00 1.342594e+01 2.070804e+01 3.749463e+01  
4.670234e+00 5.261883e+00 1.310431e+01 2.018846e+01 3.652338e+01  
4.735335e+00 5.149188e+00 1.278893e+01 1.967988e+01 3.557420e+01  
4.801343e+00 5.038409e+00 1.247974e+01 1.918213e+01 3.464670e+01  
4.868271e+00 4.929524e+00 1.217667e+01 1.869507e+01 3.374057e+01  
4.936132e+00 4.822511e+00 1.187964e+01 1.821853e+01 3.285538e+01  
5.004939e+00 4.717347e+00 1.158857e+01 1.775236e+01 3.199076e+01  
5.074705e+00 4.614011e+00 1.130339e+01 1.729641e+01 3.114637e+01  
5.145444e+00 4.512481e+00 1.102403e+01 1.685052e+01 3.032182e+01  
5.217169e+00 4.412736e+00 1.075040e+01 1.641454e+01 2.951676e+01  
5.289893e+00 4.314754e+00 1.048243e+01 1.598832e+01 2.873083e+01  
5.363631e+00 4.218515e+00 1.022005e+01 1.557163e+01 2.796366e+01  
5.438397e+00 4.123999e+00 9.963179e+00 1.516441e+01 2.721490e+01  
5.514206e+00 4.031179e+00 9.711739e+00 1.476647e+01 2.648420e+01  
5.591071e+00 3.940040e+00 9.465653e+00 1.437765e+01 2.577121e+01  
5.669007e+00 3.850562e+00 9.224844e+00 1.399779e+01 2.507558e+01  
5.748030e+00 3.762722e+00 8.989235e+00 1.362674e+01 2.439696e+01  
5.828155e+00 3.676500e+00 8.758749e+00 1.326435e+01 2.373502e+01  
5.909396e+00 3.591876e+00 8.533308e+00 1.291046e+01 2.308942e+01  
5.991770e+00 3.508829e+00 8.312834e+00 1.256492e+01 2.245983e+01  
6.075292e+00 3.427341e+00 8.097250e+00 1.222758e+01 2.184591e+01  
6.159978e+00 3.347391e+00 7.886478e+00 1.189829e+01 2.124716e+01  
6.245845e+00 3.268959e+00 7.680443e+00 1.157689e+01 2.066381e+01  
6.332908e+00 3.192026e+00 7.479066e+00 1.126325e+01 2.009498e+01  
6.421186e+00 3.116572e+00 7.282271e+00 1.095720e+01 1.954057e+01  
6.510694e+00 3.042578e+00 7.089981e+00 1.065861e+01 1.900024e+01  
6.601449e+00 2.970024e+00 6.902119e+00 1.036732e+01 1.847369e+01  
6.693470e+00 2.898892e+00 6.718610e+00 1.008321e+01 1.796063e+01  
6.786773e+00 2.829161e+00 6.539378e+00 9.806179e+00 1.746076e+01  
6.881377e+00 2.760814e+00 6.364348e+00 9.535857e+00 1.697379e+01  
6.977300e+00 2.693830e+00 6.193443e+00 9.272433e+00 1.649943e+01  
7.074559e+00 2.628192e+00 6.026590e+00 9.015569e+00 1.603739e+01  
7.173175e+00 2.563881e+00 5.863715e+00 8.765172e+00 1.558741e+01  
7.273165e+00 2.500877e+00 5.704742e+00 8.521109e+00 1.514919e+01  
7.374549e+00 2.439163e+00 5.549601e+00 8.283246e+00 1.472248e+01  
7.477346e+00 2.378720e+00 5.398217e+00 8.051452e+00 1.430700e+01  
7.581576e+00 2.319530e+00 5.250520e+00 7.825596e+00 1.390251e+01  
7.687260e+00 2.261574e+00 5.106437e+00 7.605550e+00 1.350874e+01  
7.794416e+00 2.204834e+00 4.965899e+00 7.391187e+00 1.312543e+01  
7.903066e+00 2.149293e+00 4.828836e+00 7.182386e+00 1.275235e+01  
8.013230e+00 2.094931e+00 4.695177e+00 6.979021e+00 1.238925e+01  
8.124930e+00 2.041733e+00 4.564856e+00 6.780970e+00 1.203588e+01  
8.238187e+00 1.989679e+00 4.437802e+00 6.588047e+00 1.169203e+01  
8.353023e+00 1.938752e+00 4.313950e+00 6.400410e+00 1.135745e+01  
8.469460e+00 1.888934e+00 4.193233e+00 6.217527e+00 1.103192e+01  
8.587519e+00 1.840209e+00 4.075585e+00 6.039563e+00 1.071522e+01  
8.707225e+00 1.792558e+00 3.960941e+00 5.866341e+00 1.040714e+01  
8.828599e+00 1.745964e+00 3.849238e+00 5.697737e+00 1.010746e+01  
8.951665e+00 1.700410e+00 3.740412e+00 5.533656e+00 9.815978e+00  
9.076446e+00 1.655879e+00 3.634392e+00 5.373988e+00 9.531287e+00  
9.202967e+00 1.612355e+00 3.531144e+00 5.218628e+00 9.256773e+00  
9.331251e+00 1.569819e+00 3.430581e+00 5.067475e+00 8.988659e+00  
9.461324e+00 1.528256e+00 3.332652e+00 4.920425e+00 8.727948e+00  
9.593209e+00 1.487649e+00 3.237298e+00 4.777378e+00 8.474452e+00  
9.726934e+00 1.447980e+00 3.144461e+00 4.638224e+00 8.227988e+00  
9.862522e+00 1.409234e+00 3.054083e+00 4.502961e+00 7.988375e+00  
1.000000e+01 1.371395e+00 2.966109e+00 4.371215e+00 7.755429e+00  
