1.000000e-02 3.547243e+03 6.620593e+03 9.070732e+03 1.375581e+04  
1.013939e-02 3.568025e+03 6.659226e+03 9.123512e+03 1.383549e+04  
1.028073e-02 3.588583e+03 6.697435e+03 9.175707e+03 1.391428e+04  
1.042404e-02 3.608907e+03 6.735204e+03 9.227295e+03 1.399213e+04  
1.056935e-02 3.628988e+03 6.772515e+03 9.278252e+03 1.406903e+04  
1.071668e-02 3.648817e+03 6.809350e+03 9.328554e+03 1.414492e+04  
1.086606e-02 3.668384e+03 6.845694e+03 9.378178e+03 1.421977e+04  
1.101753e-02 3.687681e+03 6.881528e+03 9.427099e+03 1.429355e+04  
1.117111e-02 3.706698e+03 6.916835e+03 9.475296e+03 1.436623e+04  
1.132683e-02 3.725426e+03 6.951599e+03 9.522743e+03 1.443776e+04  
1.148472e-02 3.743856e+03 6.985803e+03 9.569420e+03 1.450811e+04  
1.164481e-02 3.761979e+03 7.019428e+03 9.615301e+03 1.457725e+04  
1.180713e-02 3.779785e+03 7.052458e+03 9.660361e+03 1.464513e+04  
1.197171e-02 3.797264e+03 7.084872e+03 9.704574e+03 1.471173e+04  
1.213859e-02 3.814406e+03 7.116654e+03 9.747916e+03 1.477700e+04  
1.230780e-02 3.831202e+03 7.147785e+03 9.790364e+03 1.484090e+04  
1.247936e-02 3.847643e+03 7.178249e+03 9.831893e+03 1.490340e+04  
1.265332e-02 3.863719e+03 7.208028e+03 9.872481e+03 1.496447e+04  
1.282970e-02 3.879422e+03 7.237105e+03 9.912102e+03 1.502407e+04  
1.300854e-02 3.894740e+03 7.265459e+03 9.950731e+03 1.508216e+04  
1.318987e-02 3.909663e+03 7.293073e+03 9.988340e+03 1.513869e+04  
1.337373e-02 3.924182e+03 7.319928e+03 1.002491e+04 1.519364e+04  
1.356015e-02 3.938287e+03 7.346006e+03 1.006040e+04 1.524696e+04  
1.374917e-02 3.951969e+03 7.371289e+03 1.009481e+04 1.529861e+04  
1.394083e-02 3.965219e+03 7.395762e+03 1.012810e+04 1.534858e+04  
1.413516e-02 3.978027e+03 7.419406e+03 1.016025e+04 1.539681e+04  
1.433219e-02 3.990383e+03 7.442203e+03 1.019124e+04 1.544327e+04  
1.453198e-02 4.002279e+03 7.464134e+03 1.022104e+04 1.548793e+04  
1.473454e-02 4.013703e+03 7.485183e+03 1.024963e+04 1.553074e+04  
1.493993e-02 4.024649e+03 7.505334e+03 1.027698e+04 1.557168e+04  
1.514819e-02 4.035106e+03 7.524569e+03 1.030308e+04 1.561071e+04  
1.535935e-02 4.045067e+03 7.542875e+03 1.032790e+04 1.564780e+04  
1.557345e-02 4.054524e+03 7.560236e+03 1.035142e+04 1.568292e+04  
1.579053e-02 4.063469e+03 7.576635e+03 1.037363e+04 1.571604e+04  
1.601064e-02 4.071890e+03 7.592056e+03 1.039449e+04 1.574712e+04  
1.623382e-02 4.079782e+03 7.606482e+03 1.041398e+04 1.577612e+04  
1.646012e-02 4.087135e+03 7.619901e+03 1.043209e+04 1.580303e+04  
1.668956e-02 4.093943e+03 7.632298e+03 1.044880e+04 1.582782e+04  
1.692220e-02 4.100198e+03 7.643661e+03 1.046409e+04 1.585045e+04  
1.715809e-02 4.105895e+03 7.653978e+03 1.047795e+04 1.587091e+04  
1.739726e-02 4.111026e+03 7.663234e+03 1.049035e+04 1.588916e+04  
1.763977e-02 4.115581e+03 7.671414e+03 1.050127e+04 1.590517e+04  
1.788566e-02 4.119553e+03 7.678502e+03 1.051070e+04 1.591892e+04  
1.813498e-02 4.122936e+03 7.684486e+03 1.051861e+04 1.593037e+04  
1.838777e-02 4.125722e+03 7.689355e+03 1.052499e+04 1.593951e+04  
1.864409e-02 4.127906e+03 7.693098e+03 1.052983e+04 1.594631e+04  
1.890397e-02 4.129484e+03 7.695706e+03 1.053312e+04 1.595076e+04  
1.916748e-02 4.130449e+03 7.697168e+03 1.053483e+04 1.595283e+04  
1.943467e-02 4.130795e+03 7.697474e+03 1.053496e+04 1.595251e+04  
1.970558e-02 4.130518e+03 7.696614e+03 1.053349e+04 1.594976e+04  
1.998026e-02 4.129614e+03 7.694581e+03 1.053041e+04 1.594459e+04  
2.025878e-02 4.128079e+03 7.691369e+03 1.052572e+04 1.593698e+04  
2.054117e-02 4.125911e+03 7.686975e+03 1.051941e+04 1.592692e+04  
2.082751e-02 4.123110e+03 7.681397e+03 1.051148e+04 1.591441e+04  
2.111783e-02 4.119672e+03 7.674630e+03 1.050192e+04 1.589944e+04  
2.141220e-02 4.115595e+03 7.666669e+03 1.049072e+04 1.588200e+04  
2.171068e-02 4.110876e+03 7.657507e+03 1.047788e+04 1.586208e+04  
2.201331e-02 4.105513e+03 7.647145e+03 1.046340e+04 1.583967e+04  
2.232016e-02 4.099507e+03 7.635580e+03 1.044727e+04 1.581479e+04  
2.263130e-02 4.092857e+03 7.622815e+03 1.042950e+04 1.578743e+04  
2.294676e-02 4.085568e+03 7.608856e+03 1.041009e+04 1.575760e+04  
2.326663e-02 4.077640e+03 7.593705e+03 1.038905e+04 1.572532e+04  
2.359095e-02 4.069073e+03 7.577362e+03 1.036638e+04 1.569058e+04  
2.391980e-02 4.059869e+03 7.559831e+03 1.034209e+04 1.565338e+04  
2.425323e-02 4.050031e+03 7.541116e+03 1.031618e+04 1.561376e+04  
2.459130e-02 4.039561e+03 7.521225e+03 1.028866e+04 1.557170e+04  
2.493409e-02 4.028467e+03 7.500168e+03 1.025955e+04 1.552725e+04  
2.528166e-02 4.016754e+03 7.477959e+03 1.022886e+04 1.548044e+04  
2.563407e-02 4.004430e+03 7.454611e+03 1.019661e+04 1.543127e+04  
2.599140e-02 3.991498e+03 7.430130e+03 1.016282e+04 1.537979e+04  
2.635371e-02 3.977962e+03 7.404524e+03 1.012749e+04 1.532599e+04  
2.672106e-02 3.963826e+03 7.377801e+03 1.009063e+04 1.526990e+04  
2.709354e-02 3.949098e+03 7.349976e+03 1.005227e+04 1.521154e+04  
2.747121e-02 3.933786e+03 7.321065e+03 1.001242e+04 1.515096e+04  
2.785414e-02 3.917901e+03 7.291086e+03 9.971122e+03 1.508820e+04  
2.824241e-02 3.901453e+03 7.260060e+03 9.928391e+03 1.502329e+04  
2.863610e-02 3.884450e+03 7.228002e+03 9.884252e+03 1.495627e+04  
2.903527e-02 3.866900e+03 7.194928e+03 9.838727e+03 1.488717e+04  
2.944000e-02 3.848814e+03 7.160856e+03 9.791841e+03 1.481603e+04  
2.985038e-02 3.830202e+03 7.125808e+03 9.743623e+03 1.474290e+04  
3.026648e-02 3.811077e+03 7.089809e+03 9.694110e+03 1.466783e+04  
3.068838e-02 3.791456e+03 7.052888e+03 9.643339e+03 1.459088e+04  
3.111616e-02 3.771355e+03 7.015075e+03 9.591355e+03 1.451212e+04  
3.154990e-02 3.750784e+03 6.976392e+03 9.538185e+03 1.443159e+04  
3.198969e-02 3.729754e+03 6.936856e+03 9.483856e+03 1.434933e+04  
3.243561e-02 3.708275e+03 6.896489e+03 9.428395e+03 1.426538e+04  
3.288774e-02 3.686358e+03 6.855313e+03 9.371833e+03 1.417979e+04  
3.334618e-02 3.664019e+03 6.813354e+03 9.314207e+03 1.409262e+04  
3.381101e-02 3.641273e+03 6.770642e+03 9.255558e+03 1.400392e+04  
3.428231e-02 3.618137e+03 6.727209e+03 9.195930e+03 1.391377e+04  
3.476019e-02 3.594627e+03 6.683085e+03 9.135363e+03 1.382223e+04  
3.524473e-02 3.570756e+03 6.638294e+03 9.073894e+03 1.372935e+04  
3.573602e-02 3.546539e+03 6.592867e+03 9.011560e+03 1.363519e+04  
3.623416e-02 3.521993e+03 6.546833e+03 8.948405e+03 1.353982e+04  
3.673925e-02 3.497137e+03 6.500228e+03 8.884477e+03 1.344330e+04  
3.725137e-02 3.471991e+03 6.453089e+03 8.819829e+03 1.334573e+04  
3.777064e-02 3.446577e+03 6.405459e+03 8.754517e+03 1.324719e+04  
3.829714e-02 3.420908e+03 6.357363e+03 8.688577e+03 1.314773e+04  
3.883098e-02 3.394982e+03 6.308795e+03 8.622001e+03 1.304733e+04  
3.937226e-02 3.368793e+03 6.259746e+03 8.554776e+03 1.294599e+04  
3.992109e-02 3.342336e+03 6.210206e+03 8.486891e+03 1.284368e+04  
4.047757e-02 3.315605e+03 6.160166e+03 8.418331e+03 1.274038e+04  
4.104181e-02 3.288595e+03 6.109614e+03 8.349082e+03 1.263607e+04  
4.161391e-02 3.261299e+03 6.058540e+03 8.279129e+03 1.253072e+04  
4.219398e-02 3.233720e+03 6.006950e+03 8.208481e+03 1.242436e+04  
4.278214e-02 3.205892e+03 5.954906e+03 8.137223e+03 1.231710e+04  
4.337850e-02 3.177856e+03 5.902487e+03 8.065462e+03 1.220911e+04  
4.398317e-02 3.149659e+03 5.849777e+03 7.993316e+03 1.210057e+04  
4.459628e-02 3.121349e+03 5.796868e+03 7.920909e+03 1.199168e+04  
4.521792e-02 3.092980e+03 5.743859e+03 7.848379e+03 1.188264e+04  
4.584824e-02 3.064610e+03 5.690858e+03 7.775872e+03 1.177367e+04  
4.648734e-02 3.036288e+03 5.637958e+03 7.703517e+03 1.166497e+04  
4.713535e-02 3.008002e+03 5.585134e+03 7.631279e+03 1.155649e+04  
4.779239e-02 2.979710e+03 5.532313e+03 7.559059e+03 1.144808e+04  
4.845859e-02 2.951370e+03 5.479412e+03 7.486743e+03 1.133956e+04  
4.913407e-02 2.922932e+03 5.426344e+03 7.414213e+03 1.123075e+04  
4.981898e-02 2.894346e+03 5.373012e+03 7.341334e+03 1.112145e+04  
5.051342e-02 2.865554e+03 5.319310e+03 7.267963e+03 1.101143e+04  
5.121755e-02 2.836499e+03 5.265133e+03 7.193956e+03 1.090048e+04  
5.193150e-02 2.807175e+03 5.210472e+03 7.119298e+03 1.078857e+04  
5.265540e-02 2.777613e+03 5.155382e+03 7.044067e+03 1.067581e+04  
5.338938e-02 2.747846e+03 5.099928e+03 6.968351e+03 1.056234e+04  
5.413360e-02 2.717913e+03 5.044178e+03 6.892244e+03 1.044831e+04  
5.488820e-02 2.687852e+03 4.988207e+03 6.815848e+03 1.033386e+04  
5.565331e-02 2.657707e+03 4.932095e+03 6.739274e+03 1.021917e+04  
5.642908e-02 2.627524e+03 4.875928e+03 6.662637e+03 1.010442e+04  
5.721568e-02 2.597328e+03 4.819751e+03 6.586002e+03 9.989693e+03  
5.801323e-02 2.567116e+03 4.763562e+03 6.509364e+03 9.874992e+03  
5.882190e-02 2.536886e+03 4.707354e+03 6.432715e+03 9.760298e+03  
5.964185e-02 2.506633e+03 4.651118e+03 6.356043e+03 9.645594e+03  
6.047322e-02 2.476350e+03 4.594846e+03 6.279335e+03 9.530856e+03  
6.131619e-02 2.446033e+03 4.538526e+03 6.202574e+03 9.416059e+03  
6.217090e-02 2.415673e+03 4.482144e+03 6.125743e+03 9.301173e+03  
6.303753e-02 2.385268e+03 4.425695e+03 6.048833e+03 9.186184e+03  
6.391624e-02 2.354824e+03 4.369191e+03 5.971861e+03 9.071113e+03  
6.480720e-02 2.324348e+03 4.312647e+03 5.894847e+03 8.955992e+03  
6.571058e-02 2.293850e+03 4.256078e+03 5.817812e+03 8.840848e+03  
6.662655e-02 2.263338e+03 4.199500e+03 5.740777e+03 8.725714e+03  
6.755528e-02 2.232819e+03 4.142929e+03 5.663764e+03 8.610620e+03  
6.849697e-02 2.202304e+03 4.086382e+03 5.586797e+03 8.495599e+03  
6.945178e-02 2.171808e+03 4.029889e+03 5.509914e+03 8.380711e+03  
7.041990e-02 2.141357e+03 3.973498e+03 5.433183e+03 8.266059e+03  
7.140151e-02 2.110981e+03 3.917263e+03 5.356678e+03 8.151754e+03  
7.239681e-02 2.080711e+03 3.861242e+03 5.280477e+03 8.037915e+03  
7.340598e-02 2.050578e+03 3.805495e+03 5.204664e+03 7.924671e+03  
7.442922e-02 2.020619e+03 3.750086e+03 5.129325e+03 7.812156e+03  
7.546673e-02 1.990867e+03 3.695079e+03 5.054549e+03 7.700504e+03  
7.651869e-02 1.961348e+03 3.640520e+03 4.980399e+03 7.589817e+03  
7.758532e-02 1.932087e+03 3.586458e+03 4.906941e+03 7.480193e+03  
7.866682e-02 1.903111e+03 3.532940e+03 4.834242e+03 7.371736e+03  
7.976339e-02 1.874447e+03 3.480017e+03 4.762370e+03 7.264554e+03  
8.087525e-02 1.846124e+03 3.427742e+03 4.691399e+03 7.158762e+03  
8.200261e-02 1.818156e+03 3.376141e+03 4.621364e+03 7.054415e+03  
8.314568e-02 1.790530e+03 3.325189e+03 4.552232e+03 6.951460e+03  
8.430468e-02 1.763227e+03 3.274851e+03 4.483952e+03 6.849819e+03  
8.547985e-02 1.736225e+03 3.225087e+03 4.416471e+03 6.749407e+03  
8.667139e-02 1.709500e+03 3.175851e+03 4.349725e+03 6.650122e+03  
8.787954e-02 1.683029e+03 3.127100e+03 4.283652e+03 6.551868e+03  
8.910453e-02 1.656802e+03 3.078817e+03 4.218232e+03 6.454609e+03  
9.034660e-02 1.630816e+03 3.030996e+03 4.153453e+03 6.358328e+03  
9.160598e-02 1.605067e+03 2.983627e+03 4.089302e+03 6.263001e+03  
9.288292e-02 1.579547e+03 2.936699e+03 4.025762e+03 6.168601e+03  
9.417766e-02 1.554253e+03 2.890202e+03 3.962821e+03 6.075106e+03  
9.549045e-02 1.529196e+03 2.844157e+03 3.900506e+03 5.982558e+03  
9.682153e-02 1.504390e+03 2.798591e+03 3.838856e+03 5.891017e+03  
9.817117e-02 1.479853e+03 2.753536e+03 3.777912e+03 5.800547e+03  
9.953962e-02 1.455601e+03 2.709021e+03 3.717714e+03 5.711213e+03  
1.009272e-01 1.431639e+03 2.665054e+03 3.658274e+03 5.623030e+03  
1.023340e-01 1.407946e+03 2.621599e+03 3.599541e+03 5.535917e+03  
1.037605e-01 1.384500e+03 2.578612e+03 3.541453e+03 5.449774e+03  
1.052069e-01 1.361273e+03 2.536041e+03 3.483939e+03 5.364485e+03  
1.066734e-01 1.338237e+03 2.493834e+03 3.426924e+03 5.279930e+03  
1.081604e-01 1.315368e+03 2.451947e+03 3.370349e+03 5.196009e+03  
1.096681e-01 1.292643e+03 2.410338e+03 3.314152e+03 5.112622e+03  
1.111968e-01 1.270038e+03 2.368960e+03 3.258266e+03 5.029659e+03  
1.127468e-01 1.247528e+03 2.327768e+03 3.202630e+03 4.947015e+03  
1.143184e-01 1.225124e+03 2.286782e+03 3.147269e+03 4.864730e+03  
1.159120e-01 1.202857e+03 2.246057e+03 3.092260e+03 4.782921e+03  
1.175277e-01 1.180758e+03 2.205652e+03 3.037684e+03 4.701717e+03  
1.191660e-01 1.158862e+03 2.165628e+03 2.983623e+03 4.621251e+03  
1.208271e-01 1.137201e+03 2.126047e+03 2.930164e+03 4.541658e+03  
1.225114e-01 1.115810e+03 2.086971e+03 2.877392e+03 4.463077e+03  
1.242191e-01 1.094724e+03 2.048465e+03 2.825400e+03 4.385656e+03  
1.259506e-01 1.073974e+03 2.010585e+03 2.774262e+03 4.309519e+03  
1.277063e-01 1.053569e+03 1.973350e+03 2.724006e+03 4.234707e+03  
1.294865e-01 1.033517e+03 1.936770e+03 2.674646e+03 4.161248e+03  
1.312915e-01 1.013824e+03 1.900857e+03 2.626198e+03 4.089166e+03  
1.331216e-01 9.944871e+02 1.865607e+03 2.578656e+03 4.018453e+03  
1.349772e-01 9.755001e+02 1.831006e+03 2.532001e+03 3.949078e+03  
1.368587e-01 9.568534e+02 1.797037e+03 2.486209e+03 3.881003e+03  
1.387665e-01 9.385362e+02 1.763679e+03 2.441250e+03 3.814180e+03  
1.407008e-01 9.205364e+02 1.730909e+03 2.397092e+03 3.748556e+03  
1.426621e-01 9.028407e+02 1.698702e+03 2.353700e+03 3.684076e+03  
1.446507e-01 8.854337e+02 1.667030e+03 2.311033e+03 3.620672e+03  
1.466671e-01 8.682985e+02 1.635861e+03 2.269047e+03 3.558270e+03  
1.487115e-01 8.514258e+02 1.605176e+03 2.227716e+03 3.496830e+03  
1.507845e-01 8.348139e+02 1.574974e+03 2.187035e+03 3.436342e+03  
1.528864e-01 8.184606e+02 1.545248e+03 2.146999e+03 3.376797e+03  
1.550175e-01 8.023621e+02 1.515992e+03 2.107595e+03 3.318175e+03  
1.571784e-01 7.865092e+02 1.487188e+03 2.068799e+03 3.260437e+03  
1.593694e-01 7.708889e+02 1.458812e+03 2.030577e+03 3.203524e+03  
1.615909e-01 7.554867e+02 1.430836e+03 1.992890e+03 3.147373e+03  
1.638434e-01 7.402925e+02 1.403242e+03 1.955710e+03 3.091939e+03  
1.661273e-01 7.253081e+02 1.376033e+03 1.919043e+03 3.037226e+03  
1.684430e-01 7.105361e+02 1.349212e+03 1.882893e+03 2.983246e+03  
1.707910e-01 6.959804e+02 1.322788e+03 1.847270e+03 2.930015e+03  
1.731717e-01 6.816558e+02 1.296786e+03 1.812212e+03 2.877595e+03  
1.755856e-01 6.675814e+02 1.271242e+03 1.777769e+03 2.826072e+03  
1.780332e-01 6.537761e+02 1.246190e+03 1.743989e+03 2.775527e+03  
1.805149e-01 6.402408e+02 1.221632e+03 1.710874e+03 2.725967e+03  
1.830312e-01 6.269627e+02 1.197544e+03 1.678391e+03 2.677336e+03  
1.855825e-01 6.139272e+02 1.173899e+03 1.646501e+03 2.629570e+03  
1.881694e-01 6.011296e+02 1.150687e+03 1.615193e+03 2.582650e+03  
1.907924e-01 5.885753e+02 1.127918e+03 1.584478e+03 2.536601e+03  
1.934520e-01 5.762694e+02 1.105602e+03 1.554372e+03 2.491447e+03  
1.961486e-01 5.642124e+02 1.083739e+03 1.524875e+03 2.447190e+03  
1.988828e-01 5.523999e+02 1.062321e+03 1.495975e+03 2.403814e+03  
2.016551e-01 5.408261e+02 1.041337e+03 1.467658e+03 2.361295e+03  
2.044661e-01 5.294768e+02 1.020761e+03 1.439886e+03 2.319571e+03  
2.073162e-01 5.183325e+02 1.000556e+03 1.412607e+03 2.278556e+03  
2.102061e-01 5.073763e+02 9.806905e+02 1.385778e+03 2.238176e+03  
2.131362e-01 4.966111e+02 9.611705e+02 1.359406e+03 2.198446e+03  
2.161073e-01 4.860460e+02 9.420120e+02 1.333514e+03 2.159408e+03  
2.191197e-01 4.756860e+02 9.232244e+02 1.308117e+03 2.121086e+03  
2.221741e-01 4.655301e+02 9.048058e+02 1.283212e+03 2.083478e+03  
2.252711e-01 4.555760e+02 8.867516e+02 1.258793e+03 2.046576e+03  
2.284112e-01 4.458174e+02 8.690502e+02 1.234843e+03 2.010354e+03  
2.315951e-01 4.362458e+02 8.516858e+02 1.211340e+03 1.974775e+03  
2.348235e-01 4.268596e+02 8.346551e+02 1.188281e+03 1.939835e+03  
2.380968e-01 4.176693e+02 8.179779e+02 1.165693e+03 1.905584e+03  
2.414157e-01 4.086839e+02 8.016702e+02 1.143600e+03 1.872065e+03  
2.447809e-01 3.998953e+02 7.857173e+02 1.121982e+03 1.839244e+03  
2.481930e-01 3.912896e+02 7.700936e+02 1.100802e+03 1.807061e+03  
2.516527e-01 3.828562e+02 7.547790e+02 1.080032e+03 1.775471e+03  
2.551606e-01 3.745864e+02 7.397578e+02 1.059650e+03 1.744437e+03  
2.587174e-01 3.664799e+02 7.250291e+02 1.039656e+03 1.713958e+03  
2.623238e-01 3.585478e+02 7.106138e+02 1.020079e+03 1.684091e+03  
2.659804e-01 3.507947e+02 6.965199e+02 1.000932e+03 1.654859e+03  
2.696881e-01 3.432087e+02 6.827257e+02 9.821841e+02 1.626209e+03  
2.734474e-01 3.357776e+02 6.692086e+02 9.638032e+02 1.598089e+03  
2.772591e-01 3.284965e+02 6.559595e+02 9.457770e+02 1.570481e+03  
2.811239e-01 3.213639e+02 6.429755e+02 9.281018e+02 1.543379e+03  
2.850426e-01 3.143865e+02 6.302692e+02 9.107960e+02 1.516817e+03  
2.890160e-01 3.075688e+02 6.178490e+02 8.938724e+02 1.490820e+03  
2.930447e-01 3.009040e+02 6.057021e+02 8.773129e+02 1.465359e+03  
2.971296e-01 2.943831e+02 5.938120e+02 8.610945e+02 1.440395e+03  
3.012714e-01 2.879991e+02 5.821658e+02 8.451992e+02 1.415900e+03  
3.054710e-01 2.817494e+02 5.707588e+02 8.296210e+02 1.391865e+03  
3.097291e-01 2.756399e+02 5.596019e+02 8.143756e+02 1.368320e+03  
3.140465e-01 2.696711e+02 5.486960e+02 7.994651e+02 1.345269e+03  
3.184242e-01 2.638362e+02 5.380287e+02 7.848721e+02 1.322685e+03  
3.228628e-01 2.581280e+02 5.275867e+02 7.705780e+02 1.300539e+03  
3.273634e-01 2.525409e+02 5.173596e+02 7.565685e+02 1.278806e+03  
3.319266e-01 2.470782e+02 5.073537e+02 7.428530e+02 1.257505e+03  
3.365535e-01 2.417431e+02 4.975748e+02 7.294404e+02 1.236653e+03  
3.412449e-01 2.365310e+02 4.880147e+02 7.163193e+02 1.216232e+03  
3.460016e-01 2.314353e+02 4.786610e+02 7.034726e+02 1.196215e+03  
3.508247e-01 2.264497e+02 4.695024e+02 6.908843e+02 1.176576e+03  
3.557150e-01 2.215764e+02 4.605430e+02 6.785609e+02 1.157328e+03  
3.606735e-01 2.168178e+02 4.517870e+02 6.665089e+02 1.138483e+03  
3.657011e-01 2.121707e+02 4.432287e+02 6.547205e+02 1.120030e+03  
3.707988e-01 2.076279e+02 4.348550e+02 6.431773e+02 1.101939e+03  
3.759675e-01 2.031848e+02 4.266576e+02 6.318680e+02 1.084191e+03  
3.812083e-01 1.988459e+02 4.186445e+02 6.208044e+02 1.066810e+03  
3.865221e-01 1.946101e+02 4.108140e+02 6.099844e+02 1.049791e+03  
3.919100e-01 1.904723e+02 4.031567e+02 5.993950e+02 1.033116e+03  
3.973730e-01 1.864274e+02 3.956632e+02 5.890233e+02 1.016762e+03  
4.029122e-01 1.824752e+02 3.883335e+02 5.788694e+02 1.000732e+03  
4.085286e-01 1.786173e+02 3.811701e+02 5.689375e+02 9.850333e+02  
4.142232e-01 1.748519e+02 3.741702e+02 5.592237e+02 9.696615e+02  
4.199973e-01 1.711713e+02 3.673193e+02 5.497079e+02 9.545833e+02  
4.258518e-01 1.675750e+02 3.606170e+02 5.403897e+02 9.397992e+02  
4.317880e-01 1.640652e+02 3.540670e+02 5.312749e+02 9.253200e+02  
4.378069e-01 1.606386e+02 3.476636e+02 5.223556e+02 9.111344e+02  
4.439097e-01 1.572903e+02 3.413976e+02 5.136188e+02 8.972196e+02  
4.500975e-01 1.540198e+02 3.352684e+02 5.050642e+02 8.835770e+02  
4.563716e-01 1.508278e+02 3.292771e+02 4.966937e+02 8.702107e+02  
4.627332e-01 1.477112e+02 3.234183e+02 4.884996e+02 8.571087e+02  
4.691835e-01 1.446652e+02 3.176832e+02 4.804699e+02 8.442527e+02  
4.757236e-01 1.416913e+02 3.120744e+02 4.726086e+02 8.316481e+02  
4.823549e-01 1.387890e+02 3.065912e+02 4.649148e+02 8.192955e+02  
4.890787e-01 1.359530e+02 3.012242e+02 4.573753e+02 8.071735e+02  
4.958962e-01 1.331817e+02 2.959701e+02 4.499862e+02 7.952760e+02  
5.028087e-01 1.304771e+02 2.908327e+02 4.427524e+02 7.836123e+02  
5.098176e-01 1.278366e+02 2.858076e+02 4.356684e+02 7.721734e+02  
5.169242e-01 1.252559e+02 2.808867e+02 4.287226e+02 7.609412e+02  
5.241298e-01 1.227342e+02 2.760687e+02 4.219138e+02 7.499139e+02  
5.314359e-01 1.202739e+02 2.713580e+02 4.152479e+02 7.391019e+02  
5.388438e-01 1.178699e+02 2.667454e+02 4.087125e+02 7.284851e+02  
5.463550e-01 1.155203e+02 2.622276e+02 4.023029e+02 7.180568e+02  
5.539709e-01 1.132274e+02 2.578084e+02 3.960247e+02 7.078260e+02  
5.616930e-01 1.109863e+02 2.534793e+02 3.898662e+02 6.977741e+02  
5.695227e-01 1.087961e+02 2.492387e+02 3.838252e+02 6.878984e+02  
5.774615e-01 1.066586e+02 2.450898e+02 3.779063e+02 6.782059e+02  
5.855110e-01 1.045697e+02 2.410254e+02 3.720994e+02 6.686812e+02  
5.936727e-01 1.025279e+02 2.370424e+02 3.664007e+02 6.593173e+02  
6.019482e-01 1.005353e+02 2.331450e+02 3.608158e+02 6.501249e+02  
6.103390e-01 9.858727e+01 2.293247e+02 3.553332e+02 6.410854e+02  
6.188468e-01 9.668470e+01 2.255832e+02 3.499551e+02 6.322022e+02  
6.274732e-01 9.482660e+01 2.219186e+02 3.446792e+02 6.234716e+02  
6.362198e-01 9.301079e+01 2.183272e+02 3.395002e+02 6.148856e+02  
6.450884e-01 9.123613e+01 2.148068e+02 3.344154e+02 6.064401e+02  
6.540806e-01 8.950149e+01 2.113557e+02 3.294223e+02 5.981310e+02  
6.631981e-01 8.780639e+01 2.079727e+02 3.245195e+02 5.899563e+02  
6.724427e-01 8.615028e+01 2.046570e+02 3.197058e+02 5.819139e+02  
6.818162e-01 8.453208e+01 2.014066e+02 3.149785e+02 5.739999e+02  
6.913204e-01 8.295054e+01 1.982194e+02 3.103348e+02 5.662096e+02  
7.009570e-01 8.140450e+01 1.950932e+02 3.057718e+02 5.585388e+02  
7.107280e-01 7.989305e+01 1.920266e+02 3.012874e+02 5.509842e+02  
7.206351e-01 7.841523e+01 1.890178e+02 2.968794e+02 5.435422e+02  
7.306804e-01 7.696992e+01 1.860648e+02 2.925451e+02 5.362088e+02  
7.408657e-01 7.555631e+01 1.831663e+02 2.882827e+02 5.289813e+02  
7.511929e-01 7.417375e+01 1.803212e+02 2.840906e+02 5.218570e+02  
7.616642e-01 7.282148e+01 1.775279e+02 2.799670e+02 5.148331e+02  
7.722814e-01 7.149869e+01 1.747853e+02 2.759101e+02 5.079067e+02  
7.830465e-01 7.020468e+01 1.720919e+02 2.719181e+02 5.010754e+02  
7.939618e-01 6.893873e+01 1.694467e+02 2.679895e+02 4.943363e+02  
8.050292e-01 6.769998e+01 1.668480e+02 2.641222e+02 4.876865e+02  
8.162509e-01 6.648772e+01 1.642947e+02 2.603146e+02 4.811235e+02  
8.276289e-01 6.530140e+01 1.617859e+02 2.565655e+02 4.746451e+02  
8.391656e-01 6.414040e+01 1.593203e+02 2.528733e+02 4.682492e+02  
8.508632e-01 6.300402e+01 1.568969e+02 2.492364e+02 4.619332e+02  
8.627237e-01 6.189166e+01 1.545145e+02 2.456536e+02 4.556949e+02  
8.747496e-01 6.080274e+01 1.521722e+02 2.421234e+02 4.495323e+02  
8.869432e-01 5.973655e+01 1.498688e+02 2.386443e+02 4.434430e+02  
8.993067e-01 5.869242e+01 1.476031e+02 2.352149e+02 4.374248e+02  
9.118425e-01 5.766985e+01 1.453744e+02 2.318338e+02 4.314758e+02  
9.245531e-01 5.666830e+01 1.431815e+02 2.285000e+02 4.255942e+02  
9.374409e-01 5.568714e+01 1.410236e+02 2.252122e+02 4.197779e+02  
9.505083e-01 5.472584e+01 1.388998e+02 2.219689e+02 4.140253e+02  
9.637579e-01 5.378392e+01 1.368091e+02 2.187694e+02 4.083346e+02  
9.771921e-01 5.286082e+01 1.347507e+02 2.156124e+02 4.027042e+02  
9.908137e-01 5.195596e+01 1.327236e+02 2.124966e+02 3.971322e+02  
1.004625e+00 5.106894e+01 1.307272e+02 2.094212e+02 3.916174e+02  
1.018629e+00 5.019935e+01 1.287608e+02 2.063853e+02 3.861584e+02  
1.032828e+00 4.934674e+01 1.268235e+02 2.033880e+02 3.807539e+02  
1.047225e+00 4.851066e+01 1.249148e+02 2.004283e+02 3.754024e+02  
1.061823e+00 4.769073e+01 1.230340e+02 1.975055e+02 3.701029e+02  
1.076624e+00 4.688653e+01 1.211803e+02 1.946186e+02 3.648542e+02  
1.091632e+00 4.609760e+01 1.193531e+02 1.917667e+02 3.596550e+02  
1.106848e+00 4.532357e+01 1.175518e+02 1.889492e+02 3.545042e+02  
1.122277e+00 4.456409e+01 1.157757e+02 1.861653e+02 3.494010e+02  
1.137921e+00 4.381877e+01 1.140244e+02 1.834143e+02 3.443443e+02  
1.153783e+00 4.308723e+01 1.122971e+02 1.806954e+02 3.393331e+02  
1.169866e+00 4.236914e+01 1.105934e+02 1.780081e+02 3.343668e+02  
1.186174e+00 4.166417e+01 1.089127e+02 1.753516e+02 3.294445e+02  
1.202708e+00 4.097195e+01 1.072546e+02 1.727254e+02 3.245653e+02  
1.219473e+00 4.029215e+01 1.056184e+02 1.701288e+02 3.197287e+02  
1.236472e+00 3.962449e+01 1.040038e+02 1.675612e+02 3.149341e+02  
1.253708e+00 3.896865e+01 1.024102e+02 1.650223e+02 3.101807e+02  
1.271184e+00 3.832432e+01 1.008373e+02 1.625114e+02 3.054682e+02  
1.288904e+00 3.769125e+01 9.928464e+01 1.600281e+02 3.007960e+02  
1.306870e+00 3.706918e+01 9.775183e+01 1.575720e+02 2.961637e+02  
1.325087e+00 3.645785e+01 9.623850e+01 1.551426e+02 2.915709e+02  
1.343558e+00 3.585699e+01 9.474424e+01 1.527395e+02 2.870173e+02  
1.362287e+00 3.526636e+01 9.326874e+01 1.503624e+02 2.825025e+02  
1.381276e+00 3.468570e+01 9.181162e+01 1.480107e+02 2.780264e+02  
1.400531e+00 3.411476e+01 9.037252e+01 1.456843e+02 2.735886e+02  
1.420053e+00 3.355329e+01 8.895112e+01 1.433826e+02 2.691890e+02  
1.439848e+00 3.300111e+01 8.754715e+01 1.411055e+02 2.648275e+02  
1.459919e+00 3.245799e+01 8.616031e+01 1.388526e+02 2.605038e+02  
1.480269e+00 3.192371e+01 8.479031e+01 1.366236e+02 2.562181e+02  
1.500903e+00 3.139810e+01 8.343689e+01 1.344183e+02 2.519701e+02  
1.521825e+00 3.088094e+01 8.209980e+01 1.322365e+02 2.477600e+02  
1.543038e+00 3.037204e+01 8.077877e+01 1.300778e+02 2.435877e+02  
1.564548e+00 2.987121e+01 7.947357e+01 1.279420e+02 2.394533e+02  
1.586357e+00 2.937829e+01 7.818399e+01 1.258291e+02 2.353568e+02  
1.608469e+00 2.889311e+01 7.690981e+01 1.237386e+02 2.312984e+02  
1.630891e+00 2.841548e+01 7.565082e+01 1.216706e+02 2.272782e+02  
1.653624e+00 2.794525e+01 7.440682e+01 1.196247e+02 2.232963e+02  
1.676675e+00 2.748228e+01 7.317763e+01 1.176009e+02 2.193529e+02  
1.700047e+00 2.702640e+01 7.196305e+01 1.155990e+02 2.154482e+02  
1.723745e+00 2.657745e+01 7.076291e+01 1.136189e+02 2.115823e+02  
1.747773e+00 2.613531e+01 6.957706e+01 1.116603e+02 2.077555e+02  
1.772136e+00 2.569984e+01 6.840533e+01 1.097233e+02 2.039679e+02  
1.796838e+00 2.527090e+01 6.724757e+01 1.078077e+02 2.002200e+02  
1.821885e+00 2.484835e+01 6.610363e+01 1.059134e+02 1.965117e+02  
1.847281e+00 2.443210e+01 6.497338e+01 1.040402e+02 1.928435e+02  
1.873032e+00 2.402200e+01 6.385669e+01 1.021882e+02 1.892156e+02  
1.899141e+00 2.361793e+01 6.275341e+01 1.003573e+02 1.856282e+02  
1.925614e+00 2.321979e+01 6.166343e+01 9.854723e+01 1.820815e+02  
1.952456e+00 2.282747e+01 6.058664e+01 9.675810e+01 1.785759e+02  
1.979672e+00 2.244086e+01 5.952292e+01 9.498979e+01 1.751115e+02  
2.007267e+00 2.205985e+01 5.847216e+01 9.324224e+01 1.716887e+02  
2.035248e+00 2.168436e+01 5.743426e+01 9.151541e+01 1.683076e+02  
2.063618e+00 2.131428e+01 5.640913e+01 8.980924e+01 1.649684e+02  
2.092383e+00 2.094951e+01 5.539665e+01 8.812368e+01 1.616715e+02  
2.121550e+00 2.058997e+01 5.439674e+01 8.645870e+01 1.584169e+02  
2.151123e+00 2.023557e+01 5.340931e+01 8.481424e+01 1.552049e+02  
2.181109e+00 1.988624e+01 5.243429e+01 8.319029e+01 1.520356e+02  
2.211512e+00 1.954188e+01 5.147157e+01 8.158678e+01 1.489092e+02  
2.242340e+00 1.920242e+01 5.052108e+01 8.000370e+01 1.458260e+02  
2.273597e+00 1.886778e+01 4.958275e+01 7.844101e+01 1.427858e+02  
2.305289e+00 1.853789e+01 4.865650e+01 7.689867e+01 1.397891e+02  
2.337424e+00 1.821267e+01 4.774225e+01 7.537665e+01 1.368356e+02  
2.370006e+00 1.789206e+01 4.683993e+01 7.387491e+01 1.339256e+02  
2.403043e+00 1.757599e+01 4.594947e+01 7.239342e+01 1.310591e+02  
2.436540e+00 1.726439e+01 4.507080e+01 7.093215e+01 1.282361e+02  
2.470504e+00 1.695721e+01 4.420386e+01 6.949106e+01 1.254565e+02  
2.504942e+00 1.665437e+01 4.334858e+01 6.807012e+01 1.227203e+02  
2.539859e+00 1.635582e+01 4.250489e+01 6.666928e+01 1.200276e+02  
2.575263e+00 1.606151e+01 4.167273e+01 6.528848e+01 1.173783e+02  
2.611161e+00 1.577136e+01 4.085203e+01 6.392770e+01 1.147722e+02  
2.647559e+00 1.548534e+01 4.004274e+01 6.258688e+01 1.122092e+02  
2.684465e+00 1.520339e+01 3.924479e+01 6.126598e+01 1.095710e+02  
2.721885e+00 1.492544e+01 3.845812e+01 5.996493e+01 1.072121e+02  
2.759826e+00 1.465147e+01 3.768267e+01 5.868368e+01 1.047776e+02  
2.798297e+00 1.438142e+01 3.691838e+01 5.742216e+01 1.023855e+02  
2.837304e+00 1.411524e+01 3.616518e+01 5.618032e+01 1.000356e+02  
2.876854e+00 1.385287e+01 3.542302e+01 5.495806e+01 9.772771e+01  
2.916956e+00 1.359428e+01 3.469183e+01 5.375531e+01 9.546148e+01  
2.957617e+00 1.333943e+01 3.397156e+01 5.257200e+01 9.323664e+01  
2.998844e+00 1.308828e+01 3.326214e+01 5.140803e+01 9.105290e+01  
3.040646e+00 1.284077e+01 3.256351e+01 5.026332e+01 8.891011e+01  
3.083031e+00 1.259688e+01 3.187561e+01 4.913775e+01 8.680761e+01  
3.126007e+00 1.235655e+01 3.119837e+01 4.803123e+01 8.474517e+01  
3.169582e+00 1.211976e+01 3.053172e+01 4.694365e+01 8.272195e+01  
3.213764e+00 1.188645e+01 2.987561e+01 4.587490e+01 8.073843e+01  
3.258562e+00 1.165660e+01 2.922997e+01 4.482484e+01 7.879383e+01  
3.303985e+00 1.143016e+01 2.859473e+01 4.379336e+01 7.688803e+01  
3.350041e+00 1.120710e+01 2.796982e+01 4.278033e+01 7.502005e+01  
3.396739e+00 1.098740e+01 2.735517e+01 4.178559e+01 7.318971e+01  
3.444087e+00 1.077100e+01 2.675072e+01 4.080902e+01 7.139656e+01  
3.492096e+00 1.055787e+01 2.615639e+01 3.985047e+01 6.964016e+01  
3.540774e+00 1.034799e+01 2.557210e+01 3.890977e+01 6.792005e+01  
3.590130e+00 1.014131e+01 2.499779e+01 3.798677e+01 6.623576e+01  
3.640175e+00 9.937809e+00 2.443338e+01 3.708133e+01 6.458680e+01  
3.690917e+00 9.737449e+00 2.387880e+01 3.619324e+01 6.297272e+01  
3.742366e+00 9.540198e+00 2.333395e+01 3.532236e+01 6.139301e+01  
3.794533e+00 9.346025e+00 2.275068e+01 3.446846e+01 5.984719e+01  
3.847427e+00 9.154898e+00 2.227317e+01 3.363137e+01 5.833477e+01  
3.901058e+00 8.966786e+00 2.175707e+01 3.281098e+01 5.685526e+01  
3.955436e+00 8.781659e+00 2.125038e+01 3.200709e+01 5.540815e+01  
4.010573e+00 8.599486e+00 2.075302e+01 3.121943e+01 5.399296e+01  
4.066478e+00 8.420236e+00 2.026490e+01 3.044785e+01 5.260917e+01  
4.123163e+00 8.243880e+00 1.978593e+01 2.969214e+01 5.125629e+01  
4.180637e+00 8.070387e+00 1.931602e+01 2.895211e+01 4.993381e+01  
4.238913e+00 7.899729e+00 1.885507e+01 2.822755e+01 4.864125e+01  
4.298001e+00 7.731875e+00 1.840300e+01 2.751826e+01 4.737809e+01  
4.357913e+00 7.566797e+00 1.795971e+01 2.682402e+01 4.614384e+01  
4.418660e+00 7.404466e+00 1.752510e+01 2.614464e+01 4.493801e+01  
4.480254e+00 7.244853e+00 1.709907e+01 2.547989e+01 4.376009e+01  
4.542706e+00 7.087929e+00 1.668153e+01 2.482956e+01 4.260951e+01  
4.606029e+00 6.933666e+00 1.627237e+01 2.419345e+01 4.148605e+01  
4.670234e+00 6.782036e+00 1.587149e+01 2.357133e+01 4.038893e+01  
4.735335e+00 6.633011e+00 1.547878e+01 2.296300e+01 3.931790e+01  
4.801343e+00 6.486562e+00 1.509416e+01 2.236824e+01 3.827213e+01  
4.868271e+00 6.342662e+00 1.471752e+01 2.178683e+01 3.725147e+01  
4.936132e+00 6.201282e+00 1.434874e+01 2.121855e+01 3.625534e+01  
5.004939e+00 6.062396e+00 1.398773e+01 2.066320e+01 3.528327e+01  
5.074705e+00 5.925974e+00 1.363437e+01 2.012057e+01 3.433478e+01  
5.145444e+00 5.791991e+00 1.328855e+01 1.959041e+01 3.340943e+01  
5.217169e+00 5.660418e+00 1.295018e+01 1.907254e+01 3.250675e+01  
5.289893e+00 5.531229e+00 1.261914e+01 1.856673e+01 3.162629e+01  
5.363631e+00 5.404395e+00 1.229532e+01 1.807279e+01 3.076759e+01  
5.438397e+00 5.279893e+00 1.197862e+01 1.759045e+01 2.993022e+01  
5.514206e+00 5.157689e+00 1.166892e+01 1.711956e+01 2.911374e+01  
5.591071e+00 5.037754e+00 1.136612e+01 1.665990e+01 2.831770e+01  
5.669007e+00 4.920073e+00 1.107010e+01 1.621125e+01 2.754169e+01  
5.748030e+00 4.804615e+00 1.078076e+01 1.577341e+01 2.678528e+01  
5.828155e+00 4.691348e+00 1.049799e+01 1.534616e+01 2.604809e+01  
5.909396e+00 4.580248e+00 1.022168e+01 1.492931e+01 2.532957e+01  
5.991770e+00 4.471288e+00 9.951715e+00 1.452266e+01 2.462947e+01  
6.075292e+00 4.364441e+00 9.687995e+00 1.412600e+01 2.394729e+01  
6.159978e+00 4.259682e+00 9.430411e+00 1.373915e+01 2.328272e+01  
6.245845e+00 4.156983e+00 9.178856e+00 1.336189e+01 2.263530e+01  
6.332908e+00 4.056317e+00 8.933221e+00 1.299403e+01 2.200467e+01  
6.421186e+00 3.957659e+00 8.693402e+00 1.263539e+01 2.139045e+01  
6.510694e+00 3.860982e+00 8.459292e+00 1.228584e+01 2.079226e+01  
6.601449e+00 3.766258e+00 8.230786e+00 1.194501e+01 2.020974e+01  
6.693470e+00 3.673463e+00 8.007781e+00 1.161281e+01 1.964253e+01  
6.786773e+00 3.582570e+00 7.790167e+00 1.128921e+01 1.909029e+01  
6.881377e+00 3.493552e+00 7.586774e+00 1.097383e+01 1.855264e+01  
6.977300e+00 3.406384e+00 7.370707e+00 1.066655e+01 1.802925e+01  
7.074559e+00 3.321038e+00 7.168660e+00 1.036721e+01 1.751977e+01  
7.173175e+00 3.237490e+00 6.971599e+00 1.007564e+01 1.702389e+01  
7.273165e+00 3.155712e+00 6.779424e+00 9.791634e+00 1.654190e+01  
7.374549e+00 3.075679e+00 6.592038e+00 9.515046e+00 1.607165e+01  
7.477346e+00 2.997365e+00 6.409345e+00 9.245705e+00 1.561464e+01  
7.581576e+00 2.920745e+00 6.231249e+00 8.983450e+00 1.516935e+01  
7.687260e+00 2.845791e+00 6.057654e+00 8.728121e+00 1.473731e+01  
7.794416e+00 2.772479e+00 5.888468e+00 8.479553e+00 1.431640e+01  
7.903066e+00 2.700783e+00 5.723598e+00 8.237545e+00 1.390692e+01  
8.013230e+00 2.630675e+00 5.562950e+00 8.002085e+00 1.350861e+01  
8.124930e+00 2.562132e+00 5.406433e+00 7.772880e+00 1.312119e+01  
8.238187e+00 2.495133e+00 5.253957e+00 7.549878e+00 1.274437e+01  
8.353023e+00 2.429645e+00 5.105433e+00 7.332788e+00 1.237789e+01  
8.469460e+00 2.365648e+00 4.960773e+00 7.121608e+00 1.202149e+01  
8.587519e+00 2.303114e+00 4.819892e+00 6.916145e+00 1.167495e+01  
8.707225e+00 2.242020e+00 4.682721e+00 6.716271e+00 1.133679e+01  
8.828599e+00 2.182340e+00 4.549135e+00 6.521848e+00 1.101031e+01  
8.951665e+00 2.124049e+00 4.419082e+00 6.332742e+00 1.069176e+01  
9.076446e+00 2.067123e+00 4.292510e+00 6.148820e+00 1.038323e+01  
9.202967e+00 2.011537e+00 4.169298e+00 5.969955e+00 1.008099e+01  
9.331251e+00 1.957268e+00 4.049380e+00 5.796032e+00 9.788334e+00  
9.461324e+00 1.904291e+00 3.932680e+00 5.626894e+00 9.503860e+00  
9.593209e+00 1.852582e+00 3.819119e+00 5.462456e+00 9.227359e+00  
9.726934e+00 1.802118e+00 3.708623e+00 5.302505e+00 8.958621e+00  
9.862522e+00 1.752876e+00 3.601115e+00 5.147022e+00 8.697442e+00  
1.000000e+01 1.704832e+00 3.496526e+00 4.995962e+00 8.443625e+00  
