1.000000e-02 6.466377e+03 1.190417e+04 1.620084e+04 2.438375e+04  
1.013939e-02 6.503486e+03 1.197222e+04 1.629318e+04 2.452205e+04  
1.028073e-02 6.540041e+03 1.203923e+04 1.638410e+04 2.465821e+04  
1.042404e-02 6.576017e+03 1.210518e+04 1.647357e+04 2.479215e+04  
1.056935e-02 6.611388e+03 1.217000e+04 1.656150e+04 2.492377e+04  
1.071668e-02 6.646131e+03 1.223366e+04 1.664783e+04 2.505297e+04  
1.086606e-02 6.680219e+03 1.229611e+04 1.673251e+04 2.517966e+04  
1.101753e-02 6.713628e+03 1.235730e+04 1.681547e+04 2.530374e+04  
1.117111e-02 6.746330e+03 1.241718e+04 1.689664e+04 2.542512e+04  
1.132683e-02 6.778302e+03 1.247570e+04 1.697596e+04 2.554369e+04  
1.148472e-02 6.809516e+03 1.253283e+04 1.705337e+04 2.565937e+04  
1.164481e-02 6.839947e+03 1.258850e+04 1.712879e+04 2.577204e+04  
1.180713e-02 6.869568e+03 1.264268e+04 1.720217e+04 2.588162e+04  
1.197171e-02 6.898351e+03 1.269530e+04 1.727343e+04 2.598800e+04  
1.213859e-02 6.926267e+03 1.274632e+04 1.734250e+04 2.609106e+04  
1.230780e-02 6.953286e+03 1.279568e+04 1.740930e+04 2.619069e+04  
1.247936e-02 6.979378e+03 1.284333e+04 1.747376e+04 2.628679e+04  
1.265332e-02 7.004516e+03 1.288921e+04 1.753581e+04 2.637924e+04  
1.282970e-02 7.028668e+03 1.293327e+04 1.759538e+04 2.646793e+04  
1.300854e-02 7.051807e+03 1.297545e+04 1.765238e+04 2.655276e+04  
1.318987e-02 7.073901e+03 1.301570e+04 1.770675e+04 2.663361e+04  
1.337373e-02 7.094921e+03 1.305397e+04 1.775841e+04 2.671036e+04  
1.356015e-02 7.114838e+03 1.309020e+04 1.780729e+04 2.678292e+04  
1.374917e-02 7.133621e+03 1.312433e+04 1.785331e+04 2.685115e+04  
1.394083e-02 7.151241e+03 1.315632e+04 1.789640e+04 2.691497e+04  
1.413516e-02 7.167669e+03 1.318610e+04 1.793648e+04 2.697424e+04  
1.433219e-02 7.182876e+03 1.321363e+04 1.797349e+04 2.702888e+04  
1.453198e-02 7.196833e+03 1.323885e+04 1.800735e+04 2.707876e+04  
1.473454e-02 7.209506e+03 1.326170e+04 1.803798e+04 2.712377e+04  
1.493993e-02 7.220866e+03 1.328212e+04 1.806530e+04 2.716379e+04  
1.514819e-02 7.230881e+03 1.330006e+04 1.808923e+04 2.719870e+04  
1.535935e-02 7.239520e+03 1.331546e+04 1.810971e+04 2.722840e+04  
1.557345e-02 7.246755e+03 1.332826e+04 1.812664e+04 2.725276e+04  
1.579053e-02 7.252555e+03 1.333842e+04 1.813997e+04 2.727169e+04  
1.601064e-02 7.256891e+03 1.334588e+04 1.814962e+04 2.728507e+04  
1.623382e-02 7.259734e+03 1.335059e+04 1.815552e+04 2.729278e+04  
1.646012e-02 7.261054e+03 1.335248e+04 1.815758e+04 2.729474e+04  
1.668956e-02 7.260822e+03 1.335151e+04 1.815575e+04 2.729082e+04  
1.692220e-02 7.259012e+03 1.334763e+04 1.814995e+04 2.728092e+04  
1.715809e-02 7.255596e+03 1.334079e+04 1.814012e+04 2.726495e+04  
1.739726e-02 7.250550e+03 1.333095e+04 1.812620e+04 2.724282e+04  
1.763977e-02 7.243849e+03 1.331806e+04 1.810812e+04 2.721444e+04  
1.788566e-02 7.235468e+03 1.330206e+04 1.808582e+04 2.717971e+04  
1.813498e-02 7.225384e+03 1.328294e+04 1.805925e+04 2.713855e+04  
1.838777e-02 7.213575e+03 1.326063e+04 1.802836e+04 2.709087e+04  
1.864409e-02 7.200020e+03 1.323511e+04 1.799309e+04 2.703662e+04  
1.890397e-02 7.184702e+03 1.320634e+04 1.795339e+04 2.697571e+04  
1.916748e-02 7.167603e+03 1.317429e+04 1.790924e+04 2.690809e+04  
1.943467e-02 7.148710e+03 1.313893e+04 1.786059e+04 2.683371e+04  
1.970558e-02 7.128004e+03 1.310024e+04 1.780740e+04 2.675250e+04  
1.998026e-02 7.105471e+03 1.305819e+04 1.774963e+04 2.666442e+04  
2.025878e-02 7.081097e+03 1.301275e+04 1.768726e+04 2.656941e+04  
2.054117e-02 7.054871e+03 1.296391e+04 1.762025e+04 2.646744e+04  
2.082751e-02 7.026785e+03 1.291164e+04 1.754860e+04 2.635848e+04  
2.111783e-02 6.996833e+03 1.285595e+04 1.747227e+04 2.624251e+04  
2.141220e-02 6.965014e+03 1.279682e+04 1.739128e+04 2.611953e+04  
2.171068e-02 6.931323e+03 1.273425e+04 1.730562e+04 2.598953e+04  
2.201331e-02 6.895759e+03 1.266824e+04 1.721528e+04 2.585251e+04  
2.232016e-02 6.858323e+03 1.259879e+04 1.712026e+04 2.570847e+04  
2.263130e-02 6.819020e+03 1.252591e+04 1.702058e+04 2.555744e+04  
2.294676e-02 6.777858e+03 1.244962e+04 1.691627e+04 2.539945e+04  
2.326663e-02 6.734851e+03 1.236994e+04 1.680736e+04 2.523456e+04  
2.359095e-02 6.690015e+03 1.228691e+04 1.669389e+04 2.506283e+04  
2.391980e-02 6.643367e+03 1.220056e+04 1.657592e+04 2.488434e+04  
2.425323e-02 6.594925e+03 1.211091e+04 1.645347e+04 2.469916e+04  
2.459130e-02 6.544709e+03 1.201802e+04 1.632661e+04 2.450736e+04  
2.493409e-02 6.492746e+03 1.192192e+04 1.619541e+04 2.430905e+04  
2.528166e-02 6.439068e+03 1.182268e+04 1.605995e+04 2.410435e+04  
2.563407e-02 6.383711e+03 1.172038e+04 1.592032e+04 2.389341e+04  
2.599140e-02 6.326719e+03 1.161507e+04 1.577664e+04 2.367640e+04  
2.635371e-02 6.268135e+03 1.150686e+04 1.562900e+04 2.345348e+04  
2.672106e-02 6.207996e+03 1.139581e+04 1.547752e+04 2.322479e+04  
2.709354e-02 6.146346e+03 1.128199e+04 1.532229e+04 2.299051e+04  
2.747121e-02 6.083234e+03 1.116551e+04 1.516345e+04 2.275082e+04  
2.785414e-02 6.018715e+03 1.104646e+04 1.500114e+04 2.250594e+04  
2.824241e-02 5.952850e+03 1.092495e+04 1.483551e+04 2.225610e+04  
2.863610e-02 5.885710e+03 1.080112e+04 1.466673e+04 2.200156e+04  
2.903527e-02 5.817366e+03 1.067511e+04 1.449499e+04 2.174260e+04  
2.944000e-02 5.747881e+03 1.054701e+04 1.432045e+04 2.147946e+04  
2.985038e-02 5.677319e+03 1.041696e+04 1.414326e+04 2.121239e+04  
3.026648e-02 5.605755e+03 1.028510e+04 1.396363e+04 2.094166e+04  
3.068838e-02 5.533268e+03 1.015156e+04 1.378174e+04 2.066757e+04  
3.111616e-02 5.459945e+03 1.001651e+04 1.359782e+04 2.039047e+04  
3.154990e-02 5.385883e+03 9.880130e+03 1.341210e+04 2.011071e+04  
3.198969e-02 5.311182e+03 9.742602e+03 1.322485e+04 1.982866e+04  
3.243561e-02 5.235926e+03 9.604080e+03 1.303626e+04 1.954466e+04  
3.288774e-02 5.160198e+03 9.464718e+03 1.284655e+04 1.925900e+04  
3.334618e-02 5.084087e+03 9.324678e+03 1.265595e+04 1.897203e+04  
3.381101e-02 5.007688e+03 9.184138e+03 1.246468e+04 1.868410e+04  
3.428231e-02 4.931106e+03 9.043288e+03 1.227301e+04 1.839561e+04  
3.476019e-02 4.854453e+03 8.902334e+03 1.208123e+04 1.810698e+04  
3.524473e-02 4.777846e+03 8.761492e+03 1.188961e+04 1.781864e+04  
3.573602e-02 4.701391e+03 8.620954e+03 1.169843e+04 1.753099e+04  
3.623416e-02 4.625181e+03 8.480893e+03 1.150792e+04 1.724439e+04  
3.673925e-02 4.549317e+03 8.341493e+03 1.131833e+04 1.695920e+04  
3.725137e-02 4.473906e+03 8.202949e+03 1.112992e+04 1.667583e+04  
3.777064e-02 4.399062e+03 8.065470e+03 1.094298e+04 1.639469e+04  
3.829714e-02 4.324906e+03 7.929277e+03 1.075780e+04 1.611625e+04  
3.883098e-02 4.251566e+03 7.794606e+03 1.057471e+04 1.584098e+04  
3.937226e-02 4.179145e+03 7.661639e+03 1.039396e+04 1.556925e+04  
3.992109e-02 4.107703e+03 7.530492e+03 1.021569e+04 1.530130e+04  
4.047757e-02 4.037302e+03 7.401275e+03 1.004007e+04 1.503735e+04  
4.104181e-02 3.968007e+03 7.274103e+03 9.867236e+03 1.477763e+04  
4.161391e-02 3.899881e+03 7.149096e+03 9.697362e+03 1.452239e+04  
4.219398e-02 3.832992e+03 7.026375e+03 9.530609e+03 1.427188e+04  
4.278214e-02 3.767410e+03 6.906065e+03 9.367146e+03 1.402634e+04  
4.337850e-02 3.703212e+03 6.788309e+03 9.207166e+03 1.378607e+04  
4.398317e-02 3.640496e+03 6.673282e+03 9.050908e+03 1.355143e+04  
4.459628e-02 3.579366e+03 6.561175e+03 8.898626e+03 1.332279e+04  
4.521792e-02 3.519931e+03 6.452183e+03 8.750586e+03 1.310055e+04  
4.584824e-02 3.462304e+03 6.346511e+03 8.607065e+03 1.288514e+04  
4.648734e-02 3.406604e+03 6.244373e+03 8.468351e+03 1.267698e+04  
4.713535e-02 3.352952e+03 6.145990e+03 8.334742e+03 1.247652e+04  
4.779239e-02 3.301423e+03 6.051494e+03 8.206416e+03 1.228402e+04  
4.845859e-02 3.251999e+03 5.960851e+03 8.083326e+03 1.209943e+04  
4.913407e-02 3.204648e+03 5.873998e+03 7.965386e+03 1.192260e+04  
4.981898e-02 3.159327e+03 5.790859e+03 7.852491e+03 1.175338e+04  
5.051342e-02 3.115988e+03 5.711341e+03 7.744514e+03 1.159158e+04  
5.121755e-02 3.074570e+03 5.635333e+03 7.641306e+03 1.143698e+04  
5.193150e-02 3.035014e+03 5.562724e+03 7.542714e+03 1.128935e+04  
5.265540e-02 2.997285e+03 5.493447e+03 7.448647e+03 1.114856e+04  
5.338938e-02 2.961347e+03 5.427436e+03 7.359014e+03 1.101446e+04  
5.413360e-02 2.927158e+03 5.364613e+03 7.273708e+03 1.088691e+04  
5.488820e-02 2.894668e+03 5.304883e+03 7.192602e+03 1.076570e+04  
5.565331e-02 2.863818e+03 5.248137e+03 7.115545e+03 1.065063e+04  
5.642908e-02 2.834540e+03 5.194248e+03 7.042366e+03 1.054143e+04  
5.721568e-02 2.806753e+03 5.143067e+03 6.972864e+03 1.043779e+04  
5.801323e-02 2.780365e+03 5.094428e+03 6.906810e+03 1.033940e+04  
5.882190e-02 2.755276e+03 5.048141e+03 6.843950e+03 1.024585e+04  
5.964185e-02 2.731369e+03 5.003998e+03 6.784001e+03 1.015674e+04  
6.047322e-02 2.708518e+03 4.961766e+03 6.726647e+03 1.007159e+04  
6.131619e-02 2.686576e+03 4.921178e+03 6.671528e+03 9.989864e+03  
6.217090e-02 2.665381e+03 4.881937e+03 6.618243e+03 9.910961e+03  
6.303753e-02 2.644753e+03 4.843721e+03 6.566356e+03 9.834228e+03  
6.391624e-02 2.624499e+03 4.806175e+03 6.515388e+03 9.758950e+03  
6.480720e-02 2.604413e+03 4.768930e+03 6.464840e+03 9.684381e+03  
6.571058e-02 2.584322e+03 4.731672e+03 6.414289e+03 9.609882e+03  
6.662655e-02 2.564052e+03 4.694088e+03 6.363314e+03 9.534823e+03  
6.755528e-02 2.543416e+03 4.655841e+03 6.311458e+03 9.458518e+03  
6.849697e-02 2.522211e+03 4.616567e+03 6.258231e+03 9.380228e+03  
6.945178e-02 2.500240e+03 4.575912e+03 6.203157e+03 9.299234e+03  
7.041990e-02 2.477337e+03 4.533578e+03 6.145834e+03 9.214928e+03  
7.140151e-02 2.453326e+03 4.489254e+03 6.085843e+03 9.126675e+03  
7.239681e-02 2.428021e+03 4.442608e+03 6.022736e+03 9.033796e+03  
7.340598e-02 2.401235e+03 4.393305e+03 5.956062e+03 8.935606e+03  
7.442922e-02 2.372843e+03 4.341127e+03 5.885528e+03 8.831652e+03  
7.546673e-02 2.342743e+03 4.285895e+03 5.810893e+03 8.721565e+03  
7.651869e-02 2.310828e+03 4.227422e+03 5.731905e+03 8.604954e+03  
7.758532e-02 2.276994e+03 4.165525e+03 5.648319e+03 8.481438e+03  
7.866682e-02 2.241213e+03 4.100160e+03 5.560074e+03 8.350916e+03  
7.976339e-02 2.203502e+03 4.031363e+03 5.467221e+03 8.213455e+03  
8.087525e-02 2.163885e+03 3.959182e+03 5.369826e+03 8.069142e+03  
8.200261e-02 2.122399e+03 3.883689e+03 5.267984e+03 7.918112e+03  
8.314568e-02 2.079141e+03 3.805063e+03 5.161938e+03 7.760724e+03  
8.430468e-02 2.034244e+03 3.723546e+03 5.052016e+03 7.597464e+03  
8.547985e-02 1.987854e+03 3.639404e+03 4.938577e+03 7.428868e+03  
8.667139e-02 1.940141e+03 3.552946e+03 4.822037e+03 7.255561e+03  
8.787954e-02 1.891319e+03 3.464556e+03 4.702915e+03 7.078322e+03  
8.910453e-02 1.841624e+03 3.374659e+03 4.581785e+03 6.898017e+03  
9.034660e-02 1.791313e+03 3.283717e+03 4.459270e+03 6.715588e+03  
9.160598e-02 1.740655e+03 3.192213e+03 4.336021e+03 6.532019e+03  
9.288292e-02 1.689933e+03 3.100654e+03 4.212722e+03 6.348345e+03  
9.417766e-02 1.639456e+03 3.009588e+03 4.090112e+03 6.165687e+03  
9.549045e-02 1.589552e+03 2.919605e+03 3.968985e+03 5.985246e+03  
9.682153e-02 1.540539e+03 2.831267e+03 3.850099e+03 5.808173e+03  
9.817117e-02 1.492708e+03 2.745094e+03 3.734154e+03 5.635528e+03  
9.953962e-02 1.446371e+03 2.661640e+03 3.621893e+03 5.468437e+03  
1.009272e-01 1.401857e+03 2.581488e+03 3.514102e+03 5.308091e+03  
1.023340e-01 1.359433e+03 2.505110e+03 3.411413e+03 5.155446e+03  
1.037605e-01 1.319293e+03 2.432848e+03 3.314287e+03 5.011198e+03  
1.052069e-01 1.281641e+03 2.365059e+03 3.223200e+03 4.876070e+03  
1.066734e-01 1.246675e+03 2.302091e+03 3.138620e+03 4.750770e+03  
1.081604e-01 1.214483e+03 2.244097e+03 3.060747e+03 4.635601e+03  
1.096681e-01 1.185096e+03 2.191123e+03 2.989645e+03 4.530661e+03  
1.111968e-01 1.158540e+03 2.143211e+03 2.925364e+03 4.436030e+03  
1.127468e-01 1.134792e+03 2.100314e+03 2.867840e+03 4.351617e+03  
1.143184e-01 1.113733e+03 2.062210e+03 2.816775e+03 4.276976e+03  
1.159120e-01 1.095215e+03 2.028631e+03 2.771804e+03 4.211565e+03  
1.175277e-01 1.079065e+03 1.999267e+03 2.732510e+03 4.154761e+03  
1.191660e-01 1.065063e+03 1.973717e+03 2.698353e+03 4.105758e+03  
1.208271e-01 1.052948e+03 1.951516e+03 2.668709e+03 4.063621e+03  
1.225114e-01 1.042438e+03 1.932156e+03 2.642894e+03 4.027325e+03  
1.242191e-01 1.033217e+03 1.915077e+03 2.620156e+03 3.995737e+03  
1.259506e-01 1.024942e+03 1.899667e+03 2.599670e+03 3.967616e+03  
1.277063e-01 1.017238e+03 1.885261e+03 2.580546e+03 3.941609e+03  
1.294865e-01 1.009722e+03 1.871185e+03 2.561875e+03 3.916335e+03  
1.312915e-01 1.002004e+03 1.856747e+03 2.542726e+03 3.890370e+03  
1.331216e-01 9.936644e+02 1.841212e+03 2.522108e+03 3.862193e+03  
1.349772e-01 9.843400e+02 1.823942e+03 2.499162e+03 3.830472e+03  
1.368587e-01 9.737100e+02 1.804376e+03 2.473131e+03 3.794032e+03  
1.387665e-01 9.614493e+02 1.781948e+03 2.443248e+03 3.751672e+03  
1.407008e-01 9.473681e+02 1.756329e+03 2.409069e+03 3.702688e+03  
1.426621e-01 9.313507e+02 1.727322e+03 2.370326e+03 3.646641e+03  
1.446507e-01 9.133125e+02 1.694786e+03 2.326823e+03 3.583212e+03  
1.466671e-01 8.933145e+02 1.658832e+03 2.278714e+03 3.512616e+03  
1.487115e-01 8.714651e+02 1.619657e+03 2.226260e+03 3.435245e+03  
1.507845e-01 8.479483e+02 1.577590e+03 2.169905e+03 3.351776e+03  
1.528864e-01 8.230589e+02 1.533152e+03 2.110352e+03 3.263291e+03  
1.550175e-01 7.971299e+02 1.486929e+03 2.048395e+03 3.171018e+03  
1.571784e-01 7.705519e+02 1.439609e+03 1.984961e+03 3.076394e+03  
1.593694e-01 7.437614e+02 1.391957e+03 1.921084e+03 2.981020e+03  
1.615909e-01 7.172167e+02 1.344776e+03 1.857845e+03 2.886570e+03  
1.638434e-01 6.913910e+02 1.298892e+03 1.796360e+03 2.794765e+03  
1.661273e-01 6.667609e+02 1.255137e+03 1.737744e+03 2.707328e+03  
1.684430e-01 6.436967e+02 1.214154e+03 1.682863e+03 2.625587e+03  
1.707910e-01 6.225436e+02 1.176542e+03 1.632518e+03 2.550770e+03  
1.731717e-01 6.035093e+02 1.142657e+03 1.587187e+03 2.483605e+03  
1.755856e-01 5.867084e+02 1.112694e+03 1.547127e+03 2.424485e+03  
1.780332e-01 5.721670e+02 1.086691e+03 1.512387e+03 2.373483e+03  
1.805149e-01 5.598014e+02 1.064496e+03 1.482761e+03 2.330285e+03  
1.830312e-01 5.494701e+02 1.045856e+03 1.457907e+03 2.294375e+03  
1.855825e-01 5.409435e+02 1.030366e+03 1.437282e+03 2.264926e+03  
1.881694e-01 5.339455e+02 1.017539e+03 1.420233e+03 2.240950e+03  
1.907924e-01 5.281365e+02 1.006781e+03 1.405963e+03 2.221231e+03  
1.934520e-01 5.231324e+02 9.974220e+02 1.393573e+03 2.204395e+03  
1.961486e-01 5.184924e+02 9.886951e+02 1.382034e+03 2.188859e+03  
1.988828e-01 5.137562e+02 9.798020e+02 1.370270e+03 2.172963e+03  
2.016551e-01 5.084798e+02 9.699745e+02 1.357248e+03 2.155096e+03  
2.044661e-01 5.022592e+02 9.585154e+02 1.342027e+03 2.133786e+03  
2.073162e-01 4.948011e+02 9.449207e+02 1.323925e+03 2.107959e+03  
2.102061e-01 4.859138e+02 9.288634e+02 1.302499e+03 2.076909e+03  
2.131362e-01 4.755591e+02 9.102820e+02 1.277665e+03 2.040493e+03  
2.161073e-01 4.638140e+02 8.893151e+02 1.249609e+03 1.998994e+03  
2.191197e-01 4.508743e+02 8.663050e+02 1.218793e+03 1.953134e+03  
2.221741e-01 4.370360e+02 8.417668e+02 1.185915e+03 1.904004e+03  
2.252711e-01 4.226674e+02 8.163387e+02 1.151836e+03 1.852953e+03  
2.284112e-01 4.081765e+02 7.907252e+02 1.117508e+03 1.801471e+03  
2.315951e-01 3.939831e+02 7.656500e+02 1.083904e+03 1.751077e+03  
2.348235e-01 3.804906e+02 7.418057e+02 1.051956e+03 1.703216e+03  
2.380968e-01 3.680377e+02 7.197714e+02 1.022441e+03 1.659089e+03  
2.414157e-01 3.568860e+02 6.999927e+02 9.959535e+02 1.619609e+03  
2.447809e-01 3.471746e+02 6.827032e+02 9.728035e+02 1.585248e+03  
2.481930e-01 3.389418e+02 6.679632e+02 9.530691e+02 1.556120e+03  
2.516527e-01 3.321133e+02 6.556397e+02 9.365699e+02 1.531946e+03  
2.551606e-01 3.264969e+02 6.453986e+02 9.228571e+02 1.512034e+03  
2.587174e-01 3.218089e+02 6.367508e+02 9.112747e+02 1.495374e+03  
2.623238e-01 3.176899e+02 6.290787e+02 9.009951e+02 1.480692e+03  
2.659804e-01 3.137554e+02 6.217241e+02 8.911355e+02 1.466623e+03  
2.696881e-01 3.096368e+02 6.140578e+02 8.808515e+02 1.451857e+03  
2.734474e-01 3.050226e+02 6.055496e+02 8.694306e+02 1.435286e+03  
2.772591e-01 2.996997e+02 5.958384e+02 8.563874e+02 1.416152e+03  
2.811239e-01 2.935570e+02 5.847382e+02 8.414719e+02 1.394065e+03  
2.850426e-01 2.865934e+02 5.722507e+02 8.246874e+02 1.369029e+03  
2.890160e-01 2.789249e+02 5.585764e+02 8.063052e+02 1.341473e+03  
2.930447e-01 2.707747e+02 5.440985e+02 7.868418e+02 1.312207e+03  
2.971296e-01 2.624442e+02 5.293306e+02 7.669884e+02 1.282308e+03  
3.012714e-01 2.542652e+02 5.148363e+02 7.475014e+02 1.252954e+03  
3.054710e-01 2.465361e+02 5.011201e+02 7.290558e+02 1.225186e+03  
3.097291e-01 2.394876e+02 4.885702e+02 7.121694e+02 1.199799e+03  
3.140465e-01 2.332560e+02 4.774135e+02 6.971425e+02 1.177250e+03  
3.184242e-01 2.278752e+02 4.677033e+02 6.840438e+02 1.157635e+03  
3.228628e-01 2.232821e+02 4.593293e+02 6.727236e+02 1.140721e+03  
3.273634e-01 2.193209e+02 4.520254e+02 6.628256e+02 1.125956e+03  
3.319266e-01 2.157584e+02 4.453967e+02 6.538221e+02 1.112530e+03  
3.365535e-01 2.123326e+02 4.390010e+02 6.451229e+02 1.099535e+03  
3.412449e-01 2.087966e+02 4.324236e+02 6.361747e+02 1.086123e+03  
3.460016e-01 2.049609e+02 4.253473e+02 6.265549e+02 1.071646e+03  
3.508247e-01 2.007231e+02 4.176021e+02 6.160377e+02 1.055760e+03  
3.557150e-01 1.960758e+02 4.091783e+02 6.046116e+02 1.038452e+03  
3.606735e-01 1.911048e+02 4.002217e+02 5.924730e+02 1.020030e+03  
3.657011e-01 1.859765e+02 3.910125e+02 5.799968e+02 1.001074e+03  
3.707988e-01 1.808914e+02 3.818866e+02 5.676310e+02 9.822717e+02  
3.759675e-01 1.760363e+02 3.731550e+02 5.557887e+02 9.642535e+02  
3.812083e-01 1.715579e+02 3.650604e+02 5.447909e+02 9.475045e+02  
3.865221e-01 1.675285e+02 3.577210e+02 5.347926e+02 9.322544e+02  
3.919100e-01 1.639513e+02 3.511389e+02 5.257945e+02 9.184989e+02  
3.973730e-01 1.607534e+02 3.451914e+02 5.176325e+02 9.059847e+02  
4.029122e-01 1.577942e+02 3.396434e+02 5.099946e+02 8.942380e+02  
4.085286e-01 1.549117e+02 3.342261e+02 5.025249e+02 8.827206e+02  
4.142232e-01 1.519669e+02 3.287101e+02 4.949206e+02 8.709774e+02  
4.199973e-01 1.488732e+02 3.229534e+02 4.869949e+02 8.587302e+02  
4.258518e-01 1.456099e+02 3.169230e+02 4.787057e+02 8.459199e+02  
4.317880e-01 1.422086e+02 3.106728e+02 4.701253e+02 8.326599e+02  
4.378069e-01 1.387589e+02 3.043508e+02 4.614500e+02 8.192482e+02  
4.439097e-01 1.353785e+02 2.981507e+02 4.529351e+02 8.060677e+02  
4.500975e-01 1.321721e+02 2.922431e+02 4.448043e+02 7.934507e+02  
4.563716e-01 1.291955e+02 2.867182e+02 4.371751e+02 7.815685e+02  
4.627332e-01 1.264564e+02 2.815867e+02 4.300598e+02 7.704358e+02  
4.691835e-01 1.239221e+02 2.767940e+02 4.233861e+02 7.599417e+02  
4.757236e-01 1.215173e+02 2.722164e+02 4.169914e+02 7.498448e+02  
4.823549e-01 1.191515e+02 2.677067e+02 4.106830e+02 7.398614e+02  
4.890787e-01 1.167553e+02 2.631525e+02 4.043152e+02 7.297791e+02  
4.958962e-01 1.143070e+02 2.585193e+02 3.978435e+02 7.195355e+02  
5.028087e-01 1.118164e+02 2.538239e+02 3.912907e+02 7.091671e+02  
5.098176e-01 1.093246e+02 2.491330e+02 3.847443e+02 6.988033e+02  
5.169242e-01 1.068905e+02 2.445414e+02 3.783274e+02 6.886234e+02  
5.241298e-01 1.045678e+02 2.401349e+02 3.721507e+02 6.787865e+02  
5.314359e-01 1.023732e+02 2.359395e+02 3.662472e+02 6.693377e+02  
5.388438e-01 1.003004e+02 2.319440e+02 3.606016e+02 6.602529e+02  
5.463550e-01 9.831775e+01 2.280972e+02 3.551472e+02 6.514350e+02  
5.539709e-01 9.637798e+01 2.243235e+02 3.497868e+02 6.427452e+02  
5.616930e-01 9.444672e+01 2.205684e+02 3.444504e+02 6.340850e+02  
5.695227e-01 9.251445e+01 2.168171e+02 3.391196e+02 6.254299e+02  
5.774615e-01 9.058818e+01 2.130810e+02 3.338093e+02 6.168023e+02  
5.855110e-01 8.869106e+01 2.093967e+02 3.285667e+02 6.082692e+02  
5.936727e-01 8.685346e+01 2.058119e+02 3.234523e+02 5.999148e+02  
6.019482e-01 8.508850e+01 2.023466e+02 3.184913e+02 5.917732e+02  
6.103390e-01 8.339409e+01 1.989971e+02 3.136784e+02 5.838357e+02  
6.188468e-01 8.175920e+01 1.957456e+02 3.089908e+02 5.760699e+02  
6.274732e-01 8.015910e+01 1.925534e+02 3.043795e+02 5.684084e+02  
6.362198e-01 7.857863e+01 1.893970e+02 2.998150e+02 5.608113e+02  
6.450884e-01 7.701556e+01 1.862730e+02 2.952931e+02 5.532739e+02  
6.540806e-01 7.547764e+01 1.831935e+02 2.908292e+02 5.458171e+02  
6.631981e-01 7.397719e+01 1.801772e+02 2.864467e+02 5.384725e+02  
6.724427e-01 7.252383e+01 1.772387e+02 2.821636e+02 5.312634e+02  
6.818162e-01 7.111487e+01 1.743735e+02 2.779741e+02 5.241815e+02  
6.913204e-01 6.974357e+01 1.715711e+02 2.738649e+02 5.172088e+02  
7.009570e-01 6.840251e+01 1.688200e+02 2.698217e+02 5.103265e+02  
7.107280e-01 6.708526e+01 1.661105e+02 2.658326e+02 5.035189e+02  
7.206351e-01 6.579261e+01 1.634437e+02 2.618989e+02 4.967880e+02  
7.306804e-01 6.452766e+01 1.608242e+02 2.580262e+02 4.901410e+02  
7.408657e-01 6.329362e+01 1.582566e+02 2.542201e+02 4.835848e+02  
7.511929e-01 6.209166e+01 1.557424e+02 2.504824e+02 4.771212e+02  
7.616642e-01 6.091936e+01 1.532779e+02 2.468084e+02 4.707441e+02  
7.722814e-01 5.977377e+01 1.508587e+02 2.431925e+02 4.644462e+02  
7.830465e-01 5.865192e+01 1.484800e+02 2.396292e+02 4.582206e+02  
7.939618e-01 5.755305e+01 1.461409e+02 2.361170e+02 4.520655e+02  
8.050292e-01 5.647771e+01 1.438419e+02 2.326568e+02 4.459817e+02  
8.162509e-01 5.542647e+01 1.415837e+02 2.292493e+02 4.399700e+02  
8.276289e-01 5.439951e+01 1.393666e+02 2.258945e+02 4.340302e+02  
8.391656e-01 5.339592e+01 1.371890e+02 2.225907e+02 4.281600e+02  
8.508632e-01 5.241449e+01 1.350491e+02 2.193356e+02 4.223565e+02  
8.627237e-01 5.145390e+01 1.329448e+02 2.161268e+02 4.166167e+02  
8.747496e-01 5.051339e+01 1.308751e+02 2.129627e+02 4.109389e+02  
8.869432e-01 4.959281e+01 1.288395e+02 2.098431e+02 4.053224e+02  
8.993067e-01 4.869197e+01 1.268377e+02 2.067674e+02 3.997664e+02  
9.118425e-01 4.781062e+01 1.248692e+02 2.037350e+02 3.942703e+02  
9.245531e-01 4.694827e+01 1.229332e+02 2.007449e+02 3.888326e+02  
9.374409e-01 4.610431e+01 1.210288e+02 1.977959e+02 3.834520e+02  
9.505083e-01 4.527804e+01 1.191550e+02 1.948868e+02 3.781269e+02  
9.637579e-01 4.446885e+01 1.173106e+02 1.920165e+02 3.728560e+02  
9.771921e-01 4.367639e+01 1.154953e+02 1.891842e+02 3.676385e+02  
9.908137e-01 4.290028e+01 1.137083e+02 1.863893e+02 3.624732e+02  
1.004625e+00 4.214009e+01 1.119491e+02 1.836308e+02 3.573595e+02  
1.018629e+00 4.139543e+01 1.102169e+02 1.809080e+02 3.522964e+02  
1.032828e+00 4.066591e+01 1.085111e+02 1.782203e+02 3.472833e+02  
1.047225e+00 3.995109e+01 1.068312e+02 1.755669e+02 3.423189e+02  
1.061823e+00 3.925053e+01 1.051764e+02 1.729469e+02 3.374024e+02  
1.076624e+00 3.856390e+01 1.035462e+02 1.703597e+02 3.325332e+02  
1.091632e+00 3.789091e+01 1.019401e+02 1.678049e+02 3.277110e+02  
1.106848e+00 3.723120e+01 1.003576e+02 1.652817e+02 3.229345e+02  
1.122277e+00 3.658441e+01 9.879819e+01 1.627895e+02 3.182034e+02  
1.137921e+00 3.595024e+01 9.726134e+01 1.603278e+02 3.135169e+02  
1.153783e+00 3.532834e+01 9.574655e+01 1.578961e+02 3.088748e+02  
1.169866e+00 3.471833e+01 9.425328e+01 1.554937e+02 3.042763e+02  
1.186174e+00 3.411994e+01 9.278111e+01 1.531201e+02 2.997210e+02  
1.202708e+00 3.353293e+01 9.132966e+01 1.507749e+02 2.952083e+02  
1.219473e+00 3.295700e+01 8.989849e+01 1.484576e+02 2.907380e+02  
1.236472e+00 3.239186e+01 8.848720e+01 1.461677e+02 2.863095e+02  
1.253708e+00 3.183728e+01 8.709542e+01 1.439049e+02 2.819226e+02  
1.271184e+00 3.129301e+01 8.572277e+01 1.416688e+02 2.775769e+02  
1.288904e+00 3.075875e+01 8.436885e+01 1.394589e+02 2.732719e+02  
1.306870e+00 3.023425e+01 8.303329e+01 1.372748e+02 2.690075e+02  
1.325087e+00 2.971929e+01 8.171578e+01 1.351161e+02 2.647833e+02  
1.343558e+00 2.921361e+01 8.041594e+01 1.329825e+02 2.605991e+02  
1.362287e+00 2.871695e+01 7.913343e+01 1.308736e+02 2.564546e+02  
1.381276e+00 2.822914e+01 7.786798e+01 1.287892e+02 2.523497e+02  
1.400531e+00 2.774998e+01 7.661932e+01 1.267289e+02 2.482841e+02  
1.420053e+00 2.727928e+01 7.538717e+01 1.246924e+02 2.442577e+02  
1.439848e+00 2.681684e+01 7.417124e+01 1.226795e+02 2.402704e+02  
1.459919e+00 2.636246e+01 7.297128e+01 1.206899e+02 2.363220e+02  
1.480269e+00 2.591596e+01 7.178702e+01 1.187233e+02 2.324123e+02  
1.500903e+00 2.547711e+01 7.061817e+01 1.167794e+02 2.285413e+02  
1.521825e+00 2.504573e+01 6.946450e+01 1.148581e+02 2.247089e+02  
1.543038e+00 2.462169e+01 6.832579e+01 1.129589e+02 2.209150e+02  
1.564548e+00 2.420481e+01 6.720182e+01 1.110819e+02 2.171595e+02  
1.586357e+00 2.379491e+01 6.609236e+01 1.092266e+02 2.134425e+02  
1.608469e+00 2.339187e+01 6.499722e+01 1.073930e+02 2.097638e+02  
1.630891e+00 2.301528e+01 6.391620e+01 1.055809e+02 2.061234e+02  
1.653624e+00 2.260572e+01 6.284909e+01 1.037899e+02 2.025214e+02  
1.676675e+00 2.222231e+01 6.179572e+01 1.020201e+02 1.989576e+02  
1.700047e+00 2.184517e+01 6.075589e+01 1.002711e+02 1.954322e+02  
1.723745e+00 2.147417e+01 5.972945e+01 9.854280e+01 1.919451e+02  
1.747773e+00 2.110916e+01 5.871620e+01 9.683508e+01 1.884962e+02  
1.772136e+00 2.075003e+01 5.771600e+01 9.514775e+01 1.850858e+02  
1.796838e+00 2.039664e+01 5.672867e+01 9.348067e+01 1.817137e+02  
1.821885e+00 2.004887e+01 5.575406e+01 9.183367e+01 1.783799e+02  
1.847281e+00 1.970660e+01 5.479202e+01 9.020662e+01 1.750846e+02  
1.873032e+00 1.936974e+01 5.384241e+01 8.859940e+01 1.718278e+02  
1.899141e+00 1.903818e+01 5.290510e+01 8.701186e+01 1.686094e+02  
1.925614e+00 1.871181e+01 5.197995e+01 8.544388e+01 1.654295e+02  
1.952456e+00 1.839054e+01 5.106684e+01 8.389534e+01 1.622882e+02  
1.979672e+00 1.807426e+01 5.016563e+01 8.236612e+01 1.591854e+02  
2.007267e+00 1.776288e+01 4.927620e+01 8.085609e+01 1.561212e+02  
2.035248e+00 1.745629e+01 4.839842e+01 7.936514e+01 1.530957e+02  
2.063618e+00 1.715440e+01 4.753217e+01 7.789316e+01 1.501088e+02  
2.092383e+00 1.685713e+01 4.667735e+01 7.644004e+01 1.471605e+02  
2.121550e+00 1.656440e+01 4.583384e+01 7.500568e+01 1.442509e+02  
2.151123e+00 1.627612e+01 4.500153e+01 7.358997e+01 1.413800e+02  
2.181109e+00 1.599221e+01 4.418033e+01 7.219280e+01 1.385477e+02  
2.211512e+00 1.571261e+01 4.337013e+01 7.081409e+01 1.357541e+02  
2.242340e+00 1.543722e+01 4.257082e+01 6.945373e+01 1.329991e+02  
2.273597e+00 1.516598e+01 4.178231e+01 6.811161e+01 1.302828e+02  
2.305289e+00 1.489882e+01 4.100451e+01 6.678766e+01 1.276049e+02  
2.337424e+00 1.463567e+01 4.023731e+01 6.548176e+01 1.249656e+02  
2.370006e+00 1.437646e+01 3.948063e+01 6.419383e+01 1.223648e+02  
2.403043e+00 1.412112e+01 3.873438e+01 6.292378e+01 1.198024e+02  
2.436540e+00 1.386961e+01 3.799847e+01 6.167150e+01 1.172783e+02  
2.470504e+00 1.362184e+01 3.727280e+01 6.043691e+01 1.147924e+02  
2.504942e+00 1.337778e+01 3.655730e+01 5.921992e+01 1.123447e+02  
2.539859e+00 1.313734e+01 3.585188e+01 5.802042e+01 1.099349e+02  
2.575263e+00 1.290049e+01 3.515646e+01 5.683834e+01 1.075630e+02  
2.611161e+00 1.266716e+01 3.447094e+01 5.567356e+01 1.052289e+02  
2.647559e+00 1.243730e+01 3.379527e+01 5.452601e+01 1.029323e+02  
2.684465e+00 1.221087e+01 3.312934e+01 5.339558e+01 1.006732e+02  
2.721885e+00 1.198781e+01 3.247309e+01 5.228218e+01 9.845127e+01  
2.759826e+00 1.176807e+01 3.182643e+01 5.118572e+01 9.626641e+01  
2.798297e+00 1.155160e+01 3.118929e+01 5.010609e+01 9.411840e+01  
2.837304e+00 1.133837e+01 3.056160e+01 4.904319e+01 9.200702e+01  
2.876854e+00 1.112832e+01 2.994326e+01 4.799693e+01 8.993205e+01  
2.916956e+00 1.092140e+01 2.933421e+01 4.696719e+01 8.789323e+01  
2.957617e+00 1.071759e+01 2.873438e+01 4.595393e+01 8.589032e+01  
2.998844e+00 1.051682e+01 2.814369e+01 4.495696e+01 8.392307e+01  
3.040646e+00 1.031907e+01 2.756206e+01 4.397622e+01 8.199118e+01  
3.083031e+00 1.012430e+01 2.698941e+01 4.301159e+01 8.009439e+01  
3.126007e+00 9.932461e+00 2.642569e+01 4.206296e+01 7.823239e+01  
3.169582e+00 9.743521e+00 2.587081e+01 4.113021e+01 7.640488e+01  
3.213764e+00 9.557443e+00 2.532470e+01 4.021324e+01 7.461155e+01  
3.258562e+00 9.374191e+00 2.478729e+01 3.931192e+01 7.285207e+01  
3.303985e+00 9.193729e+00 2.425850e+01 3.842614e+01 7.112611e+01  
3.350041e+00 9.016016e+00 2.373827e+01 3.755577e+01 6.943333e+01  
3.396739e+00 8.841033e+00 2.322651e+01 3.670070e+01 6.777366e+01  
3.444087e+00 8.668733e+00 2.272316e+01 3.586078e+01 6.614596e+01  
3.492096e+00 8.499088e+00 2.222814e+01 3.503589e+01 6.455025e+01  
3.540774e+00 8.332064e+00 2.174138e+01 3.422591e+01 6.298696e+01  
3.590130e+00 8.167632e+00 2.126280e+01 3.343069e+01 6.145473e+01  
3.640175e+00 8.005761e+00 2.079234e+01 3.265010e+01 5.995349e+01  
3.690917e+00 7.846420e+00 2.036949e+01 3.188400e+01 5.848286e+01  
3.742366e+00 7.689578e+00 1.987547e+01 3.113225e+01 5.704245e+01  
3.794533e+00 7.535209e+00 1.942891e+01 3.039471e+01 5.563187e+01  
3.847427e+00 7.383282e+00 1.899017e+01 2.967123e+01 5.425072e+01  
3.901058e+00 7.233768e+00 1.855917e+01 2.896165e+01 5.289859e+01  
3.955436e+00 7.086641e+00 1.813585e+01 2.826587e+01 5.157510e+01  
4.010573e+00 6.941873e+00 1.772011e+01 2.758364e+01 5.027982e+01  
4.066478e+00 6.799435e+00 1.731190e+01 2.691489e+01 4.901236e+01  
4.123163e+00 6.659301e+00 1.691113e+01 2.625940e+01 4.777230e+01  
4.180637e+00 6.521444e+00 1.651772e+01 2.561712e+01 4.655924e+01  
4.238913e+00 6.385839e+00 1.613161e+01 2.498779e+01 4.537276e+01  
4.298001e+00 6.252460e+00 1.575271e+01 2.437128e+01 4.421245e+01  
4.357913e+00 6.121281e+00 1.538094e+01 2.376742e+01 4.307790e+01  
4.418660e+00 5.992277e+00 1.501623e+01 2.317605e+01 4.196870e+01  
4.480254e+00 5.865423e+00 1.465849e+01 2.259701e+01 4.088442e+01  
4.542706e+00 5.740693e+00 1.430766e+01 2.203013e+01 3.982467e+01  
4.606029e+00 5.618064e+00 1.396364e+01 2.147524e+01 3.878903e+01  
4.670234e+00 5.497512e+00 1.362637e+01 2.093217e+01 3.777709e+01  
4.735335e+00 5.379011e+00 1.329575e+01 2.040076e+01 3.678845e+01  
4.801343e+00 5.262539e+00 1.297171e+01 1.988083e+01 3.582268e+01  
4.868271e+00 5.148071e+00 1.265417e+01 1.937222e+01 3.487969e+01  
4.936132e+00 5.035584e+00 1.234305e+01 1.887476e+01 3.395820e+01  
5.004939e+00 4.925055e+00 1.203825e+01 1.838826e+01 3.305867e+01  
5.074705e+00 4.816461e+00 1.173971e+01 1.791257e+01 3.218042e+01  
5.145444e+00 4.709779e+00 1.144734e+01 1.744752e+01 3.132305e+01  
5.217169e+00 4.604985e+00 1.116105e+01 1.699291e+01 3.048618e+01  
5.289893e+00 4.502058e+00 1.088077e+01 1.654863e+01 2.966941e+01  
5.363631e+00 4.400975e+00 1.060640e+01 1.611439e+01 2.887235e+01  
5.438397e+00 4.301713e+00 1.033787e+01 1.569015e+01 2.809462e+01  
5.514206e+00 4.204251e+00 1.007509e+01 1.527571e+01 2.733585e+01  
5.591071e+00 4.108566e+00 9.817979e+00 1.487086e+01 2.659565e+01  
5.669007e+00 4.014637e+00 9.566450e+00 1.447545e+01 2.587366e+01  
5.748030e+00 3.927540e+00 9.320419e+00 1.408932e+01 2.516951e+01  
5.828155e+00 3.831959e+00 9.079802e+00 1.371229e+01 2.448283e+01  
5.909396e+00 3.743166e+00 8.844516e+00 1.334421e+01 2.381326e+01  
5.991770e+00 3.656043e+00 8.614475e+00 1.298491e+01 2.316045e+01  
6.075292e+00 3.570567e+00 8.389596e+00 1.263422e+01 2.252434e+01  
6.159978e+00 3.486719e+00 8.169795e+00 1.229199e+01 2.190338e+01  
6.245845e+00 3.404476e+00 7.954989e+00 1.195805e+01 2.129907e+01  
6.332908e+00 3.323818e+00 7.745094e+00 1.163224e+01 2.070981e+01  
6.421186e+00 3.244725e+00 7.540029e+00 1.131440e+01 2.013562e+01  
6.510694e+00 3.167174e+00 7.339709e+00 1.100438e+01 1.957613e+01  
6.601449e+00 3.091147e+00 7.144056e+00 1.070203e+01 1.903104e+01  
6.693470e+00 3.016622e+00 6.952978e+00 1.040718e+01 1.850002e+01  
6.786773e+00 2.943579e+00 6.766400e+00 1.011976e+01 1.798277e+01  
6.881377e+00 2.871997e+00 6.584247e+00 9.839329e+00 1.747896e+01  
6.977300e+00 2.801858e+00 6.406428e+00 9.566165e+00 1.698830e+01  
7.074559e+00 2.733139e+00 6.232866e+00 9.299843e+00 1.651049e+01  
7.173175e+00 2.665823e+00 6.063482e+00 9.040286e+00 1.604525e+01  
7.273165e+00 2.599887e+00 5.898196e+00 8.787349e+00 1.559224e+01  
7.374549e+00 2.535314e+00 5.736929e+00 8.540891e+00 1.515121e+01  
7.477346e+00 2.472083e+00 5.579607e+00 8.300775e+00 1.472190e+01  
7.581576e+00 2.410175e+00 5.426151e+00 8.066857e+00 1.430401e+01  
7.687260e+00 2.349570e+00 5.276481e+00 7.839004e+00 1.389726e+01  
7.794416e+00 2.290249e+00 5.130528e+00 7.617084e+00 1.350141e+01  
7.903066e+00 2.232193e+00 4.988216e+00 7.400963e+00 1.311618e+01  
8.013230e+00 2.175380e+00 4.849470e+00 7.190512e+00 1.274132e+01  
8.124930e+00 2.119796e+00 4.714216e+00 6.985601e+00 1.237658e+01  
8.238187e+00 2.065418e+00 4.582384e+00 6.786009e+00 1.202171e+01  
8.353023e+00 2.012228e+00 4.453900e+00 6.591999e+00 1.167648e+01  
8.469460e+00 1.960209e+00 4.328694e+00 6.402864e+00 1.134067e+01  
8.587519e+00 1.909340e+00 4.206695e+00 6.218876e+00 1.101396e+01  
8.707225e+00 1.859604e+00 4.087836e+00 6.039826e+00 1.069624e+01  
8.828599e+00 1.810981e+00 3.972048e+00 5.865576e+00 1.038722e+01  
8.951665e+00 1.763454e+00 3.859265e+00 5.696033e+00 1.008670e+01  
9.076446e+00 1.717005e+00 3.749411e+00 5.531079e+00 9.794461e+00  
9.202967e+00 1.671614e+00 3.642453e+00 5.370607e+00 9.510295e+00  
9.331251e+00 1.627257e+00 3.538295e+00 5.214503e+00 9.233997e+00  
9.461324e+00 1.583940e+00 3.436886e+00 5.062664e+00 8.965368e+00  
9.593209e+00 1.541617e+00 3.338162e+00 4.914997e+00 8.704210e+00  
9.726934e+00 1.500284e+00 3.242062e+00 4.771322e+00 8.450334e+00  
9.862522e+00 1.459920e+00 3.148525e+00 4.631702e+00 8.203542e+00  
1.000000e+01 1.420510e+00 3.057491e+00 4.495759e+00 7.963682e+00  
