0.01 6019.420280044762 10497.774307012098 15011.115603129989 24291.303684928487
0.01056935 5994.401282153337 11619.373561303277 15379.586372870848 21123.1644418954
0.01117111 6033.139169133618 10853.039885275697 15542.023889161264 21600.418511820815
0.01180713 6121.800542244317 11363.160223414656 14511.038798016567 31217.70483726368
0.01247936 6467.913134234452 11581.01651805353 16755.931506476038 25205.58684638145
0.01318987 6522.613579000561 11565.026598587927 15852.532109738597 22900.74608195157
0.01394083 6526.032299996545 11404.563703636692 15774.674171121045 22743.107737817867
0.01473454 6511.3459614915155 11886.159781175716 15955.370906456497 24352.48614303129
0.01557345 6625.462509756107 12278.624479320251 16389.232298028677 22326.495411668853
0.01646012 6476.104173043515 11830.247677758878 15990.732581791815 25193.56103879019
0.01739726 6460.116619977094 12338.344260995775 16194.5369604744 18100.564755422874
0.01838777 6429.530384820062 12365.747958549304 15454.805610187777 24751.9912996921
0.01943467 6406.60827724661 11809.382934198287 16248.985102581177 26545.95725355568
0.02054117 6588.788472418449 11501.692696816426 15099.729603839376 23596.176093470265
0.02171068 6115.185456005015 11375.723784325352 15703.157030915323 24184.77938876487
0.02294676 6235.061386186698 11417.430962251372 15109.492728749045 20449.15190275149
0.02425323 6010.836243022993 10903.889507499567 15093.982011339165 21144.163386854605
0.02563407 5896.629844007892 10646.119984236953 14664.154296860519 22652.036078992212
0.02709354 5872.963118210482 10343.302167773492 14292.619320810514 21620.191626192427
0.0286361 5613.75649342454 10167.13033043837 13365.741206485916 19703.972048218595
0.03026648 5386.532699746391 9719.061642191366 13340.715589081146 18975.536151397497
0.03198969 5123.148499877947 8962.61594555367 12147.99786131437 20111.161270274246
0.03381101 4924.305448482562 8912.406962461764 11766.99480021628 17596.407387032046
0.03573602 4630.824311967966 8435.901554484211 11463.46139524981 16121.522291939917
0.03777064 4318.029645016035 7959.168100564427 10427.060726652036 15922.342469617626
0.03992109 4092.9739179743788 7288.349676762121 10222.468805441913 14894.959672259154
0.04219398 3872.759018842663 7004.51406797699 9419.97365316964 14033.308317344537
0.04459628 3670.372214757965 6584.556107283804 8906.638341863463 14400.362468499501
0.04713535 3455.117497886797 6289.170900963688 8563.34324536325 12905.721386616724
0.04981898 3319.5240992031036 6137.986961677455 8269.548223269308 12483.156989905448
0.0526554 3205.9182091052667 5865.204506713413 7865.7518259134395 11349.536286964252
0.05565331 3066.6071627185815 5499.199992307989 7501.635984231575 11447.03946513602
0.0588219 2975.2745423237725 5408.222425422612 7271.19319153309 10539.949705207106
0.0621709 2883.657686659501 5200.973509591068 7073.0610229513995 10794.774539523409
0.06571058 2741.100838182977 4990.506915022143 6723.838047055911 10061.144546579386
0.06945178 2657.6224937475404 4809.243684248364 6516.029366760749 9630.936128949952
0.07340598 2506.1171279620935 4507.257415926371 6183.716461512191 9306.107320091394
0.07758532 2323.387563577944 4270.734183669966 5743.57522582869 8638.304271337647
0.08200261 2164.7475142360818 3905.037543385293 5269.816525459699 7780.226089880258
0.08667139 1952.7658195458578 3568.7495561352353 4824.385617457315 7361.869852376997
0.09160598 1777.666659736905 3220.6496164313803 4348.989706620034 6561.561517007028
0.09682153 1618.3961893936787 2949.8415801249134 3976.1165689923732 5924.639727335778
0.102334 1467.561277514117 2680.040796640958 3671.434691034739 5426.884121022892
0.1081604 1343.8812403961133 2497.6304513044415 3383.049799480296 5170.368953553151
0.1143184 1269.094851313682 2338.181270847429 3168.063049585911 4815.915226280844
0.1208271 1201.020870994055 2225.2645895770293 3091.1205573767866 4548.640945230018
0.1277063 1142.1673891640853 2113.620881733514 2904.5740375377877 4379.318932196658
0.1349772 1079.4552024909901 1994.208427576891 2703.8056007092237 4163.114593526012
0.1426621 991.4510145114834 1807.2428077214981 2483.5181072170344 3787.700651091945
0.1507845 878.7170298798108 1633.395100886462 2244.421783703077 3409.513455018886
0.1593694 785.4418511321908 1456.1096428414426 2012.2391445038336 3106.5119909764253
0.168443 706.9672180101055 1320.597823760481 1842.556806668953 2889.1601714565754
0.1780332 662.8331261676311 1242.5044767376287 1729.039068577554 2670.506645899261
0.1881694 618.9159515420245 1173.685178441221 1635.6510317422053 2572.4319987453464
0.1988828 586.2942082457955 1099.3540719888028 1528.647936426242 2399.6802667933675
0.2102061 525.9909520425539 1012.5407964833274 1390.6273237926944 2196.9704546418416
0.2221741 466.23276930766644 910.891115241076 1264.097247471542 2016.3268961138049
0.2348235 419.3158629478599 822.1359858679335 1154.2359790278103 1878.3444804526857
0.248193 394.43314265708824 761.8232993313202 1091.100817103373 1760.379256075443
0.2623238 357.6352092339202 725.1256479087126 1019.4837807242366 1677.8303607652897
0.2772591 335.3768561022347 649.1439729958175 952.0386822862797 1534.0189649146237
0.2930447 299.374936977711 594.4229615193459 866.5581874407114 1439.156454601849
0.3097291 276.78347356118286 562.2839079761125 807.2118825697979 1341.8935101838795
0.3273634 258.0036071298764 524.1590351121163 747.083866668001 1256.3999419910301
0.3460016 230.40309313638673 489.85255976561865 704.7519079601605 1168.2115916894031
0.3657011 212.5687274848123 443.007520868696 651.1235227972696 1105.3355946083193
0.3865221 193.96868955751012 413.07607382601356 604.0648774950639 1033.988642256705
0.4085286 176.32685075321072 373.32267212192545 562.1413495966359 988.8303811072163
0.431788 166.27177649172543 345.09870142884625 526.8041610174458 919.7678454585355
0.4563716 146.0092621820656 336.97642447672234 487.3471643792074 869.9900701682703
0.4823549 141.8940856815732 300.2820352901795 462.1905039549117 825.0783293639588
0.5098176 130.3760997008665 283.8091368077579 433.7899210399614 771.7874407784976
0.5388438 117.51314711758992 272.5572092947794 404.23746484084126 745.77398389255
0.5695227 102.1842144915823 243.54583661705468 380.76083475467743 689.5456583223861
0.6019482 96.0322304169825 236.8615782217068 360.18937237541525 659.2395113027123
0.6362198 92.33210331017703 216.95212965092256 339.6232717149421 633.2969110919731
0.6724427 89.00516439902007 212.14048108290407 323.83267498258704 590.9879147449551
0.710728 85.58658747167664 191.5418000098513 303.55153268893486 557.7263118629056
0.7511929 74.93466662193441 177.69794537723445 284.1245175148698 533.7619458671605
0.7939618 72.35133509371931 175.76709153408657 268.4943586787906 508.40931758109826
0.8391656 50.42173310675216 159.9773980389623 258.58625260801756 472.85798880368736
0.8869432 58.435725973489 149.4195526931015 244.11852417699453 452.95410519754734
0.9374409 49.34398739496849 140.42196175880017 221.36228997413735 432.715880448671
0.9908137 53.65650252422841 134.5633814980226 219.87333457959454 396.4058437808493
1.047225 45.34870352685897 127.07941042572443 203.54066064223622 390.495779609629
1.106848 48.40644577714252 119.7371671539751 187.98655617240635 355.20067127860386
1.169866 34.44380949839743 113.61331356150566 185.0346326225047 343.7450775361795
1.236472 47.15858112732157 110.47606301382153 169.74330931490812 314.76194097520175
1.30687 42.18746267216847 99.4849967991065 157.07029341191654 296.62718462662525
1.381276 34.121035205654785 92.6932525457063 151.26015065733728 276.0032971157033
1.459919 31.608923546257603 80.38659791262421 141.32122689470324 267.2472402422832
1.543038 32.72340251306398 83.94167561387562 125.16261810955504 244.30009151349728
1.630891 27.660442982136164 69.58547521642248 121.00787436256405 238.01063462437838
1.723745 23.016353101902062 73.78819452473724 110.03596772609 216.22690396861665
1.821885 18.29612228082859 66.62684228549752 109.88930559175672 199.73026146645424
1.925614 22.87185699977277 64.55302831516943 91.91172865091356 190.85782331934428
2.035248 19.99909311741913 58.723121618847294 85.39298192609225 174.79966876072712
2.151123 15.76885206135441 57.275467573209276 91.1187205920732 164.05384025577186
2.273597 16.232372901935424 44.851632394370185 82.64316358192131 147.749379381813
2.403043 11.13548632440341 37.71642292251133 70.29433485863169 138.75739003605986
