0.01 5805.010139368349 10017.283361634734 13604.106837467765 21295.50871290403
0.01056935 5887.256466803991 9797.34637112383 15389.930019737556 28238.162352704014
0.01117111 6185.088926544732 11073.037056101244 14422.217675706395 19732.46041960799
0.01180713 6142.509270392889 11463.599104482078 16233.155987573182 20718.028091486372
0.01247936 6161.127994659442 10890.100148339783 15382.575157739117 20706.85753505243
0.01318987 6371.312003869752 11060.15222106652 15744.783722012955 20964.96734681017
0.01394083 6317.879700406561 11291.932301908584 16247.239621107043 18004.308309963715
0.01473454 6561.328610668402 11938.831013109892 16130.717876791969 23696.616020466034
0.01557345 6520.251827399449 11716.159727751708 15543.17703804332 22254.289213801963
0.01646012 6473.279685828474 11041.11523710986 16120.937525267034 24896.44940439162
0.01739726 6374.70185494535 11642.022461111472 15604.322035108356 19359.533837924377
0.01838777 6455.423660048532 11748.204097005186 15844.809978626761 23248.580749618006
0.01943467 6267.205460510291 11463.60891757191 16002.686291854694 21018.880851527734
0.02054117 6118.115551209618 11670.546322081267 15762.381451349218 22105.271642778403
0.02171068 6244.343045228959 11207.619102347811 14636.415901690762 19681.3762928029
0.02294676 6254.600175559424 10805.695097088239 14942.330291402528 21507.91747806279
0.02425323 5859.532330911159 10851.893500543803 14534.693209473127 22671.688204624836
0.02563407 5797.429479019065 10576.550320575729 14270.391205321237 20109.423573752636
0.02709354 5579.757156242083 10288.774304967856 13854.92244989706 18735.3993069314
0.0286361 5322.119674100481 9930.458913409648 13325.907803035188 20376.963282861576
0.03026648 5196.988483630372 9299.740898283235 12376.81470204016 18649.520859226577
0.03198969 4786.827250130504 8879.566721136169 12201.118387535658 19955.808546812466
0.03381101 4652.2341291915645 8362.005730736746 11502.949887539779 17008.097904472772
0.03573602 4466.541912744399 8061.185670679978 10856.990485787923 15557.747062610058
0.03777064 4199.148581401786 7575.836981601613 10256.068091311732 14125.7946642481
0.03992109 4114.199497287992 7425.010256260507 9787.744168462987 15549.583592033816
0.04219398 3854.5826766551577 6681.755730829932 9182.025645463482 13887.609278740742
0.04459628 3648.5760358115326 6440.318653485734 8839.582596192624 12591.407630053902
0.04713535 3492.0024610934265 6254.03722651498 8359.270158905509 11950.34333334619
0.04981898 3281.210491223474 5919.08552949728 7909.234254685664 11029.907573111406
0.0526554 3132.243317954349 5691.184292772813 7649.573811349286 11078.629245255237
0.05565331 2983.859861898796 5491.776297796971 7271.05933826856 10359.932411339105
0.0588219 2922.8942837923064 5293.538003875426 7024.842550584989 10438.134143163541
0.0621709 2818.96113897219 5114.286575448709 6862.6556677185 10140.797409974792
0.06571058 2708.8936670732573 4904.262075581335 6422.092370368361 9242.56636041272
0.06945178 2581.258550125998 4701.353257882681 6242.426516499901 9440.911134088756
0.07340598 2398.3078687402394 4416.98129290683 5951.398623488419 8580.569198252735
0.07758532 2270.3370577838264 4110.603870708648 5539.37960621342 8232.130474010353
0.08200261 2123.3610238250462 3829.182369225911 5136.918106492091 7908.628352942811
0.08667139 1936.1099227608324 3508.7912421283963 4671.185423441732 7059.000544801128
0.09160598 1741.131507632491 3154.3988290885795 4247.885377709613 6071.1228408231955
0.09682153 1578.5548351192103 2845.005754331065 3835.705138768421 5718.361972776405
0.102334 1440.954685242614 2580.6294712179492 3498.4629522243386 5286.170236243212
0.1081604 1337.2490321066894 2408.9342284379836 3251.505261144112 4906.004655855744
0.1143184 1248.410601072825 2264.952565749052 3062.1661388366197 4694.8152670643685
0.1208271 1199.7738866455268 2156.0959406023817 2918.7399939035336 4270.666647258798
0.1277063 1123.523831256711 2047.5956962321347 2790.205897959429 4263.447528384153
0.1349772 1071.5438792308169 1922.6289834918764 2621.9718342033957 3922.2057527888546
0.1426621 974.813127466349 1769.4689328462632 2406.4968780874037 3644.566535679115
0.1507845 867.6920012866561 1590.2896224394115 2157.4591708800176 3232.327710927936
0.1593694 764.103619040674 1409.7435903879425 1915.3862301203249 2990.23797076929
0.168443 690.7153811957061 1286.013709420334 1762.782080625377 2677.9957854953095
0.1780332 641.5734517271093 1198.412417780132 1645.6632718578564 2510.468706750516
0.1881694 605.0480009147869 1134.3675804725585 1566.4495126657985 2419.6073015609923
0.1988828 568.5673532804955 1053.5857834829267 1472.317437813537 2289.7267335942593
0.2102061 504.984171693415 949.4961176509613 1341.22947737008 2134.5199523869114
0.2221741 446.61660191036555 871.3285556365579 1216.6388992339976 1923.959661265692
0.2348235 402.28421644969774 793.0039528155195 1112.0525709618707 1770.0530695578736
0.248193 389.6581342583009 746.8315213706578 1038.1733171448482 1629.9702849827868
0.2623238 361.13415029971804 689.1750383915717 982.2772641633029 1575.554198808424
0.2772591 334.0419455578224 623.2922828761031 901.4934555061425 1470.0834186794946
0.2930447 279.2928955399295 575.5912753401235 817.1669031601737 1353.3447473392414
0.3097291 268.31572484221005 533.1562779822862 774.0641773547331 1261.2975869762731
0.3273634 250.29527005574877 499.74216178919664 716.4104889743929 1216.7851418298872
0.3460016 219.94902467732632 464.33780944032924 676.780533742474 1114.7380566998427
0.3657011 207.47856699840318 422.9604670566541 629.227690550442 1062.1180130458
0.3865221 178.9707379909462 387.70039036765644 582.4669004174339 1007.3947524328206
0.4085286 174.72128362695975 359.21271892281067 534.7560112863555 938.7907911318199
0.431788 165.44555035670473 345.91373862027444 512.9431110706115 888.3420439540394
0.4563716 147.70189629598667 315.1590623763998 467.724069579872 828.563868433146
0.4823549 132.36428423687397 296.23987635550895 450.79710142650725 793.9275180682172
0.5098176 116.96975248960472 268.0372274533478 417.88205401461056 747.0847486397013
0.5388438 106.96882520148135 256.49401008659845 396.86698954331234 702.1737231829421
0.5695227 102.89534752642165 236.25677372747614 374.1764389428371 655.0274349016122
0.6019482 91.05767142256511 221.12404085592595 347.6604538449759 627.5565479366629
0.6362198 80.07048880153133 212.6875556946697 335.32140442732805 594.9387347351463
0.6724427 84.16473324134734 194.46723858401612 316.5633971978347 570.6974738828956
0.710728 83.79606356080355 188.13568066341665 291.49432538739916 546.8303928807924
0.7511929 74.57902229014911 175.8102764991352 276.67723041931526 508.2415530325535
0.7939618 59.72816598199686 165.0917449768085 256.5540499114183 488.08492008996336
0.8391656 54.74063131353717 155.33207373544698 249.4426456620836 465.2382481396358
0.8869432 69.34848728020845 149.03467825985433 224.0545186307388 432.9799450083118
0.9374409 61.83272679643532 140.9237887331337 216.54343018125735 423.71390334765596
0.9908137 49.613433038428376 126.17169839099186 205.71959375935373 402.0970954644948
1.047225 42.39685719345146 122.03403968301521 200.72166558557208 376.92543461925476
1.106848 46.27588684940899 108.00578086545723 178.86258030691576 349.48908151496386
1.169866 42.768386489008876 106.39553639166492 178.6135236398655 336.9309854177852
1.236472 55.63564628882712 113.35072339794368 162.50946845222254 315.57958873062245
1.30687 40.20626137180583 99.50470460763952 151.83203540481801 297.50718795817994
1.381276 25.11293327287553 90.26518117935578 144.36987009594264 281.41592277593975
1.459919 33.706816124478394 75.4823966513623 137.32405628659077 257.7588049538344
1.543038 21.914860876733503 82.96350551471636 126.67956435568985 234.8859809998444
1.630891 26.82076136353858 71.43752658810526 113.56800105508314 236.90695776949815
1.723745 26.298325514812 62.6959835279337 111.19092492572126 209.45215112549982
1.821885 20.01115347317043 55.08836724405393 99.02793579348382 209.0764503502919
1.925614 23.33158146297072 67.05668528002282 98.21373468733312 187.60412542566212
2.035248 22.56567661965468 60.45958228826696 86.37215253728422 174.52855795658468
2.151123 12.937568395363682 45.66804708525442 89.90528981029493 159.67068974596106
2.273597 25.45745033431249 51.0880824244945 84.15262783718784 142.62589933208787
2.403043 15.980054402937439 47.60849932887813 65.04889604389474 124.36862505665344
