0.01 6113.194650756908 10704.086112425926 14218.761513597048 25206.015707195143
0.01056935 5862.423226217926 11510.569694699148 15060.81795407138 19704.85024324218
0.01117111 6078.898558186584 10679.991833093685 14252.533483669391 27038.00035584178
0.01180713 6035.742118024708 10703.24976662612 16338.760685852967 26341.99882812541
0.01247936 6094.40880559092 11210.173717711843 15393.1329231263 24787.202642099008
0.01318987 6423.596300283621 11961.162632616239 14401.024760818716 25873.678510034875
0.01394083 6270.749678375688 11482.506160456169 16094.868012348037 26974.063691518124
0.01473454 6425.376677573244 11543.81075104501 16306.51788807245 24258.664572327783
0.01557345 6262.661665585888 11559.149081307698 17034.076491894193 26724.611050960357
0.01646012 6520.36896040463 11862.673104795096 15046.86553524825 23212.20891955596
0.01739726 6360.386334454651 11297.630769262752 15679.881116878294 23648.338872782457
0.01838777 6573.925683195755 11561.08683853454 15992.11306423627 23181.025620766697
0.01943467 6477.680125649293 11554.054500673645 15383.366523904684 25437.560900751687
0.02054117 6295.654107584356 12104.462978342402 16113.881132398861 23863.497154223023
0.02171068 6288.832947581429 11312.362265596883 15770.669494511654 25909.00750657573
0.02294676 6294.754897648406 11216.100056644838 15255.375098132161 20390.562467191172
0.02425323 5797.485270055632 11108.02289405678 14924.150805852772 21345.73763954094
0.02563407 5956.141361369028 10521.045926252076 13615.236116499194 21619.321817225322
0.02709354 5420.930094507078 10345.154619572972 13449.780875557477 21510.802851960918
0.0286361 5396.539533364006 9906.822022969796 13351.171817752074 21007.197213666703
0.03026648 5214.44400098576 9614.014969307356 13029.725945578813 19280.241119564784
0.03198969 4903.565079012829 9044.23717901033 12337.386920324734 18940.19131588277
0.03381101 4800.838123245079 8572.451848439303 11576.558512937461 16904.923300872728
0.03573602 4455.315009407851 8266.952500865953 11256.476422096564 15151.211674484688
0.03777064 4253.097195124267 7627.802998693707 10409.988669324104 15229.637549139747
0.03992109 4016.5128639953155 7369.5268955043775 9693.909044497963 14781.335923303948
0.04219398 3737.8163985977735 6912.922887814931 9358.576245137263 14485.4080061054
0.04459628 3633.3729978172732 6565.864465353067 8780.505582973565 13497.108275851766
0.04713535 3464.8929456481687 6286.53653873623 8507.273240074139 12410.088749917173
0.04981898 3342.9710165378106 5949.527871243055 8098.2548749310945 11635.046162021088
0.0526554 3149.764771529036 5735.235411935356 7877.024278379915 11583.120581496505
0.05565331 3048.190540721108 5573.179961587238 7494.72168399144 11942.687334682352
0.0588219 2978.2251580566567 5325.416893403224 7112.152155373056 11042.319035988934
0.0621709 2869.0235555747295 5128.560798430722 6875.975804981922 10287.941441088562
0.06571058 2705.8654535461196 4938.857357321651 6710.12754498949 10297.726566021864
0.06945178 2601.444318403278 4727.542540897947 6320.285202762541 9045.039988366312
0.07340598 2469.28557916654 4474.835672213005 5928.885637076013 8841.565474846542
0.07758532 2286.0169314126633 4232.922713355016 5687.909056177388 8401.90107329175
0.08200261 2108.0757169835465 3874.6569500119645 5208.437150102405 7624.82354072404
0.08667139 1955.0728148935366 3519.2879989810185 4730.300655639353 7053.4281393085175
0.09160598 1752.5331073643868 3189.59987870428 4305.160646832757 6390.396202529885
0.09682153 1608.3164766259242 2891.3732922216145 3895.7782784171227 6127.990294905056
0.102334 1447.8640634348922 2629.8918590572757 3567.8201194901026 5368.984697358495
0.1081604 1342.4770804182722 2447.5175717405878 3313.4749965086367 4930.366894740682
0.1143184 1269.276927147717 2310.3336339215825 3160.26710441871 4801.165869983989
0.1208271 1220.9897425970871 2193.328313729821 2987.3155682831557 4669.946495170379
0.1277063 1143.1478869275745 2104.125683291925 2863.628781387899 4363.079810208022
0.1349772 1067.9772447116839 1975.1307838230564 2707.8429552954417 4053.9271315278716
0.1426621 975.1773600225289 1809.1367314210027 2467.2151694936433 3870.301824568344
0.1507845 872.7097945248669 1608.0912522354042 2199.1379139461756 3407.026546058667
0.1593694 770.1018360558792 1436.2561046110313 1995.23717357359 3115.824744893802
0.168443 699.1708722297393 1312.5064395809604 1815.8068021846627 2879.7385048730266
0.1780332 648.0123034019673 1227.6765593409827 1706.7965365104512 2616.2041670020544
0.1881694 606.4632154599236 1164.56223736096 1624.0920750661862 2518.095442135796
0.1988828 574.2608560972141 1088.3773262277457 1511.1059427451544 2411.5673413695968
0.2102061 510.33767747867097 996.8819962674829 1387.8104025569307 2173.922058561605
0.2221741 456.144739764131 880.4693768850757 1249.4074715524125 1993.1725671643383
0.2348235 420.2629465121891 819.8300296747756 1147.8292819143062 1860.7503818439213
0.248193 393.49174995155806 758.5995510724998 1080.718363616174 1755.0361777800608
0.2623238 366.3288179276074 702.5715420498933 1011.4561720225253 1664.0510459434481
0.2772591 328.9168774046654 645.8126826023351 936.4164115813008 1542.8995164372639
0.2930447 295.310221305499 586.3476856148446 853.6248581527562 1398.5586126480634
0.3097291 264.34561860988777 556.155489761832 789.3678261114704 1316.8277965197844
0.3273634 247.26378251571333 516.8089848100809 746.010781144438 1257.6123202656424
0.3460016 234.05163519563885 462.241899847115 701.6621755770084 1156.5651909327564
0.3657011 212.79412137021845 430.59781151894225 647.1378243380327 1080.5034688029261
0.3865221 188.43712873538996 404.6133443372695 608.7754881319321 1051.8644658422952
0.4085286 168.77690357473884 382.33268001768374 565.6493101434787 959.4852468642675
0.431788 159.88811995473483 345.06032228791156 529.2565848937593 923.0895735394372
0.4563716 151.0487385063877 327.18870298904926 502.2765375999172 877.0691292253586
0.4823549 140.7240369379888 303.3629116264894 447.02532825826336 822.8549716254211
0.5098176 126.95267624095084 286.52414905009914 426.45162096326214 775.456365136261
0.5388438 126.83166909560164 264.4287606031072 406.1280426099547 722.6617650855076
0.5695227 101.74503054684497 246.18848264117577 380.3457495042389 695.1421200741303
0.6019482 101.68114630242934 225.85536115792019 345.53465751329236 657.4513510108983
0.6362198 91.5584584634859 229.03246072023737 340.04996532586864 624.4474691698356
0.6724427 80.70709768323205 203.82056031338263 318.3022277486013 575.4675980965834
0.710728 74.60409945338422 191.0207522407965 295.665886106721 556.5789333239832
0.7511929 75.93577067331633 185.2085676064912 280.08146514015704 522.000846414219
0.7939618 71.69333377597638 165.78014443492174 273.34603462433097 493.31130439457763
0.8391656 59.995399547657215 157.16087794851816 255.1022867967821 479.4211696785678
0.8869432 55.887544733802606 151.36819780692628 239.31444611298286 447.5575920622607
0.9374409 68.29844927102356 137.20598167532674 240.8980756896622 431.0832085777741
0.9908137 53.934440937267134 133.28116747202526 204.81231669859926 400.6255481041805
1.047225 41.167454428243005 125.49992701614973 205.30387229924025 376.4127457031001
1.106848 50.726185318871664 111.94525146377946 188.54813187071437 358.16040751154355
1.169866 30.00450743150683 113.48570979738892 181.85295143421237 343.4763080752309
1.236472 39.19551638686547 92.20444861191379 163.68382096514046 324.65742357639556
1.30687 41.557400294180084 108.43395630802938 151.87802475384967 305.44413314146465
1.381276 22.170243643156986 89.21290235078153 154.17326456228903 284.90420313342656
1.459919 28.04338271626567 87.0284452536567 139.5311868912973 262.11924920094526
1.543038 23.62199906061587 82.4418132648306 134.43898913135394 255.37063646854884
1.630891 30.48517500014246 73.34847511128976 112.55600393162815 232.55744706985766
1.723745 32.92684751754267 71.46622062266768 111.08917549345001 222.308772104493
1.821885 11.855796589641452 66.08131883648699 101.04790495751503 191.78781237279648
1.925614 21.163379669617626 57.99324829986011 98.24685639191243 184.72653586198106
2.035248 25.858528104482225 50.24257896987246 91.95862395836073 173.03402010742266
2.151123 23.641400755429608 43.308539271619196 79.07663452056418 153.6927691633192
2.273597 17.662091799611247 54.67089174681595 73.31008072165508 152.36303355817412
2.403043 17.780622075163677 44.96990676938233 68.76755473787419 140.3729352640144
