1.000000000000000021e-02 3.514893081275150053e+03 8.828247463966132273e+03 1.354448226529452222e+04 2.027900794814358960e+04
1.056934999999999993e-02 5.258368648814355765e+03 1.302938445585068439e+04 1.964711725222595123e+04 2.635101793439745961e+04
1.117110999999999972e-02 4.139072680484367083e+03 1.182952810761242836e+04 1.848342105362661459e+04 2.793162111626290789e+04
1.180713000000000075e-02 4.597660680101783328e+03 1.322118887544649260e+04 2.039766004848269949e+04 2.861194334793057351e+04
1.247936000000000011e-02 4.786227625074480784e+03 1.328788517927786233e+04 1.945054452910165128e+04 2.818727805126808016e+04
1.318986999999999937e-02 4.901480558854963419e+03 1.306585285777751596e+04 1.828207812318629294e+04 2.810897827621430770e+04
1.394082999999999954e-02 4.652023373417752737e+03 1.177564754904986876e+04 2.095709524233733828e+04 2.939977724719672915e+04
1.473454000000000083e-02 5.409133583787544012e+03 1.355318401212577555e+04 2.006743108007254705e+04 2.432437514599871793e+04
1.557345000000000083e-02 5.358221330311579550e+03 1.220261691902377424e+04 1.389626220610931341e+04 2.124893101188178480e+04
1.646012000000000169e-02 5.361024283126325827e+03 1.146899772763165129e+04 1.079522908058643043e+04 1.650924531002148797e+04
1.739726000000000120e-02 6.036561090926642464e+03 1.070468750249267396e+04 1.839868225352282752e+04 2.630720351101903725e+04
1.838777000000000120e-02 4.870521808103136209e+03 1.119254928550354452e+04 2.113920341524250762e+04 3.150773043621525358e+04
1.943467000000000111e-02 4.973271920744985437e+03 1.034469851930970799e+04 1.881004781712660042e+04 2.955629275058811982e+04
2.054117000000000096e-02 5.404086442407725372e+03 1.280159396068072056e+04 1.763261642247915734e+04 2.843524734622761753e+04
2.171067999999999956e-02 4.135934723016863245e+03 1.296124751876815390e+04 1.931860888116200294e+04 2.859784064579999540e+04
2.294676000000000007e-02 4.007953861374374810e+03 1.388262655209091281e+04 1.866862575713306433e+04 2.487977627544143252e+04
2.425323000000000062e-02 4.468586403826611786e+03 1.278985743534090034e+04 1.702156927791389899e+04 1.988479811430168047e+04
2.563406999999999838e-02 4.187258920823579501e+03 1.147438980671378886e+04 1.523010674636661679e+04 2.603367239389855604e+04
2.709353999999999929e-02 4.049880479558078605e+03 1.118678680608197465e+04 1.631404674302142303e+04 2.419879329142685310e+04
2.863610000000000114e-02 4.483169836710162599e+03 1.090410398528545011e+04 1.497240041224582092e+04 2.261567638518507374e+04
3.026647999999999838e-02 4.590291451694395619e+03 1.051389378588428553e+04 1.329242898912015153e+04 1.913541635553994638e+04
3.198969000000000118e-02 4.210951272399422123e+03 1.033134613848551635e+04 1.350713936231452135e+04 1.867490032978933596e+04
3.381101000000000245e-02 4.218954411117619202e+03 9.064806647773428267e+03 1.275307670179469642e+04 1.826135907858330393e+04
3.573602000000000029e-02 3.653168685025591003e+03 6.979536652262560892e+03 1.109120611867135085e+04 1.665977577148423006e+04
3.777064000000000116e-02 3.028039890599241971e+03 7.114238556076055829e+03 9.929343677943663351e+03 1.514391624742830754e+04
3.992108999999999935e-02 3.386937226983255641e+03 8.544199779348307857e+03 1.048745372604120166e+04 1.408540513525386632e+04
4.219397999999999899e-02 3.003367596245905133e+03 8.153728187167586839e+03 1.152434074143424186e+04 1.428857211038887726e+04
4.459628000000000203e-02 3.131030398083022646e+03 7.928963742043792990e+03 1.192021110379750280e+04 1.547398627173004934e+04
4.713534999999999947e-02 3.035675293145911837e+03 8.256907358919052058e+03 1.126584024478083847e+04 1.526337081120677431e+04
4.981897999999999882e-02 2.449092893399785680e+03 6.943169396126500942e+03 1.054947180321814994e+04 1.389981532083364255e+04
5.265539999999999804e-02 2.197325951381284085e+03 5.475882122826039449e+03 9.550303423854571520e+03 1.372353216856012841e+04
5.565330999999999750e-02 2.282779965559547236e+03 5.266816825559929384e+03 8.904913831959966046e+03 1.225463932689025387e+04
5.882190000000000335e-02 2.346245268749834850e+03 5.630738037084691314e+03 8.293109084739324317e+03 9.781127792442699501e+03
6.217090000000000116e-02 2.218825224777203402e+03 4.885418860451123692e+03 5.079033976892354076e+03 9.181155615924926678e+03
6.571058000000000454e-02 1.825244504245060398e+03 4.172151440106109476e+03 5.440668208267093178e+03 9.231083833505555958e+03
6.945178000000000462e-02 2.044131790947914624e+03 4.929689842441730434e+03 8.505346249978123524e+03 1.082527797988514794e+04
7.340597999999999568e-02 1.946114166833612671e+03 5.255785008501296034e+03 8.217743025113850308e+03 9.977016263251169221e+03
7.758531999999999929e-02 1.968471693754846456e+03 5.458807196374924388e+03 7.056353052166956331e+03 9.646769002460810952e+03
8.200261000000000355e-02 1.848260679045845563e+03 5.360485996571378564e+03 6.599088333797669293e+03 8.770541477457676592e+03
8.667139000000000093e-02 1.796856512527690256e+03 4.515625208864739761e+03 5.037835234247536391e+03 7.435456617737941087e+03
9.160598000000000352e-02 1.374703805378744619e+03 3.459609213258539967e+03 4.604927924283740140e+03 7.069546577610953136e+03
9.682153000000000287e-02 1.255541484535767040e+03 2.822572415287943841e+03 4.386194798764112420e+03 5.888580428153258254e+03
1.023339999999999944e-01 1.111154523826699460e+03 2.544466599358014264e+03 3.310080801261561646e+03 4.411401950542751365e+03
1.081604000000000038e-01 1.119272192661441068e+03 2.817798914908902589e+03 2.671726964736063564e+03 3.970733734744460889e+03
1.143184000000000006e-01 1.066271691618012937e+03 2.453575602995656027e+03 3.416386888138589256e+03 4.007475679912065516e+03
1.208271000000000067e-01 9.542822130740694320e+02 2.319479377170996031e+03 3.942389568530194992e+03 4.320030401934956899e+03
1.277062999999999948e-01 8.949891768506229255e+02 2.602038907768627723e+03 3.268940891809755612e+03 3.856365745548136147e+03
1.349771999999999916e-01 7.560460493373752797e+02 1.525345198578731242e+03 1.607297814368796026e+03 2.937894004674408734e+03
1.426620999999999861e-01 6.559052611522271263e+02 1.491704192975538717e+03 1.527954701148034474e+03 2.298568412687015098e+03
1.507844999999999880e-01 5.445638983217634177e+02 1.574219316184197396e+03 2.219375551067730612e+03 2.941255412251441612e+03
1.593693999999999944e-01 6.075318044515670408e+02 1.374786987520882803e+03 1.854195764000638292e+03 2.300331601715785382e+03
1.684430000000000094e-01 5.582229108965295836e+02 1.157507187371441432e+03 1.894312637058185373e+03 1.815007542558133991e+03
1.780332000000000026e-01 5.241141329271953282e+02 1.214842216850305931e+03 1.367321216977871018e+03 1.987402817118198300e+03
1.881693999999999867e-01 4.372952980964566336e+02 1.274040442543346217e+03 1.635689059376951946e+03 1.806444274491096394e+03
1.988827999999999985e-01 4.029682730340492185e+02 1.151541968586896701e+03 1.865972954408401620e+03 1.546797306403206221e+03
2.102061000000000068e-01 3.757129785355275544e+02 1.114201152276054472e+03 1.742560757227084423e+03 1.492361943886483232e+03
2.221741000000000132e-01 3.334035945721916505e+02 1.038314180065963001e+03 1.609642448802894933e+03 1.359669764516554551e+03
2.348234999999999906e-01 2.614069155660110937e+02 8.552773105276592105e+02 1.317793355284043628e+03 1.238595567638781858e+03
2.481929999999999970e-01 2.290871280243432011e+02 8.024825282536745590e+02 1.085042608483446202e+03 1.014511283127958563e+03
2.623237999999999959e-01 2.609495925242614476e+02 6.231201048351691725e+02 7.266181862964950824e+02 9.143330852246382392e+02
2.772590999999999806e-01 2.201470301675099392e+02 4.745955212551900217e+02 6.555045302324879231e+02 7.622151429789390704e+02
2.930446999999999913e-01 2.006900679465140058e+02 6.999426283138171812e+02 9.507088114720874046e+02 6.750372237063090779e+02
3.097290999999999794e-01 1.819701200694960050e+02 5.427179821874337904e+02 8.861319073467534508e+02 7.079521206999862670e+02
3.273634000000000266e-01 1.548769517281498338e+02 5.089946075803349004e+02 8.454685316439285998e+02 7.045264250669138164e+02
3.460016000000000203e-01 1.618282479778910670e+02 5.117608983444245609e+02 8.090742280946670917e+02 6.013346653937057908e+02
3.657011000000000012e-01 1.556247571606658937e+02 4.647169153740288152e+02 6.678204637448815220e+02 5.479840361570182949e+02
3.865220999999999796e-01 1.471961006260141858e+02 3.744326238526053885e+02 5.472150243106765402e+02 5.002072890489116048e+02
4.085286000000000195e-01 1.343790395280596783e+02 4.276596713954393749e+02 5.247525932999976703e+02 3.548748049157588866e+02
4.317880000000000051e-01 1.050743745166338670e+02 3.894496888106493770e+02 6.183460258242533882e+02 5.215528868636972675e+02
4.563715999999999884e-01 9.239621488395700055e+01 3.580390510516854192e+02 5.025016909392311959e+02 4.967946636856383975e+02
4.823548999999999753e-01 9.496083574680191930e+01 3.015602869481038510e+02 4.124866221939670368e+02 4.042922926868072864e+02
5.098175999999999819e-01 9.503957607801471852e+01 3.231747659671401607e+02 4.521087327805614109e+02 3.247907172262803215e+02
5.388437999999999839e-01 9.448963042735904594e+01 2.938807089061830879e+02 3.489598958590721622e+02 2.930945954134776343e+02
5.695227000000000483e-01 8.503035159509113328e+01 2.231065583707701592e+02 2.893555057860169200e+02 3.006099742622553777e+02
6.019482000000000443e-01 6.454903752573507347e+01 2.424637275916610122e+02 2.476078232200995899e+02 2.997526407944940274e+02
6.362198000000000020e-01 5.487037477336274804e+01 2.252133088581802838e+02 2.674757923104988890e+02 2.158182191631346711e+02
6.724426999999999488e-01 5.455035088205134031e+01 1.822651564165029754e+02 2.725792189114280291e+02 2.224120938677959884e+02
7.107280000000000264e-01 5.014478736699716421e+01 1.758645184414406231e+02 2.712205030033451862e+02 2.427538925225100854e+02
7.511929000000000523e-01 4.148978809499508458e+01 1.542100081079213965e+02 2.440103390115473587e+02 2.492986247916321361e+02
7.939618000000000508e-01 4.116150738367109341e+01 1.428750561732956328e+02 2.206438492141771235e+02 2.260015789667056367e+02
8.391655999999999560e-01 4.023988585567349929e+01 1.097592587885492321e+02 1.501800058149767096e+02 2.211513152248461438e+02
8.869432000000000427e-01 3.157403664898667373e+01 1.213264325346083012e+02 1.843576733652494397e+02 2.334083152295403067e+02
9.374409000000000214e-01 3.401053321031204746e+01 1.277875703253970272e+02 1.890646324993587370e+02 2.017720914996602346e+02
9.908137000000000194e-01 3.175395091166290484e+01 1.140129753707927023e+02 1.806622607000895755e+02 1.991143182812905081e+02
1.047225000000000072e+00 3.105164497147577762e+01 9.656962256295656744e+01 1.779180601238165309e+02 2.056454288460029431e+02
1.106848000000000054e+00 2.980204955855709414e+01 8.775317755608645598e+01 1.715369208392532983e+02 2.128626938186272355e+02
1.169866000000000072e+00 1.926344165190898750e+01 7.717743557832558565e+01 1.446550674310985869e+02 2.167337553134282757e+02
1.236472000000000016e+00 2.499862985742658594e+01 7.878629892054311767e+01 1.291325446931230090e+02 2.066973958557744595e+02
1.306869999999999976e+00 2.462720324432819297e+01 7.714948948404303053e+01 1.256327693392054243e+02 1.587869409900630160e+02
1.381275999999999948e+00 2.407070093206266748e+01 7.065131818395930452e+01 9.076345249965817175e+01 1.656910912709635681e+02
1.459918999999999967e+00 2.330475764428568652e+01 7.252405850951986110e+01 8.810960387990888876e+01 1.572997832429428229e+02
1.543037999999999910e+00 1.773707428774311978e+01 5.585220989837274885e+01 1.106138476008632949e+02 1.617350057888003505e+02
1.630891000000000091e+00 1.635165462970284622e+01 4.620426958526707750e+01 9.790951062452603537e+01 1.669806231439563078e+02
1.723745000000000083e+00 1.666902159747956347e+01 4.329750323814811708e+01 9.057430695786156605e+01 1.830602926428101682e+02
1.821884999999999977e+00 1.250405283017793856e+01 4.095182861953709619e+01 8.959551298683688003e+01 1.601551315741642441e+02
1.925613999999999937e+00 1.213538113770701266e+01 4.352924158832544066e+01 8.370789819596211601e+01 1.632623425470505651e+02
2.035248000000000168e+00 1.234230872858446837e+01 4.128510099827734336e+01 6.378256904106789449e+01 1.355840411818731184e+02
2.151123000000000118e+00 1.262751792019532004e+01 4.008993003548772549e+01 6.638278457398803312e+01 1.434786431175895700e+02
2.273597000000000090e+00 1.069775832161754181e+01 3.021428678588918260e+01 5.168474609228275085e+01 1.211534097439242714e+02
2.403042999999999818e+00 8.958700942276200507e+00 2.552809957983081546e+01 4.770634084627391047e+01 1.022632214331840714e+02
2.539858999999999867e+00 8.765640412392112779e+00 2.593557413942515311e+01 4.997995135391984434e+01 1.002986960382603598e+02
2.684464999999999879e+00 1.117366827939713581e+01 2.711934192588613612e+01 3.050825879919680972e+01 7.552100140628920144e+01
2.837304000000000048e+00 9.271045527231031258e+00 2.331637857618751042e+01 1.890194527704349170e+01 7.271261189304787820e+01
2.998844000000000065e+00 7.301236542817732378e+00 1.782701214529225098e+01 4.018530602648782946e+01 8.324349505434366847e+01
3.169582000000000122e+00 8.591895672391750338e+00 2.255336001144459956e+01 3.597214535648956257e+01 7.177199799881519482e+01
3.350041000000000047e+00 6.932897894195001243e+00 2.212780475729345397e+01 3.434335922969034982e+01 7.052503123357098502e+01
3.540773999999999866e+00 6.083041385495107534e+00 1.909211305892340249e+01 3.219416255622632406e+01 6.361582675897803085e+01
3.742366000000000081e+00 6.129023938138922212e+00 1.650604814273726006e+01 2.837114699673064422e+01 6.337772965235641465e+01
3.955436000000000174e+00 5.207451421439476036e+00 1.422900984573393401e+01 2.704826855932587648e+01 5.391756639530147766e+01
4.180636999999999937e+00 4.176491824505355055e+00 1.252369201080056627e+01 2.019204536878817891e+01 4.309924613492397327e+01
4.418660000000000032e+00 3.397721250742800514e+00 1.188618962951533575e+01 1.732167453357226350e+01 4.049629847157572726e+01
4.670233999999999774e+00 3.165206548301377154e+00 1.029596446938230692e+01 1.697765973933043782e+01 3.318926481208242052e+01
4.936131999999999742e+00 3.446939764233506676e+00 9.785633263030726781e+00 1.460744430703422836e+01 2.677077747780343486e+01
5.217169000000000167e+00 3.010553658404161670e+00 9.664777980737763841e+00 1.157668723412471934e+01 2.288724218220544770e+01
5.514205999999999719e+00 3.126941645486605914e+00 1.026720295979979980e+01 1.301448576924418532e+01 2.224331402653298895e+01
5.828154999999999752e+00 1.898538977368198877e+00 7.239961508605920137e+00 1.290971616172688208e+01 1.864402304619938988e+01
6.159977999999999732e+00 1.974188677457418661e+00 7.095970743096072120e+00 1.148049883850493025e+01 1.605023062796925615e+01
6.510693999999999981e+00 1.946280401049654829e+00 6.028490062529699323e+00 1.080086233188649558e+01 1.539861961188790573e+01
6.881376999999999633e+00 1.715488981611398733e+00 4.737713267299215936e+00 5.983399176758871896e+00 1.238536176821393653e+01
7.273164999999999658e+00 1.472338770136383035e+00 3.344573644157513570e+00 2.833681443045795501e+00 6.688580022239406730e+00
7.687260000000000204e+00 1.160540700135799685e+00 2.977809171110687103e+00 2.955747848764061381e+00 6.118043682113290416e+00
8.124930000000000874e+00 1.147896914517229749e+00 3.806186538939359654e+00 4.422400514353839185e+00 9.086696446923957282e+00
8.587519000000000347e+00 1.237395764308448110e+00 3.406695639239111895e+00 3.631779950633690746e+00 7.432751603747091984e+00
9.076446000000000680e+00 1.205030788231257199e+00 3.102938338610544022e+00 2.979363193029109347e+00 6.791446244322663972e+00
9.593208999999999875e+00 7.154491908882395501e-01 1.191439356693555052e+00 1.138632707471564753e+00 3.054020922525168213e+00
