0.01 5992.939161191694 10128.350358530679 13241.834793417655 24273.087390182263
0.01056935 5814.102718651519 10415.067687090617 14826.92250993466 20738.560680220417
0.01117111 5716.184360460161 10557.442778442777 14976.856069340229 22458.44334775274
0.01180713 5638.383864412529 11496.833344439809 14765.984879019034 18283.896601665463
0.01247936 6412.713053749123 11512.582721960027 14775.365916113993 22286.012305469758
0.01318987 5999.825191904595 11124.24514857808 15081.503982979806 22198.424921317717
0.01394083 6025.033331118842 11662.7432392142 14650.853549428444 19387.291927576
0.01473454 6103.745015989394 11219.040074124932 15440.462284454261 27738.25711179896
0.01557345 6502.042863562685 11899.140543386364 15740.487400794284 23905.037824387975
0.01646012 6482.367892695214 12039.20131140055 15491.4163194504 25461.423000014125
0.01739726 6420.438197425698 11969.993491772131 16251.216669349862 24884.175314920274
0.01838777 6347.171757914451 11580.666642139964 15348.838522060796 25194.82096237343
0.01943467 6248.808640074773 11783.392513597573 15317.8711396229 27438.274930188607
0.02054117 6169.14874668082 11066.471198081983 15834.6923527498 21448.606590998756
0.02171068 6225.95564205702 11486.98518327335 14914.343284359515 22702.42806234751
0.02294676 6038.405826430819 11060.593185372894 14787.023452549687 22809.362398560752
0.02425323 5801.33343284422 10961.282651040896 14635.421035524221 21394.822873059427
0.02563407 5576.352668909832 10446.812890081968 14135.88343152757 20330.260123359218
0.02709354 5521.716351406507 10110.726934617198 13386.079112618327 23525.399070904277
0.0286361 5308.0805008305215 9691.177755448023 13187.321155187743 18273.473917359075
0.03026648 5077.368196260096 9252.40843823846 12452.54272547358 17367.464870569045
0.03198969 4851.965370325132 8881.746464587985 12129.173375696913 17934.539140562505
0.03381101 4749.626289304818 8397.905064242961 11553.140151019708 17321.36265386566
0.03573602 4401.616751304627 8200.730386433743 10740.09542882274 16196.771984636647
0.03777064 4225.724585487242 7620.24995437714 10562.089286302438 16081.481886033023
0.03992109 3991.1173069883303 7171.419456165806 9909.465776690671 14543.93038928353
0.04219398 3795.5418248700053 6843.278530601325 9274.956341889152 13870.279145093937
0.04459628 3537.6735554436714 6530.4231911476245 8946.644141269911 12809.124261444937
0.04713535 3323.2584312639465 6265.600878048857 8502.24078468132 13071.659628970065
0.04981898 3285.010804421831 5889.617092099916 7925.146112455946 11920.930428341508
0.0526554 3154.635707490882 5653.441267770363 7699.724590879972 12133.368330682033
0.05565331 3027.0055031358065 5453.140830391853 7268.395417754238 10862.01651741745
0.0588219 2865.819584506328 5208.056476598659 7094.181346269266 10832.432169893094
0.0621709 2816.3821794174373 5075.2462909037295 6862.790948702712 10495.400500212229
0.06571058 2678.3917775191526 4898.566055483809 6543.939921998244 9707.849192126005
0.06945178 2573.174184808833 4632.517679217475 6308.508376037796 9253.67471245395
0.07340598 2413.648820854221 4399.787914581849 5995.178506213297 8981.138941941364
0.07758532 2303.2659928470225 4133.55776749148 5575.10460466611 8357.211587799906
0.08200261 2090.18592758786 3787.6411040708917 5200.307100818791 7674.947261656295
0.08667139 1913.105312509637 3487.1288861272915 4707.445051125398 7099.982240422451
0.09160598 1710.4012965464003 3168.583525235998 4253.84260620495 6492.818051562127
0.09682153 1571.399199002097 2844.8441265298175 3850.500689013431 5804.595198286297
0.102334 1397.5440754233437 2628.722403252995 3547.315936905418 5409.481939958592
0.1081604 1319.7407199775657 2429.296037529188 3269.7869602319042 4992.937392055501
0.1143184 1249.4545118823485 2279.3828619096007 3116.67669082188 4592.488648563436
0.1208271 1185.1325406445808 2175.8774608448152 2974.7759254101584 4373.208307067215
0.1277063 1113.7346733963575 2070.5765084598997 2821.1658036345557 4258.365067242474
0.1349772 1058.5820293579009 1953.1743380305834 2663.8393069167423 3997.2746023099844
0.1426621 965.1393825973037 1762.6722671360044 2447.9367013738574 3711.529299959991
0.1507845 875.3212793282255 1602.1291093176358 2171.171042077376 3258.7308963355017
0.1593694 766.9375025515495 1418.0398883617295 1945.828837344144 3026.9811837705356
0.168443 688.9889332267848 1299.0840942510636 1799.4798152056812 2798.66134539772
0.1780332 650.7618481936851 1205.2657040657712 1671.5827392991648 2612.7759662497992
0.1881694 609.9329824914913 1137.0709173722262 1588.901851709732 2480.750911693318
0.1988828 564.4984146852122 1073.7615703298025 1489.2344367687658 2322.073925516463
0.2102061 510.4418647775226 972.9207037123134 1356.5763988265041 2171.934249306686
0.2221741 457.09736791886155 877.8590570450101 1239.5341049083222 1951.832779016007
0.2348235 399.2535188825152 801.3363665377387 1131.934075695253 1787.8818392377718
0.248193 381.35120242633684 746.291068774667 1066.7390223651819 1666.1490934823446
0.2623238 364.53129384376166 701.4721544609974 993.9944282006596 1604.4850474132902
0.2772591 328.50580645069203 636.5202868113962 914.761145728253 1512.1422178024527
0.2930447 283.1651434861189 578.4644483066368 840.1203498335751 1384.8945707792996
0.3097291 272.89723747602244 528.8315326985544 777.3294426952764 1309.5587200725295
0.3273634 247.71709521715314 492.77085967993605 732.0355447357998 1213.3762580838259
0.3460016 234.2750486586995 463.5672364238706 675.1225378541544 1139.138739911598
0.3657011 204.06248478296175 421.57117883456016 633.9648420786502 1062.325637370573
0.3865221 190.09585173727396 400.2411754607364 590.1943468151289 1009.2458066013725
0.4085286 159.18237965442236 367.0044962559167 538.4794862815123 944.1004889946979
0.431788 165.5005452835171 344.9262985605954 511.9126272882182 869.6522678883541
0.4563716 141.3979356055802 329.65070794385434 476.9042887903731 841.1512457891596
0.4823549 138.77121319942512 294.499304510041 448.5739269228411 784.9504431146573
0.5098176 120.94912912605491 269.35143476854427 413.2461074677069 743.4135789272494
0.5388438 104.96609588152765 268.15974554015423 398.0558101865043 730.3888072758685
0.5695227 97.46501305814891 250.4743594076282 377.53712577679636 666.9599613560811
0.6019482 91.83915542980363 227.52326095043156 353.6238110785642 636.6884954933025
0.6362198 84.6631530041557 202.5331847323106 329.05805148455744 600.7425940499687
0.6724427 77.63923465507689 200.94747313278663 314.2512215918174 577.2551935585958
0.710728 75.38097072142814 189.1772601775975 295.09267694644825 549.0039224020991
0.7511929 66.68062092099184 178.05402933586143 268.6112781763338 515.3381009350317
0.7939618 68.97944261814592 164.7096078268115 261.7124091274815 486.71657661436507
0.8391656 61.05508829513397 151.6200267314936 241.14693654003617 467.0059684636024
0.8869432 57.22538232874262 136.6435415622188 227.26163737774317 434.51616954308645
0.9374409 48.658226923140546 135.7298976346524 220.7393349874357 408.6212152565922
0.9908137 59.4927454567889 123.65937858179728 212.87898122722456 387.6363021409378
1.047225 45.04163495041446 115.19841461890516 190.7306620336295 368.66230683213865
1.106848 45.045839493074624 117.75396121712518 184.46432494897752 351.3668902316524
1.169866 43.85091289188713 118.85204953146366 169.83208145830116 329.7281552232537
1.236472 28.502547143857072 106.72302697702744 165.5636011906878 307.96911868624437
1.30687 41.03245873264223 95.48572870016818 153.1392148823465 297.11451103600405
1.381276 36.21344074388639 91.06070440073832 151.38939555527475 283.9668756719549
1.459919 34.58771081842596 76.73497027016694 129.99336427134858 258.98216197248047
1.543038 24.20728517937631 79.82357326058548 128.48986931610784 248.56070474304607
1.630891 31.285429605786735 68.36972359538098 131.596693021547 225.69929256803536
1.723745 24.4999495896396 67.93970294350916 101.16400370908774 209.317369022344
1.821885 21.54429740878844 65.5451572739677 101.53798967980138 198.7281225543042
1.925614 25.570895156824935 60.312645504378686 95.95603640591204 182.6247715986159
2.035248 21.2483478775789 68.42006659118377 92.89062436398284 163.2871999291855
2.151123 22.615583515247394 55.40345515367194 81.78391396827588 153.81680224600112
2.273597 15.448178645598281 47.59211164951987 71.49296112449238 145.0438452068463
2.403043 13.43713324504131 48.44712594853291 84.00919891254941 132.490519907929
