1.000000e-02 1.096084e+04 1.985556e+04 2.679117e+04 3.989121e+04  
1.013939e-02 1.102100e+04 1.996410e+04 2.693716e+04 4.010732e+04  
1.028073e-02 1.108012e+04 2.007074e+04 2.708056e+04 4.031955e+04  
1.042404e-02 1.113816e+04 2.017539e+04 2.722128e+04 4.052774e+04  
1.056935e-02 1.119506e+04 2.027798e+04 2.735919e+04 4.073171e+04  
1.071668e-02 1.125078e+04 2.037842e+04 2.749419e+04 4.093131e+04  
1.086606e-02 1.130528e+04 2.047662e+04 2.762615e+04 4.112635e+04  
1.101753e-02 1.135850e+04 2.057251e+04 2.775497e+04 4.131666e+04  
1.117111e-02 1.141041e+04 2.066598e+04 2.788053e+04 4.150207e+04  
1.132683e-02 1.146095e+04 2.075696e+04 2.800270e+04 4.168241e+04  
1.148472e-02 1.151007e+04 2.084536e+04 2.812137e+04 4.185749e+04  
1.164481e-02 1.155772e+04 2.093109e+04 2.823641e+04 4.202712e+04  
1.180713e-02 1.160385e+04 2.101404e+04 2.834769e+04 4.219112e+04  
1.197171e-02 1.164841e+04 2.109412e+04 2.845509e+04 4.234928e+04  
1.213859e-02 1.169134e+04 2.117123e+04 2.855846e+04 4.250141e+04  
1.230780e-02 1.173258e+04 2.124527e+04 2.865768e+04 4.264731e+04  
1.247936e-02 1.177209e+04 2.131616e+04 2.875261e+04 4.278678e+04  
1.265332e-02 1.180980e+04 2.138377e+04 2.884312e+04 4.291962e+04  
1.282970e-02 1.184567e+04 2.144803e+04 2.892907e+04 4.304563e+04  
1.300854e-02 1.187964e+04 2.150881e+04 2.901033e+04 4.316461e+04  
1.318987e-02 1.191164e+04 2.156603e+04 2.908675e+04 4.327634e+04  
1.337373e-02 1.194163e+04 2.161958e+04 2.915820e+04 4.338062e+04  
1.356015e-02 1.196954e+04 2.166935e+04 2.922453e+04 4.347724e+04  
1.374917e-02 1.199533e+04 2.171524e+04 2.928562e+04 4.356601e+04  
1.394083e-02 1.201893e+04 2.175716e+04 2.934132e+04 4.364671e+04  
1.413516e-02 1.204028e+04 2.179499e+04 2.939149e+04 4.371914e+04  
1.433219e-02 1.205932e+04 2.182862e+04 2.943598e+04 4.378305e+04  
1.453198e-02 1.207600e+04 2.185794e+04 2.947463e+04 4.383824e+04  
1.473454e-02 1.209024e+04 2.188284e+04 2.950730e+04 4.388447e+04  
1.493993e-02 1.210200e+04 2.190320e+04 2.953383e+04 4.392153e+04  
1.514819e-02 1.211119e+04 2.191892e+04 2.955408e+04 4.394919e+04  
1.535935e-02 1.211778e+04 2.192989e+04 2.956790e+04 4.396724e+04  
1.557345e-02 1.212168e+04 2.193599e+04 2.957515e+04 4.397546e+04  
1.579053e-02 1.212286e+04 2.193714e+04 2.957568e+04 4.397365e+04  
1.601064e-02 1.212126e+04 2.193322e+04 2.956938e+04 4.396162e+04  
1.623382e-02 1.211682e+04 2.192415e+04 2.955609e+04 4.393917e+04  
1.646012e-02 1.210948e+04 2.190983e+04 2.953572e+04 4.390612e+04  
1.668956e-02 1.209921e+04 2.189017e+04 2.950812e+04 4.386229e+04  
1.692220e-02 1.208595e+04 2.186508e+04 2.947319e+04 4.380751e+04  
1.715809e-02 1.206965e+04 2.183447e+04 2.943080e+04 4.374160e+04  
1.739726e-02 1.205025e+04 2.179825e+04 2.938082e+04 4.366436e+04  
1.763977e-02 1.202770e+04 2.175631e+04 2.932311e+04 4.357560e+04  
1.788566e-02 1.200195e+04 2.170855e+04 2.925755e+04 4.347513e+04  
1.813498e-02 1.197294e+04 2.165489e+04 2.918401e+04 4.336276e+04  
1.838777e-02 1.194063e+04 2.159523e+04 2.910238e+04 4.323833e+04  
1.864409e-02 1.190496e+04 2.152949e+04 2.901253e+04 4.310166e+04  
1.890397e-02 1.186589e+04 2.145758e+04 2.891437e+04 4.295260e+04  
1.916748e-02 1.182339e+04 2.137945e+04 2.880780e+04 4.279103e+04  
1.943467e-02 1.177741e+04 2.129503e+04 2.869275e+04 4.261683e+04  
1.970558e-02 1.172793e+04 2.120427e+04 2.856914e+04 4.242989e+04  
1.998026e-02 1.167492e+04 2.110712e+04 2.843691e+04 4.223013e+04  
2.025878e-02 1.161836e+04 2.100353e+04 2.829601e+04 4.201749e+04  
2.054117e-02 1.155823e+04 2.089349e+04 2.814641e+04 4.179190e+04  
2.082751e-02 1.149451e+04 2.077698e+04 2.798807e+04 4.155334e+04  
2.111783e-02 1.142720e+04 2.065395e+04 2.782097e+04 4.130176e+04  
2.141220e-02 1.135627e+04 2.052439e+04 2.764507e+04 4.103712e+04  
2.171068e-02 1.128172e+04 2.038829e+04 2.746035e+04 4.075939e+04  
2.201331e-02 1.120354e+04 2.024563e+04 2.726681e+04 4.046857e+04  
2.232016e-02 1.112173e+04 2.009643e+04 2.706447e+04 4.016470e+04  
2.263130e-02 1.103631e+04 1.994070e+04 2.685334e+04 3.984782e+04  
2.294676e-02 1.094729e+04 1.977848e+04 2.663348e+04 3.951800e+04  
2.326663e-02 1.085468e+04 1.960980e+04 2.640493e+04 3.917532e+04  
2.359095e-02 1.075850e+04 1.943469e+04 2.616775e+04 3.881986e+04  
2.391980e-02 1.065879e+04 1.925322e+04 2.592201e+04 3.845175e+04  
2.425323e-02 1.055557e+04 1.906544e+04 2.566780e+04 3.807114e+04  
2.459130e-02 1.044889e+04 1.887144e+04 2.540525e+04 3.767819e+04  
2.493409e-02 1.033881e+04 1.867133e+04 2.513449e+04 3.727313e+04  
2.528166e-02 1.022539e+04 1.846521e+04 2.485568e+04 3.685621e+04  
2.563407e-02 1.010870e+04 1.825322e+04 2.456900e+04 3.642768e+04  
2.599140e-02 9.988788e+03 1.803548e+04 2.427460e+04 3.598778e+04  
2.635371e-02 9.865742e+03 1.781210e+04 2.397268e+04 3.553681e+04  
2.672106e-02 9.739641e+03 1.758327e+04 2.366343e+04 3.507509e+04  
2.709354e-02 9.610582e+03 1.734914e+04 2.334711e+04 3.460297e+04  
2.747121e-02 9.478674e+03 1.710992e+04 2.302399e+04 3.412088e+04  
2.785414e-02 9.344038e+03 1.686583e+04 2.269437e+04 3.362927e+04  
2.824241e-02 9.206798e+03 1.661711e+04 2.235856e+04 3.312860e+04  
2.863610e-02 9.067066e+03 1.636395e+04 2.201684e+04 3.261929e+04  
2.903527e-02 8.924965e+03 1.610658e+04 2.166951e+04 3.210180e+04  
2.944000e-02 8.780629e+03 1.584525e+04 2.131690e+04 3.157664e+04  
2.985038e-02 8.634207e+03 1.558022e+04 2.095940e+04 3.104434e+04  
3.026648e-02 8.485863e+03 1.531180e+04 2.059739e+04 3.050553e+04  
3.068838e-02 8.335778e+03 1.504031e+04 2.023133e+04 2.996085e+04  
3.111616e-02 8.184137e+03 1.476610e+04 1.986166e+04 2.941098e+04  
3.154990e-02 8.031098e+03 1.448944e+04 1.948878e+04 2.885651e+04  
3.198969e-02 7.876824e+03 1.421063e+04 1.911308e+04 2.829802e+04  
3.243561e-02 7.721491e+03 1.392999e+04 1.873499e+04 2.773616e+04  
3.288774e-02 7.565291e+03 1.364788e+04 1.835499e+04 2.717163e+04  
3.334618e-02 7.408432e+03 1.336465e+04 1.797357e+04 2.660517e+04  
3.381101e-02 7.251137e+03 1.308073e+04 1.759129e+04 2.603759e+04  
3.428231e-02 7.093642e+03 1.279653e+04 1.720870e+04 2.546973e+04  
3.476019e-02 6.936145e+03 1.251240e+04 1.682630e+04 2.490230e+04  
3.524473e-02 6.778836e+03 1.222870e+04 1.644454e+04 2.433600e+04  
3.573602e-02 6.621922e+03 1.194579e+04 1.606391e+04 2.377154e+04  
3.623416e-02 6.465620e+03 1.166406e+04 1.568495e+04 2.320971e+04  
3.673925e-02 6.310166e+03 1.138394e+04 1.530822e+04 2.265134e+04  
3.725137e-02 6.155809e+03 1.110587e+04 1.493431e+04 2.209731e+04  
3.777064e-02 6.002810e+03 1.083032e+04 1.456386e+04 2.154854e+04  
3.829714e-02 5.851373e+03 1.055765e+04 1.419735e+04 2.100576e+04  
3.883098e-02 5.701664e+03 1.028817e+04 1.383518e+04 2.046955e+04  
3.937226e-02 5.553855e+03 1.002217e+04 1.347776e+04 1.994050e+04  
3.992109e-02 5.408127e+03 9.759982e+03 1.312551e+04 1.941926e+04  
4.047757e-02 5.264669e+03 9.501941e+03 1.277890e+04 1.890648e+04  
4.104181e-02 5.123680e+03 9.248401e+03 1.243838e+04 1.840284e+04  
4.161391e-02 4.985367e+03 8.999730e+03 1.210446e+04 1.790908e+04  
4.219398e-02 4.849918e+03 8.756261e+03 1.177757e+04 1.742584e+04  
4.278214e-02 4.717496e+03 8.518285e+03 1.145810e+04 1.695367e+04  
4.337850e-02 4.588267e+03 8.286095e+03 1.114645e+04 1.649316e+04  
4.398317e-02 4.462405e+03 8.059996e+03 1.084301e+04 1.604490e+04  
4.459628e-02 4.340085e+03 7.840302e+03 1.054820e+04 1.560948e+04  
4.521792e-02 4.221491e+03 7.627335e+03 1.026246e+04 1.518753e+04  
4.584824e-02 4.106809e+03 7.421421e+03 9.986207e+03 1.477968e+04  
4.648734e-02 3.996172e+03 7.222799e+03 9.719764e+03 1.438639e+04  
4.713535e-02 3.889669e+03 7.031618e+03 9.463327e+03 1.400793e+04  
4.779239e-02 3.787382e+03 6.848023e+03 9.217082e+03 1.364458e+04  
4.845859e-02 3.689390e+03 6.672147e+03 8.981207e+03 1.329658e+04  
4.913407e-02 3.595767e+03 6.504121e+03 8.755869e+03 1.296418e+04  
4.981898e-02 3.506583e+03 6.344062e+03 8.541221e+03 1.264758e+04  
5.051342e-02 3.421878e+03 6.192036e+03 8.337347e+03 1.234691e+04  
5.121755e-02 3.341639e+03 6.048014e+03 8.144203e+03 1.206208e+04  
5.193150e-02 3.265836e+03 5.911936e+03 7.961705e+03 1.179296e+04  
5.265540e-02 3.194425e+03 5.783719e+03 7.789736e+03 1.153938e+04  
5.338938e-02 3.127348e+03 5.663254e+03 7.628144e+03 1.130110e+04  
5.413360e-02 3.064534e+03 5.550405e+03 7.476745e+03 1.107784e+04  
5.488820e-02 3.005925e+03 5.445065e+03 7.335388e+03 1.086937e+04  
5.565331e-02 2.951482e+03 5.347157e+03 7.203966e+03 1.067552e+04  
5.642908e-02 2.901154e+03 5.256582e+03 7.082341e+03 1.049608e+04  
5.721568e-02 2.854876e+03 5.173218e+03 6.970345e+03 1.033079e+04  
5.801323e-02 2.812569e+03 5.096913e+03 6.867768e+03 1.017933e+04  
5.882190e-02 2.774127e+03 5.027475e+03 6.774348e+03 1.004131e+04  
5.964185e-02 2.739409e+03 4.964642e+03 6.689729e+03 9.916199e+03  
6.047322e-02 2.708247e+03 4.908110e+03 6.613499e+03 9.803385e+03  
6.131619e-02 2.680453e+03 4.857534e+03 6.545195e+03 9.702177e+03  
6.217090e-02 2.655813e+03 4.812528e+03 6.484295e+03 9.611806e+03  
6.303753e-02 2.634102e+03 4.772685e+03 6.430253e+03 9.531464e+03  
6.391624e-02 2.615107e+03 4.737618e+03 6.382545e+03 9.460381e+03  
6.480720e-02 2.598593e+03 4.706904e+03 6.340606e+03 9.397724e+03  
6.571058e-02 2.584301e+03 4.680078e+03 6.303813e+03 9.342575e+03  
6.662655e-02 2.571946e+03 4.656627e+03 6.271479e+03 9.293933e+03  
6.755528e-02 2.561234e+03 4.636026e+03 6.242903e+03 9.250767e+03  
6.849697e-02 2.551861e+03 4.617736e+03 6.217365e+03 9.212029e+03  
6.945178e-02 2.543497e+03 4.601167e+03 6.194082e+03 9.176577e+03  
7.041990e-02 2.535781e+03 4.585681e+03 6.172206e+03 9.143175e+03  
7.140151e-02 2.528336e+03 4.570614e+03 6.150854e+03 9.110541e+03  
7.239681e-02 2.520801e+03 4.555329e+03 6.129186e+03 9.077454e+03  
7.340598e-02 2.512792e+03 4.539154e+03 6.106314e+03 9.042628e+03  
7.442922e-02 2.503894e+03 4.521366e+03 6.081280e+03 9.004677e+03  
7.546673e-02 2.493681e+03 4.501220e+03 6.053107e+03 8.962184e+03  
7.651869e-02 2.481784e+03 4.478081e+03 6.020961e+03 8.913945e+03  
7.758532e-02 2.467834e+03 4.451311e+03 5.984003e+03 8.858750e+03  
7.866682e-02 2.451432e+03 4.420226e+03 5.941338e+03 8.795304e+03  
7.976339e-02 2.432195e+03 4.384169e+03 5.892109e+03 8.722373e+03  
8.087525e-02 2.409852e+03 4.342686e+03 5.835724e+03 8.639103e+03  
8.200261e-02 2.384145e+03 4.295341e+03 5.771620e+03 8.544684e+03  
8.314568e-02 2.354801e+03 4.241676e+03 5.699203e+03 8.438261e+03  
8.430468e-02 2.321619e+03 4.181363e+03 5.618051e+03 8.319226e+03  
8.547985e-02 2.284516e+03 4.114272e+03 5.528004e+03 8.187357e+03  
8.667139e-02 2.243416e+03 4.040293e+03 5.428927e+03 8.042459e+03  
8.787954e-02 2.198270e+03 3.959359e+03 5.320741e+03 7.884425e+03  
8.910453e-02 2.149191e+03 3.871680e+03 5.203734e+03 7.713678e+03  
9.034660e-02 2.096370e+03 3.777602e+03 5.078369e+03 7.530894e+03  
9.160598e-02 2.040022e+03 3.677511e+03 4.945161e+03 7.336826e+03  
9.288292e-02 1.980395e+03 3.571848e+03 4.804695e+03 7.132330e+03  
9.417766e-02 1.917860e+03 3.461260e+03 4.657830e+03 6.918656e+03  
9.549045e-02 1.852878e+03 3.346553e+03 4.505627e+03 6.697348e+03  
9.682153e-02 1.785956e+03 3.228603e+03 4.349242e+03 6.470088e+03  
9.817117e-02 1.717641e+03 3.108361e+03 4.189927e+03 6.238693e+03  
9.953962e-02 1.648510e+03 2.986821e+03 4.028985e+03 6.005060e+03  
1.009272e-01 1.579178e+03 2.865041e+03 3.867809e+03 5.771204e+03  
1.023340e-01 1.510311e+03 2.744169e+03 3.707902e+03 5.539305e+03  
1.037605e-01 1.442579e+03 2.625357e+03 3.550777e+03 5.311550e+03  
1.052069e-01 1.376540e+03 2.509561e+03 3.397684e+03 5.089747e+03  
1.066734e-01 1.312758e+03 2.397752e+03 3.249895e+03 4.875725e+03  
1.081604e-01 1.251833e+03 2.290957e+03 3.108754e+03 4.671419e+03  
1.096681e-01 1.194233e+03 2.189982e+03 2.975313e+03 4.478341e+03  
1.111968e-01 1.140302e+03 2.095411e+03 2.850334e+03 4.297574e+03  
1.127468e-01 1.090392e+03 2.007851e+03 2.734608e+03 4.130247e+03  
1.143184e-01 1.044808e+03 1.927818e+03 2.628804e+03 3.977308e+03  
1.159120e-01 1.003681e+03 1.855533e+03 2.533209e+03 3.839154e+03  
1.175277e-01 9.671167e+02 1.791171e+03 2.448041e+03 3.716081e+03  
1.191660e-01 9.351949e+02 1.734861e+03 2.373464e+03 3.608308e+03  
1.208271e-01 9.078837e+02 1.686537e+03 2.309383e+03 3.515681e+03  
1.225114e-01 8.851049e+02 1.646053e+03 2.255595e+03 3.437890e+03  
1.242191e-01 8.667512e+02 1.613209e+03 2.211829e+03 3.374532e+03  
1.259506e-01 8.526233e+02 1.587645e+03 2.177605e+03 3.324901e+03  
1.277063e-01 8.424667e+02 1.568907e+03 2.152314e+03 3.288116e+03  
1.294865e-01 8.359853e+02 1.556465e+03 2.135256e+03 3.263158e+03  
1.312915e-01 8.327863e+02 1.549627e+03 2.125512e+03 3.248706e+03  
1.331216e-01 8.324149e+02 1.547594e+03 2.122028e+03 3.243248e+03  
1.349772e-01 8.343617e+02 1.549475e+03 2.123636e+03 3.245104e+03  
1.368587e-01 8.380347e+02 1.554245e+03 2.128990e+03 3.252349e+03  
1.387665e-01 8.427815e+02 1.560779e+03 2.136619e+03 3.262878e+03  
1.407008e-01 8.479188e+02 1.567909e+03 2.145000e+03 3.274509e+03  
1.426621e-01 8.527475e+02 1.574447e+03 2.152585e+03 3.285024e+03  
1.446507e-01 8.565247e+02 1.579139e+03 2.157747e+03 3.292087e+03  
1.466671e-01 8.585652e+02 1.580838e+03 2.158999e+03 3.293557e+03  
1.487115e-01 8.582019e+02 1.578433e+03 2.154903e+03 3.287365e+03  
1.507845e-01 8.548027e+02 1.570883e+03 2.144113e+03 3.271561e+03  
1.528864e-01 8.479115e+02 1.557442e+03 2.125671e+03 3.244760e+03  
1.550175e-01 8.371005e+02 1.537420e+03 2.098689e+03 3.205672e+03  
1.571784e-01 8.221739e+02 1.510514e+03 2.062783e+03 3.153736e+03  
1.593694e-01 8.030872e+02 1.476671e+03 2.017897e+03 3.088870e+03  
1.615909e-01 7.799755e+02 1.436139e+03 1.964359e+03 3.011555e+03  
1.638434e-01 7.532730e+02 1.389659e+03 1.903140e+03 2.923203e+03  
1.661273e-01 7.235305e+02 1.338162e+03 1.835456e+03 2.825583e+03  
1.684430e-01 6.915291e+02 1.282959e+03 1.763013e+03 2.721172e+03  
1.707910e-01 6.581538e+02 1.225529e+03 1.687734e+03 2.612757e+03  
1.731717e-01 6.243065e+02 1.167379e+03 1.611572e+03 2.503161e+03  
1.755856e-01 5.909233e+02 1.110068e+03 1.536548e+03 2.395294e+03  
1.780332e-01 5.588230e+02 1.054964e+03 1.464430e+03 2.291687e+03  
1.805149e-01 5.287428e+02 1.003294e+03 1.396804e+03 2.194600e+03  
1.830312e-01 5.012831e+02 9.560595e+02 1.334960e+03 2.105858e+03  
1.855825e-01 4.769073e+02 9.140334e+02 1.279889e+03 2.026849e+03  
1.881694e-01 4.559560e+02 8.777811e+02 1.232315e+03 1.958576e+03  
1.907924e-01 4.386342e+02 8.476396e+02 1.192665e+03 1.901614e+03  
1.934520e-01 4.250241e+02 8.237368e+02 1.161094e+03 1.856158e+03  
1.961486e-01 4.150760e+02 8.059767e+02 1.137467e+03 1.821992e+03  
1.988828e-01 4.085943e+02 7.940158e+02 1.121329e+03 1.798457e+03  
2.016551e-01 4.052443e+02 7.872756e+02 1.111925e+03 1.784470e+03  
2.044661e-01 4.045422e+02 7.849293e+02 1.108180e+03 1.778506e+03  
2.073162e-01 4.058835e+02 7.859515e+02 1.108765e+03 1.778686e+03  
2.102061e-01 4.085518e+02 7.891379e+02 1.112125e+03 1.782810e+03  
2.131362e-01 4.117594e+02 7.931753e+02 1.116567e+03 1.788481e+03  
2.161073e-01 4.146909e+02 7.967152e+02 1.120358e+03 1.793239e+03  
2.191197e-01 4.165423e+02 7.984400e+02 1.121807e+03 1.794673e+03  
2.221741e-01 4.165687e+02 7.971394e+02 1.119361e+03 1.790567e+03  
2.252711e-01 4.141585e+02 7.918295e+02 1.111762e+03 1.779117e+03  
2.284112e-01 4.088518e+02 7.817797e+02 1.098079e+03 1.758987e+03  
2.315951e-01 4.004686e+02 7.667176e+02 1.077969e+03 1.729689e+03  
2.348235e-01 3.890735e+02 7.467676e+02 1.051601e+03 1.691473e+03  
2.380968e-01 3.750222e+02 7.225235e+02 1.019747e+03 1.645458e+03  
2.414157e-01 3.589299e+02 6.949966e+02 9.837119e+02 1.593532e+03  
2.447809e-01 3.415854e+02 6.654756e+02 9.451553e+02 1.538080e+03  
2.481930e-01 3.238714e+02 6.353980e+02 9.059223e+02 1.481741e+03  
2.516527e-01 3.066527e+02 6.061707e+02 8.678141e+02 1.427074e+03  
2.551606e-01 2.907182e+02 5.790759e+02 8.324673e+02 1.376382e+03  
2.587174e-01 2.766944e+02 5.551309e+02 8.011753e+02 1.331467e+03  
2.623238e-01 2.650113e+02 5.350322e+02 7.748186e+02 1.293537e+03  
2.659804e-01 2.559005e+02 5.191495e+02 7.538585e+02 1.263205e+03  
2.696881e-01 2.493828e+02 5.075070e+02 7.383152e+02 1.240470e+03  
2.734474e-01 2.452856e+02 4.998103e+02 7.278037e+02 1.224773e+03  
2.772591e-01 2.432699e+02 4.954934e+02 7.215947e+02 1.215082e+03  
2.811239e-01 2.428435e+02 4.937428e+02 7.186468e+02 1.209937e+03  
2.850426e-01 2.433780e+02 4.935302e+02 7.176487e+02 1.207508e+03  
2.890160e-01 2.441653e+02 4.937066e+02 7.171381e+02 1.205750e+03  
2.930447e-01 2.444708e+02 4.930911e+02 7.156157e+02 1.202566e+03  
2.971296e-01 2.436146e+02 4.906006e+02 7.117085e+02 1.196030e+03  
3.012714e-01 2.410760e+02 4.854144e+02 7.043794e+02 1.184688e+03  
3.054710e-01 2.365783e+02 4.771060e+02 6.930936e+02 1.167796e+03  
3.097291e-01 2.301318e+02 4.657066e+02 6.778985e+02 1.145434e+03  
3.140465e-01 2.220282e+02 4.516920e+02 6.594058e+02 1.118479e+03  
3.184242e-01 2.127921e+02 4.359048e+02 6.386904e+02 1.088457e+03  
3.228628e-01 2.030960e+02 4.194178e+02 6.171146e+02 1.057284e+03  
3.273634e-01 1.936454e+02 4.033534e+02 5.960982e+02 1.026942e+03  
3.319266e-01 1.850617e+02 3.886972e+02 5.768826e+02 9.991420e+02  
3.365535e-01 1.778071e+02 3.761798e+02 5.603826e+02 9.751295e+02  
3.412449e-01 1.721464e+02 3.662157e+02 5.471115e+02 9.555853e+02  
3.460016e-01 1.681290e+02 3.588743e+02 5.371478e+02 9.405922e+02  
3.508247e-01 1.655994e+02 3.538986e+02 5.301599e+02 9.296761e+02  
3.557150e-01 1.642162e+02 3.507377e+02 5.254500e+02 9.218693e+02  
3.606735e-01 1.634913e+02 3.486124e+02 5.220364e+02 9.158225e+02  
3.657011e-01 1.628685e+02 3.466430e+02 5.188147e+02 9.100224e+02  
3.707988e-01 1.618071e+02 3.439818e+02 5.147236e+02 9.030176e+02  
3.759675e-01 1.598739e+02 3.399566e+02 5.089246e+02 8.936647e+02  
3.812083e-01 1.568240e+02 3.341944e+02 5.009558e+02 8.813410e+02  
3.865221e-01 1.526412e+02 3.266791e+02 4.908039e+02 8.660430e+02  
3.919100e-01 1.475613e+02 3.177863e+02 4.789446e+02 8.484375e+02  
3.973730e-01 1.420070e+02 3.081781e+02 4.662094e+02 8.296711e+02  
4.029122e-01 1.364827e+02 2.986400e+02 4.535789e+02 8.110806e+02  
4.085286e-01 1.314455e+02 2.898805e+02 4.419331e+02 7.938514e+02  
4.142232e-01 1.272169e+02 2.823945e+02 4.318822e+02 7.787914e+02  
4.199973e-01 1.239517e+02 2.764162e+02 4.237101e+02 7.662638e+02  
4.258518e-01 1.216219e+02 2.718952e+02 4.173478e+02 7.561587e+02  
4.317880e-01 1.200207e+02 2.685047e+02 4.123855e+02 7.479166e+02  
4.378069e-01 1.188106e+02 2.657193e+02 4.081707e+02 7.406606e+02  
4.439097e-01 1.175982e+02 2.629323e+02 4.039534e+02 7.333908e+02  
4.500975e-01 1.160384e+02 2.596169e+02 3.990852e+02 7.252484e+02  
4.563716e-01 1.139065e+02 2.554343e+02 3.931523e+02 7.156919e+02  
4.627332e-01 1.111504e+02 2.503113e+02 3.860692e+02 7.046192e+02  
4.691835e-01 1.079066e+02 2.444609e+02 3.781023e+02 6.923955e+02  
4.757236e-01 1.044536e+02 2.383096e+02 3.697784e+02 6.797240e+02  
4.823549e-01 1.011172e+02 2.323524e+02 3.617047e+02 6.674037e+02  
4.890787e-01 9.816112e+01 2.269872e+02 3.543654e+02 6.560621e+02  
4.958962e-01 9.573554e+01 2.224372e+02 3.480291e+02 6.460380e+02  
5.028087e-01 9.384865e+01 2.187101e+02 3.427006e+02 6.373254e+02  
5.098176e-01 9.236525e+01 2.155976e+02 3.381226e+02 6.295824e+02  
5.169242e-01 9.105691e+01 2.127535e+02 3.338726e+02 6.222595e+02  
5.241298e-01 8.968314e+01 2.098169e+02 3.295128e+02 6.147939e+02  
5.314359e-01 8.806179e+01 2.065178e+02 3.247179e+02 6.067730e+02  
5.388438e-01 8.611631e+01 2.027455e+02 3.193572e+02 5.980373e+02  
5.463550e-01 8.391377e+01 1.986031e+02 3.135583e+02 5.887577e+02  
5.539709e-01 8.162283e+01 1.943428e+02 3.076269e+02 5.793279e+02  
5.616930e-01 7.943018e+01 1.902411e+02 3.018957e+02 5.701684e+02  
5.695227e-01 7.748170e+01 1.865120e+02 2.966193e+02 5.615953e+02  
5.774615e-01 7.583934e+01 1.832437e+02 2.919011e+02 5.537303e+02  
5.855110e-01 7.445278e+01 1.803595e+02 2.876461e+02 5.464485e+02  
5.936727e-01 7.319531e+01 1.776713e+02 2.836290e+02 5.394661e+02  
6.019482e-01 7.192742e+01 1.749750e+02 2.796062e+02 5.324819e+02  
6.103390e-01 7.053885e+01 1.721109e+02 2.753897e+02 5.252673e+02  
6.188468e-01 6.899907e+01 1.690368e+02 2.709311e+02 5.177681e+02  
6.274732e-01 6.736925e+01 1.658428e+02 2.663389e+02 5.101211e+02  
6.362198e-01 6.575057e+01 1.626758e+02 2.617868e+02 5.025389e+02  
6.450884e-01 6.425637e+01 1.596985e+02 2.574653e+02 4.952498e+02  
6.540806e-01 6.290670e+01 1.569381e+02 2.534050e+02 4.882866e+02  
6.631981e-01 6.169332e+01 1.543811e+02 2.495886e+02 4.816251e+02  
6.724427e-01 6.055188e+01 1.519345e+02 2.459065e+02 4.751328e+02  
6.818162e-01 5.939151e+01 1.494690e+02 2.422084e+02 4.686327e+02  
6.913204e-01 5.821292e+01 1.469860e+02 2.384963e+02 4.621286e+02  
7.009570e-01 5.702031e+01 1.444920e+02 2.347783e+02 4.556312e+02  
7.107280e-01 5.582104e+01 1.419977e+02 2.310671e+02 4.491566e+02  
7.206351e-01 5.463473e+01 1.395307e+02 2.273948e+02 4.427422e+02  
7.306804e-01 5.348557e+01 1.371248e+02 2.238000e+02 4.364320e+02  
7.408657e-01 5.239908e+01 1.348149e+02 2.203221e+02 4.302697e+02  
7.511929e-01 5.138094e+01 1.326081e+02 2.169684e+02 4.242619e+02  
7.616642e-01 5.040683e+01 1.304702e+02 2.136995e+02 4.183630e+02  
7.722814e-01 4.944815e+01 1.283614e+02 2.104703e+02 4.125227e+02  
7.830465e-01 4.847791e+01 1.262450e+02 2.072395e+02 4.066961e+02  
7.939618e-01 4.749947e+01 1.241260e+02 2.040132e+02 4.008910e+02  
8.050292e-01 4.653269e+01 1.220314e+02 2.008220e+02 3.951413e+02  
8.162509e-01 4.559903e+01 1.199903e+02 1.976980e+02 3.894813e+02  
8.276289e-01 4.471210e+01 1.180205e+02 1.946607e+02 3.839309e+02  
8.391656e-01 4.386227e+01 1.161086e+02 1.916947e+02 3.784728e+02  
8.508632e-01 4.303524e+01 1.142350e+02 1.887783e+02 3.730835e+02  
8.627237e-01 4.221616e+01 1.123800e+02 1.858896e+02 3.677406e+02  
8.747496e-01 4.140107e+01 1.105384e+02 1.830233e+02 3.624388e+02  
8.869432e-01 4.059658e+01 1.087190e+02 1.801889e+02 3.571882e+02  
8.993067e-01 3.981016e+01 1.069315e+02 1.773971e+02 3.519994e+02  
9.118425e-01 3.904823e+01 1.051841e+02 1.746563e+02 3.468809e+02  
9.245531e-01 3.830960e+01 1.034749e+02 1.719645e+02 3.418299e+02  
9.374409e-01 3.759043e+01 1.017989e+02 1.693160e+02 3.368406e+02  
9.505083e-01 3.688658e+01 1.001504e+02 1.667047e+02 3.319070e+02  
9.637579e-01 3.619546e+01 9.852612e+01 1.641271e+02 3.270255e+02  
9.771921e-01 3.551733e+01 9.692629e+01 1.615833e+02 3.221963e+02  
9.908137e-01 3.485272e+01 9.535149e+01 1.590739e+02 3.174198e+02  
1.004625e+00 3.420214e+01 9.380225e+01 1.565995e+02 3.126965e+02  
1.018629e+00 3.356572e+01 9.227860e+01 1.541598e+02 3.080261e+02  
1.032828e+00 3.294331e+01 9.078025e+01 1.517547e+02 3.034082e+02  
1.047225e+00 3.233474e+01 8.930685e+01 1.493835e+02 2.988421e+02  
1.061823e+00 3.173971e+01 8.785790e+01 1.470457e+02 2.943272e+02  
1.076624e+00 3.115763e+01 8.643256e+01 1.447404e+02 2.898625e+02  
1.091632e+00 3.058781e+01 8.502986e+01 1.424665e+02 2.854469e+02  
1.106848e+00 3.002947e+01 8.364877e+01 1.402229e+02 2.810795e+02  
1.122277e+00 2.948217e+01 8.228867e+01 1.380088e+02 2.767595e+02  
1.137921e+00 2.894584e+01 8.094937e+01 1.358242e+02 2.724867e+02  
1.153783e+00 2.842038e+01 7.963066e+01 1.336685e+02 2.682606e+02  
1.169866e+00 2.790568e+01 7.833229e+01 1.315417e+02 2.640810e+02  
1.186174e+00 2.740152e+01 7.705393e+01 1.294432e+02 2.599473e+02  
1.202708e+00 2.690765e+01 7.579517e+01 1.273725e+02 2.558592e+02  
1.219473e+00 2.642376e+01 7.455557e+01 1.253292e+02 2.518160e+02  
1.236472e+00 2.594958e+01 7.333469e+01 1.233129e+02 2.478174e+02  
1.253708e+00 2.548484e+01 7.213217e+01 1.213230e+02 2.438628e+02  
1.271184e+00 2.502928e+01 7.094758e+01 1.193591e+02 2.399519e+02  
1.288904e+00 2.458259e+01 6.978052e+01 1.174207e+02 2.360841e+02  
1.306870e+00 2.414455e+01 6.863065e+01 1.155075e+02 2.322593e+02  
1.325087e+00 2.371497e+01 6.749766e+01 1.136192e+02 2.284769e+02  
1.343558e+00 2.329364e+01 6.638125e+01 1.117553e+02 2.247366e+02  
1.362287e+00 2.288034e+01 6.528109e+01 1.099155e+02 2.210382e+02  
1.381276e+00 2.247491e+01 6.419692e+01 1.080995e+02 2.173813e+02  
1.400531e+00 2.207717e+01 6.312848e+01 1.063071e+02 2.137655e+02  
1.420053e+00 2.168693e+01 6.207546e+01 1.045378e+02 2.101907e+02  
1.439848e+00 2.130399e+01 6.103760e+01 1.027913e+02 2.066564e+02  
1.459919e+00 2.092821e+01 6.001466e+01 1.010675e+02 2.031625e+02  
1.480269e+00 2.055940e+01 5.900636e+01 9.936594e+01 1.997087e+02  
1.500903e+00 2.019737e+01 5.801245e+01 9.768637e+01 1.962946e+02  
1.521825e+00 1.984198e+01 5.703269e+01 9.602854e+01 1.929201e+02  
1.543038e+00 1.949308e+01 5.606685e+01 9.439218e+01 1.895849e+02  
1.564548e+00 1.915050e+01 5.511472e+01 9.277704e+01 1.862887e+02  
1.586357e+00 1.881409e+01 5.417605e+01 9.118286e+01 1.830314e+02  
1.608469e+00 1.849319e+01 5.325064e+01 8.960940e+01 1.798127e+02  
1.630891e+00 1.815922e+01 5.233828e+01 8.805643e+01 1.766324e+02  
1.653624e+00 1.784045e+01 5.143874e+01 8.652369e+01 1.734903e+02  
1.676675e+00 1.752728e+01 5.055185e+01 8.501099e+01 1.703861e+02  
1.700047e+00 1.721961e+01 4.967743e+01 8.351811e+01 1.673198e+02  
1.723745e+00 1.691732e+01 4.881531e+01 8.204486e+01 1.642910e+02  
1.747773e+00 1.662030e+01 4.796531e+01 8.059102e+01 1.612997e+02  
1.772136e+00 1.632843e+01 4.712726e+01 7.915641e+01 1.583456e+02  
1.796838e+00 1.604159e+01 4.630099e+01 7.774081e+01 1.554286e+02  
1.821885e+00 1.575965e+01 4.548632e+01 7.634404e+01 1.525484e+02  
1.847281e+00 1.548250e+01 4.468308e+01 7.496590e+01 1.497049e+02  
1.873032e+00 1.521005e+01 4.389114e+01 7.360621e+01 1.468980e+02  
1.899141e+00 1.494220e+01 4.311034e+01 7.226481e+01 1.441274e+02  
1.925614e+00 1.467885e+01 4.234053e+01 7.094151e+01 1.413930e+02  
1.952456e+00 1.441992e+01 4.158159e+01 6.963615e+01 1.386947e+02  
1.979672e+00 1.416531e+01 4.083336e+01 6.834857e+01 1.360322e+02  
2.007267e+00 1.391493e+01 4.009572e+01 6.707859e+01 1.334055e+02  
2.035248e+00 1.366867e+01 3.936852e+01 6.582605e+01 1.308143e+02  
2.063618e+00 1.342647e+01 3.865163e+01 6.459080e+01 1.282585e+02  
2.092383e+00 1.318825e+01 3.794495e+01 6.337268e+01 1.257379e+02  
2.121550e+00 1.295393e+01 3.724833e+01 6.217155e+01 1.232524e+02  
2.151123e+00 1.272342e+01 3.656167e+01 6.098724e+01 1.208018e+02  
2.181109e+00 1.249665e+01 3.588484e+01 5.981962e+01 1.183859e+02  
2.211512e+00 1.227357e+01 3.521774e+01 5.866854e+01 1.160046e+02  
2.242340e+00 1.205408e+01 3.456024e+01 5.753385e+01 1.136577e+02  
2.273597e+00 1.183812e+01 3.391225e+01 5.641542e+01 1.113451e+02  
2.305289e+00 1.162563e+01 3.327364e+01 5.531310e+01 1.090666e+02  
2.337424e+00 1.141653e+01 3.264432e+01 5.422675e+01 1.068218e+02  
2.370006e+00 1.121077e+01 3.202419e+01 5.315625e+01 1.046109e+02  
2.403043e+00 1.100829e+01 3.141313e+01 5.210145e+01 1.024335e+02  
2.436540e+00 1.080902e+01 3.081106e+01 5.106222e+01 1.002895e+02  
2.470504e+00 1.061292e+01 3.021787e+01 5.003843e+01 9.817862e+01  
2.504942e+00 1.041991e+01 2.963348e+01 4.902995e+01 9.610073e+01  
2.539859e+00 1.022997e+01 2.905778e+01 4.803666e+01 9.405561e+01  
2.575263e+00 1.004301e+01 2.849069e+01 4.705841e+01 9.204307e+01  
2.611161e+00 9.859002e+00 2.793210e+01 4.609509e+01 9.006292e+01  
2.647559e+00 9.677884e+00 2.738194e+01 4.514656e+01 8.811492e+01  
2.684465e+00 9.499615e+00 2.684011e+01 4.421271e+01 8.619888e+01  
2.721885e+00 9.324144e+00 2.630653e+01 4.329340e+01 8.431457e+01  
2.759826e+00 9.151424e+00 2.578111e+01 4.238852e+01 8.246177e+01  
2.798297e+00 8.981415e+00 2.526376e+01 4.149793e+01 8.064024e+01  
2.837304e+00 8.814073e+00 2.475441e+01 4.062152e+01 7.884975e+01  
2.876854e+00 8.649353e+00 2.425296e+01 3.975917e+01 7.709006e+01  
2.916956e+00 8.487214e+00 2.375934e+01 3.891074e+01 7.536092e+01  
2.957617e+00 8.327617e+00 2.327347e+01 3.807612e+01 7.366208e+01  
2.998844e+00 8.170520e+00 2.279526e+01 3.725519e+01 7.199329e+01  
3.040646e+00 8.015883e+00 2.232464e+01 3.644782e+01 7.035427e+01  
3.083031e+00 7.863673e+00 2.186152e+01 3.565389e+01 6.874477e+01  
3.126007e+00 7.713852e+00 2.140584e+01 3.487328e+01 6.716451e+01  
3.169582e+00 7.566385e+00 2.095751e+01 3.410587e+01 6.561321e+01  
3.213764e+00 7.421237e+00 2.051646e+01 3.335153e+01 6.409060e+01  
3.258562e+00 7.278377e+00 2.008261e+01 3.261015e+01 6.259637e+01  
3.303985e+00 7.137775e+00 1.965588e+01 3.188161e+01 6.113025e+01  
3.350041e+00 6.999387e+00 1.923621e+01 3.116577e+01 5.969194e+01  
3.396739e+00 6.863194e+00 1.882352e+01 3.046252e+01 5.828112e+01  
3.444087e+00 6.729160e+00 1.841773e+01 2.977173e+01 5.689751e+01  
3.492096e+00 6.597256e+00 1.801877e+01 2.909328e+01 5.554079e+01  
3.540774e+00 6.467450e+00 1.762657e+01 2.842705e+01 5.421065e+01  
3.590130e+00 6.339716e+00 1.724106e+01 2.777291e+01 5.290678e+01  
3.640175e+00 6.214027e+00 1.686216e+01 2.713073e+01 5.162886e+01  
3.690917e+00 6.090353e+00 1.648981e+01 2.650039e+01 5.037656e+01  
3.742366e+00 5.968669e+00 1.612393e+01 2.588177e+01 4.914956e+01  
3.794533e+00 5.848949e+00 1.576445e+01 2.527474e+01 4.794754e+01  
3.847427e+00 5.731166e+00 1.541131e+01 2.467916e+01 4.677017e+01  
3.901058e+00 5.615294e+00 1.506443e+01 2.409492e+01 4.561711e+01  
3.955436e+00 5.501309e+00 1.472374e+01 2.352188e+01 4.448804e+01  
4.010573e+00 5.389188e+00 1.438917e+01 2.295991e+01 4.338262e+01  
4.066478e+00 5.278905e+00 1.406066e+01 2.240889e+01 4.230052e+01  
4.123163e+00 5.170437e+00 1.373814e+01 2.186867e+01 4.124140e+01  
4.180637e+00 5.063762e+00 1.342153e+01 2.133914e+01 4.020493e+01  
4.238913e+00 4.958857e+00 1.311077e+01 2.082020e+01 3.919076e+01  
4.298001e+00 4.855697e+00 1.280580e+01 2.031160e+01 3.819856e+01  
4.357913e+00 4.754262e+00 1.250653e+01 1.981332e+01 3.722800e+01  
4.418660e+00 4.654531e+00 1.221291e+01 1.932519e+01 3.627873e+01  
4.480254e+00 4.556482e+00 1.192487e+01 1.884708e+01 3.535041e+01  
4.542706e+00 4.460094e+00 1.164234e+01 1.837885e+01 3.444272e+01  
4.606029e+00 4.365346e+00 1.136524e+01 1.792037e+01 3.355532e+01  
4.670234e+00 4.272217e+00 1.109352e+01 1.747150e+01 3.268786e+01  
4.735335e+00 4.180687e+00 1.082711e+01 1.703210e+01 3.184002e+01  
4.801343e+00 4.090736e+00 1.056593e+01 1.660205e+01 3.101147e+01  
4.868271e+00 4.002344e+00 1.030994e+01 1.618121e+01 3.020188e+01  
4.936132e+00 3.915492e+00 1.005904e+01 1.576943e+01 2.941088e+01  
5.004939e+00 3.830161e+00 9.813189e+00 1.536659e+01 2.863820e+01  
5.074705e+00 3.746331e+00 9.572307e+00 1.497254e+01 2.788348e+01  
5.145444e+00 3.663984e+00 9.336330e+00 1.458716e+01 2.714640e+01  
5.217169e+00 3.583100e+00 9.105192e+00 1.421031e+01 2.642665e+01  
5.289893e+00 3.503661e+00 8.878826e+00 1.384184e+01 2.572390e+01  
5.363631e+00 3.425649e+00 8.657165e+00 1.348164e+01 2.503784e+01  
5.438397e+00 3.349046e+00 8.440144e+00 1.312955e+01 2.436815e+01  
5.514206e+00 3.273834e+00 8.227695e+00 1.278545e+01 2.371452e+01  
5.591071e+00 3.203853e+00 8.019752e+00 1.244919e+01 2.307664e+01  
5.669007e+00 3.127507e+00 7.816251e+00 1.212066e+01 2.245420e+01  
5.748030e+00 3.056359e+00 7.617123e+00 1.179972e+01 2.184691e+01  
5.828155e+00 2.986530e+00 7.422305e+00 1.148622e+01 2.125446e+01  
5.909396e+00 2.918004e+00 7.231730e+00 1.118005e+01 2.067655e+01  
5.991770e+00 2.850764e+00 7.045333e+00 1.088107e+01 2.011289e+01  
6.075292e+00 2.784791e+00 6.863048e+00 1.058916e+01 1.956320e+01  
6.159978e+00 2.720070e+00 6.684810e+00 1.030417e+01 1.902718e+01  
6.245845e+00 2.656583e+00 6.510555e+00 1.002598e+01 1.850497e+01  
6.332908e+00 2.594314e+00 6.340218e+00 9.754477e+00 1.799503e+01  
6.421186e+00 2.533246e+00 6.173733e+00 9.489519e+00 1.749835e+01  
6.510694e+00 2.473363e+00 6.011037e+00 9.230986e+00 1.701423e+01  
6.601449e+00 2.414649e+00 5.852065e+00 8.978754e+00 1.654241e+01  
6.693470e+00 2.357086e+00 5.696754e+00 8.732700e+00 1.608261e+01  
6.786773e+00 2.300660e+00 5.545041e+00 8.492698e+00 1.563458e+01  
6.881377e+00 2.245354e+00 5.396863e+00 8.258574e+00 1.519806e+01  
6.977300e+00 2.191151e+00 5.252156e+00 8.030441e+00 1.477280e+01  
7.074559e+00 2.138037e+00 5.110860e+00 7.807843e+00 1.435854e+01  
7.173175e+00 2.085996e+00 4.972913e+00 7.590879e+00 1.395505e+01  
7.273165e+00 2.035012e+00 4.838252e+00 7.379375e+00 1.356207e+01  
7.374549e+00 1.985069e+00 4.706819e+00 7.173226e+00 1.317937e+01  
7.477346e+00 1.936153e+00 4.578552e+00 6.972318e+00 1.280672e+01  
7.581576e+00 1.888247e+00 4.453391e+00 6.776537e+00 1.244388e+01  
7.687260e+00 1.841337e+00 4.331276e+00 6.585777e+00 1.209060e+01  
7.794416e+00 1.795408e+00 4.212149e+00 6.399927e+00 1.174674e+01  
7.903066e+00 1.750444e+00 4.095951e+00 6.218882e+00 1.141199e+01  
8.013230e+00 1.706432e+00 3.982625e+00 6.042535e+00 1.108618e+01  
8.124930e+00 1.663356e+00 3.872112e+00 5.870784e+00 1.076909e+01  
8.238187e+00 1.621201e+00 3.764357e+00 5.703526e+00 1.046051e+01  
8.353023e+00 1.579953e+00 3.659303e+00 5.540663e+00 1.016024e+01  
8.469460e+00 1.539598e+00 3.556897e+00 5.382089e+00 9.868076e+00  
8.587519e+00 1.500122e+00 3.457083e+00 5.227713e+00 9.583825e+00  
8.707225e+00 1.461509e+00 3.359807e+00 5.077437e+00 9.307295e+00  
8.828599e+00 1.423747e+00 3.265016e+00 4.931167e+00 9.038293e+00  
8.951665e+00 1.386821e+00 3.172657e+00 4.788810e+00 8.776639e+00  
9.076446e+00 1.350717e+00 3.082678e+00 4.650274e+00 8.522149e+00  
9.202967e+00 1.315421e+00 2.995027e+00 4.515469e+00 8.274647e+00  
9.331251e+00 1.280921e+00 2.909653e+00 4.384300e+00 8.033958e+00  
9.461324e+00 1.247202e+00 2.826506e+00 4.256701e+00 7.799911e+00  
9.593209e+00 1.214251e+00 2.745537e+00 4.132568e+00 7.572340e+00  
9.726934e+00 1.182053e+00 2.666698e+00 4.011768e+00 7.351081e+00  
9.862522e+00 1.150599e+00 2.589940e+00 3.894394e+00 7.135973e+00  
1.000000e+01 1.119873e+00 2.515218e+00 3.780252e+00 6.926861e+00  
