1.000000e-02 6.593870e+03 1.187782e+04 1.597400e+04 2.366998e+04  
1.013939e-02 6.630020e+03 1.194270e+04 1.606101e+04 2.379829e+04  
1.028073e-02 6.665574e+03 1.200649e+04 1.614656e+04 2.392443e+04  
1.042404e-02 6.700505e+03 1.206916e+04 1.623058e+04 2.404829e+04  
1.056935e-02 6.734789e+03 1.213066e+04 1.631302e+04 2.416979e+04  
1.071668e-02 6.768401e+03 1.219093e+04 1.639381e+04 2.428885e+04  
1.086606e-02 6.801315e+03 1.224995e+04 1.647290e+04 2.440536e+04  
1.101753e-02 6.833505e+03 1.230765e+04 1.655022e+04 2.451923e+04  
1.117111e-02 6.864946e+03 1.236400e+04 1.662571e+04 2.463038e+04  
1.132683e-02 6.895612e+03 1.241894e+04 1.669931e+04 2.473870e+04  
1.148472e-02 6.925476e+03 1.247243e+04 1.677095e+04 2.484411e+04  
1.164481e-02 6.954514e+03 1.252443e+04 1.684057e+04 2.494652e+04  
1.180713e-02 6.982695e+03 1.257488e+04 1.690810e+04 2.504581e+04  
1.197171e-02 7.009990e+03 1.262372e+04 1.697347e+04 2.514188e+04  
1.213859e-02 7.036369e+03 1.267091e+04 1.703660e+04 2.523463e+04  
1.230780e-02 7.061801e+03 1.271638e+04 1.709742e+04 2.532393e+04  
1.247936e-02 7.086256e+03 1.276008e+04 1.715586e+04 2.540969e+04  
1.265332e-02 7.109702e+03 1.280197e+04 1.721183e+04 2.549180e+04  
1.282970e-02 7.132109e+03 1.284197e+04 1.726528e+04 2.557013e+04  
1.300854e-02 7.153447e+03 1.288004e+04 1.731612e+04 2.564460e+04  
1.318987e-02 7.173688e+03 1.291613e+04 1.736429e+04 2.571509e+04  
1.337373e-02 7.192805e+03 1.295019e+04 1.740971e+04 2.578150e+04  
1.356015e-02 7.210769e+03 1.298216e+04 1.745233e+04 2.584374e+04  
1.374917e-02 7.227553e+03 1.301200e+04 1.749208e+04 2.590172e+04  
1.394083e-02 7.243130e+03 1.303966e+04 1.752889e+04 2.595532e+04  
1.413516e-02 7.257475e+03 1.306509e+04 1.756269e+04 2.600447e+04  
1.433219e-02 7.270558e+03 1.308824e+04 1.759343e+04 2.604905e+04  
1.453198e-02 7.282346e+03 1.310906e+04 1.762101e+04 2.608896e+04  
1.473454e-02 7.292806e+03 1.312747e+04 1.764536e+04 2.612406e+04  
1.493993e-02 7.301905e+03 1.314343e+04 1.766640e+04 2.615425e+04  
1.514819e-02 7.309610e+03 1.315687e+04 1.768406e+04 2.617941e+04  
1.535935e-02 7.315888e+03 1.316774e+04 1.769824e+04 2.619941e+04  
1.557345e-02 7.320707e+03 1.317597e+04 1.770888e+04 2.621416e+04  
1.579053e-02 7.324038e+03 1.318152e+04 1.771589e+04 2.622353e+04  
1.601064e-02 7.325851e+03 1.318432e+04 1.771922e+04 2.622744e+04  
1.623382e-02 7.326120e+03 1.318434e+04 1.771880e+04 2.622577e+04  
1.646012e-02 7.324820e+03 1.318153e+04 1.771457e+04 2.621846e+04  
1.668956e-02 7.321925e+03 1.317585e+04 1.770647e+04 2.620540e+04  
1.692220e-02 7.317414e+03 1.316724e+04 1.769444e+04 2.618653e+04  
1.715809e-02 7.311265e+03 1.315569e+04 1.767844e+04 2.616175e+04  
1.739726e-02 7.303456e+03 1.314114e+04 1.765841e+04 2.613101e+04  
1.763977e-02 7.293963e+03 1.312355e+04 1.763429e+04 2.609422e+04  
1.788566e-02 7.282762e+03 1.310289e+04 1.760603e+04 2.605128e+04  
1.813498e-02 7.269828e+03 1.307910e+04 1.757357e+04 2.600211e+04  
1.838777e-02 7.255139e+03 1.305215e+04 1.753685e+04 2.594664e+04  
1.864409e-02 7.238675e+03 1.302200e+04 1.749584e+04 2.588480e+04  
1.890397e-02 7.220417e+03 1.298862e+04 1.745047e+04 2.581653e+04  
1.916748e-02 7.200350e+03 1.295198e+04 1.740073e+04 2.574176e+04  
1.943467e-02 7.178456e+03 1.291205e+04 1.734656e+04 2.566044e+04  
1.970558e-02 7.154721e+03 1.286880e+04 1.728793e+04 2.557253e+04  
1.998026e-02 7.129131e+03 1.282222e+04 1.722482e+04 2.547797e+04  
2.025878e-02 7.101677e+03 1.277228e+04 1.715719e+04 2.537673e+04  
2.054117e-02 7.072350e+03 1.271897e+04 1.708504e+04 2.526880e+04  
2.082751e-02 7.041148e+03 1.266229e+04 1.700835e+04 2.515416e+04  
2.111783e-02 7.008067e+03 1.260223e+04 1.692712e+04 2.503280e+04  
2.141220e-02 6.973107e+03 1.253879e+04 1.684136e+04 2.490473e+04  
2.171068e-02 6.936267e+03 1.247197e+04 1.675105e+04 2.476995e+04  
2.201331e-02 6.897551e+03 1.240178e+04 1.665622e+04 2.462846e+04  
2.232016e-02 6.856964e+03 1.232822e+04 1.655687e+04 2.448031e+04  
2.263130e-02 6.814516e+03 1.225133e+04 1.645303e+04 2.432553e+04  
2.294676e-02 6.770223e+03 1.217112e+04 1.634474e+04 2.416417e+04  
2.326663e-02 6.724102e+03 1.208762e+04 1.623205e+04 2.399631e+04  
2.359095e-02 6.676175e+03 1.200089e+04 1.611501e+04 2.382202e+04  
2.391980e-02 6.626458e+03 1.191094e+04 1.599366e+04 2.364137e+04  
2.425323e-02 6.574971e+03 1.181783e+04 1.586806e+04 2.345443e+04  
2.459130e-02 6.521740e+03 1.172158e+04 1.573825e+04 2.326130e+04  
2.493409e-02 6.466795e+03 1.162226e+04 1.560433e+04 2.306210e+04  
2.528166e-02 6.410172e+03 1.151993e+04 1.546639e+04 2.285696e+04  
2.563407e-02 6.351912e+03 1.141468e+04 1.532451e+04 2.264602e+04  
2.599140e-02 6.292061e+03 1.130657e+04 1.517881e+04 2.242945e+04  
2.635371e-02 6.230659e+03 1.119569e+04 1.502940e+04 2.220741e+04  
2.672106e-02 6.167749e+03 1.108212e+04 1.487638e+04 2.198005e+04  
2.709354e-02 6.103380e+03 1.096594e+04 1.471987e+04 2.174756e+04  
2.747121e-02 6.037609e+03 1.084725e+04 1.456001e+04 2.151013e+04  
2.785414e-02 5.970498e+03 1.072617e+04 1.439695e+04 2.126799e+04  
2.824241e-02 5.902116e+03 1.060283e+04 1.423086e+04 2.102140e+04  
2.863610e-02 5.832539e+03 1.047736e+04 1.406193e+04 2.077063e+04  
2.903527e-02 5.761834e+03 1.034987e+04 1.389031e+04 2.051592e+04  
2.944000e-02 5.690065e+03 1.022050e+04 1.371617e+04 2.025751e+04  
2.985038e-02 5.617305e+03 1.008937e+04 1.353969e+04 1.999566e+04  
3.026648e-02 5.543633e+03 9.956620e+03 1.336105e+04 1.973065e+04  
3.068838e-02 5.469136e+03 9.822411e+03 1.318046e+04 1.946280e+04  
3.111616e-02 5.393910e+03 9.686914e+03 1.299816e+04 1.919245e+04  
3.154990e-02 5.318056e+03 9.550313e+03 1.281440e+04 1.891997e+04  
3.198969e-02 5.241665e+03 9.412771e+03 1.262940e+04 1.864568e+04  
3.243561e-02 5.164820e+03 9.274436e+03 1.244335e+04 1.836989e+04  
3.288774e-02 5.087608e+03 9.135467e+03 1.225646e+04 1.809289e+04  
3.334618e-02 5.010123e+03 8.996033e+03 1.206897e+04 1.781504e+04  
3.381101e-02 4.932468e+03 8.856318e+03 1.188113e+04 1.753669e+04  
3.428231e-02 4.854754e+03 8.716522e+03 1.169319e+04 1.725825e+04  
3.476019e-02 4.777099e+03 8.576855e+03 1.150545e+04 1.698012e+04  
3.524473e-02 4.699613e+03 8.437517e+03 1.131817e+04 1.670272e+04  
3.573602e-02 4.622391e+03 8.298678e+03 1.113157e+04 1.642638e+04  
3.623416e-02 4.545533e+03 8.160516e+03 1.094591e+04 1.615144e+04  
3.673925e-02 4.469144e+03 8.023219e+03 1.076143e+04 1.587828e+04  
3.725137e-02 4.393336e+03 7.886988e+03 1.057839e+04 1.560731e+04  
3.777064e-02 4.318228e+03 7.752037e+03 1.039709e+04 1.533893e+04  
3.829714e-02 4.243948e+03 7.618592e+03 1.021784e+04 1.507361e+04  
3.883098e-02 4.170611e+03 7.486860e+03 1.004089e+04 1.481175e+04  
3.937226e-02 4.098284e+03 7.356961e+03 9.866428e+03 1.455358e+04  
3.992109e-02 4.027028e+03 7.229003e+03 9.694584e+03 1.429933e+04  
4.047757e-02 3.956905e+03 7.103097e+03 9.525510e+03 1.404920e+04  
4.104181e-02 3.887980e+03 6.979357e+03 9.359358e+03 1.380343e+04  
4.161391e-02 3.820318e+03 6.857899e+03 9.196284e+03 1.356224e+04  
4.219398e-02 3.753987e+03 6.738843e+03 9.036448e+03 1.332587e+04  
4.278214e-02 3.689058e+03 6.622318e+03 8.880021e+03 1.309457e+04  
4.337850e-02 3.625625e+03 6.508487e+03 8.727223e+03 1.286867e+04  
4.398317e-02 3.563789e+03 6.397532e+03 8.578294e+03 1.264851e+04  
4.459628e-02 3.503657e+03 6.289641e+03 8.433487e+03 1.243448e+04  
4.521792e-02 3.445340e+03 6.185011e+03 8.293063e+03 1.222696e+04  
4.584824e-02 3.388953e+03 6.083845e+03 8.157294e+03 1.202634e+04  
4.648734e-02 3.334617e+03 5.986356e+03 8.026464e+03 1.183305e+04  
4.713535e-02 3.282429e+03 5.892717e+03 7.900803e+03 1.164742e+04  
4.779239e-02 3.232388e+03 5.802923e+03 7.780301e+03 1.146944e+04  
4.845859e-02 3.184459e+03 5.716908e+03 7.664874e+03 1.129898e+04  
4.913407e-02 3.138600e+03 5.634598e+03 7.554415e+03 1.113589e+04  
4.981898e-02 3.094759e+03 5.555896e+03 7.448798e+03 1.097998e+04  
5.051342e-02 3.052876e+03 5.480694e+03 7.347876e+03 1.083103e+04  
5.121755e-02 3.012884e+03 5.408870e+03 7.251483e+03 1.068880e+04  
5.193150e-02 2.974741e+03 5.340345e+03 7.159514e+03 1.055313e+04  
5.265540e-02 2.938414e+03 5.275062e+03 7.071893e+03 1.042391e+04  
5.338938e-02 2.903868e+03 5.212952e+03 6.988523e+03 1.030100e+04  
5.413360e-02 2.871055e+03 5.153931e+03 6.909294e+03 1.018424e+04  
5.488820e-02 2.839923e+03 5.097901e+03 6.834072e+03 1.007342e+04  
5.565331e-02 2.810406e+03 5.044745e+03 6.762700e+03 9.968322e+03  
5.642908e-02 2.782422e+03 4.994313e+03 6.694977e+03 9.868645e+03  
5.721568e-02 2.755874e+03 4.946430e+03 6.630667e+03 9.774043e+03  
5.801323e-02 2.730651e+03 4.900899e+03 6.569507e+03 9.684131e+03  
5.882190e-02 2.706633e+03 4.857503e+03 6.511205e+03 9.598478e+03  
5.964185e-02 2.683685e+03 4.816000e+03 6.455440e+03 9.516612e+03  
6.047322e-02 2.661662e+03 4.776134e+03 6.401867e+03 9.438027e+03  
6.131619e-02 2.640411e+03 4.737628e+03 6.350118e+03 9.362180e+03  
6.217090e-02 2.619760e+03 4.700181e+03 6.299791e+03 9.288480e+03  
6.303753e-02 2.599526e+03 4.663464e+03 6.250443e+03 9.216278e+03  
6.391624e-02 2.579506e+03 4.627120e+03 6.201603e+03 9.144877e+03  
6.480720e-02 2.559519e+03 4.590828e+03 6.152840e+03 9.073645e+03  
6.571058e-02 2.539395e+03 4.554288e+03 6.103755e+03 9.001992e+03  
6.662655e-02 2.518951e+03 4.517176e+03 6.053916e+03 8.929283e+03  
6.755528e-02 2.497986e+03 4.479140e+03 6.002857e+03 8.854829e+03  
6.849697e-02 2.476297e+03 4.439823e+03 5.950098e+03 8.777923e+03  
6.945178e-02 2.453712e+03 4.398922e+03 5.895242e+03 8.697975e+03  
7.041990e-02 2.430061e+03 4.356143e+03 5.837893e+03 8.614403e+03  
7.140151e-02 2.405162e+03 4.311167e+03 5.777632e+03 8.526583e+03  
7.239681e-02 2.378825e+03 4.263662e+03 5.714014e+03 8.433855e+03  
7.340598e-02 2.350904e+03 4.213378e+03 5.646710e+03 8.335731e+03  
7.442922e-02 2.321301e+03 4.160144e+03 5.575493e+03 8.231870e+03  
7.546673e-02 2.289912e+03 4.103784e+03 5.500130e+03 8.121922e+03  
7.651869e-02 2.256629e+03 4.044113e+03 5.420376e+03 8.005523e+03  
7.758532e-02 2.221396e+03 3.981040e+03 5.336112e+03 7.882488e+03  
7.866682e-02 2.184227e+03 3.914591e+03 5.247375e+03 7.752868e+03  
7.976339e-02 2.145143e+03 3.844811e+03 5.154224e+03 7.616744e+03  
8.087525e-02 2.104172e+03 3.771754e+03 5.056733e+03 7.474221e+03  
8.200261e-02 2.061394e+03 3.695565e+03 4.955099e+03 7.325583e+03  
8.314568e-02 2.016941e+03 3.616483e+03 4.849638e+03 7.171296e+03  
8.430468e-02 1.970964e+03 3.534771e+03 4.740704e+03 7.011879e+03  
8.547985e-02 1.923627e+03 3.450727e+03 4.628693e+03 6.847913e+03  
8.667139e-02 1.875138e+03 3.364715e+03 4.514089e+03 6.680115e+03  
8.787954e-02 1.825731e+03 3.277147e+03 4.397445e+03 6.509299e+03  
8.910453e-02 1.775663e+03 3.188475e+03 4.279360e+03 6.336351e+03  
9.034660e-02 1.725203e+03 3.099175e+03 4.160466e+03 6.162208e+03  
9.160598e-02 1.674635e+03 3.009740e+03 4.041422e+03 5.987845e+03  
9.288292e-02 1.624263e+03 2.920703e+03 3.922936e+03 5.814308e+03  
9.417766e-02 1.574416e+03 2.832639e+03 3.805771e+03 5.642729e+03  
9.549045e-02 1.525424e+03 2.746122e+03 3.690690e+03 5.474237e+03  
9.682153e-02 1.477574e+03 2.661655e+03 3.578360e+03 5.309818e+03  
9.817117e-02 1.431165e+03 2.579757e+03 3.469470e+03 5.150492e+03  
9.953962e-02 1.386519e+03 2.500983e+03 3.364757e+03 4.997348e+03  
1.009272e-01 1.343925e+03 2.425840e+03 3.264889e+03 4.851373e+03  
1.023340e-01 1.303584e+03 2.354671e+03 3.170322e+03 4.713240e+03  
1.037605e-01 1.265693e+03 2.287815e+03 3.081504e+03 4.583610e+03  
1.052069e-01 1.230456e+03 2.225625e+03 2.998899e+03 4.463165e+03  
1.066734e-01 1.197993e+03 2.168302e+03 2.922773e+03 4.352298e+03  
1.081604e-01 1.168328e+03 2.115884e+03 2.853171e+03 4.251077e+03  
1.096681e-01 1.141477e+03 2.068393e+03 2.790121e+03 4.159539e+03  
1.111968e-01 1.117433e+03 2.025808e+03 2.733593e+03 4.077643e+03  
1.127468e-01 1.096096e+03 1.987949e+03 2.683343e+03 4.005031e+03  
1.143184e-01 1.077324e+03 1.954565e+03 2.639037e+03 3.941211e+03  
1.159120e-01 1.060959e+03 1.925371e+03 2.600296e+03 3.885627e+03  
1.175277e-01 1.046793e+03 1.900001e+03 2.566632e+03 3.837567e+03  
1.191660e-01 1.034574e+03 1.878012e+03 2.537455e+03 3.796161e+03  
1.208271e-01 1.024023e+03 1.858913e+03 2.512116e+03 3.760457e+03  
1.225114e-01 1.014831e+03 1.842165e+03 2.489897e+03 3.729400e+03  
1.242191e-01 1.006656e+03 1.827174e+03 2.470011e+03 3.701828e+03  
1.259506e-01 9.991265e+02 1.813291e+03 2.451601e+03 3.676473e+03  
1.277063e-01 9.918550e+02 1.799848e+03 2.433776e+03 3.652020e+03  
1.294865e-01 9.844547e+02 1.786175e+03 2.415654e+03 3.627152e+03  
1.312915e-01 9.765114e+02 1.771561e+03 2.396289e+03 3.600461e+03  
1.331216e-01 9.676377e+02 1.755340e+03 2.374799e+03 3.570628e+03  
1.349772e-01 9.575188e+02 1.736975e+03 2.350472e+03 3.536578e+03  
1.368587e-01 9.458297e+02 1.715912e+03 2.322574e+03 3.497205e+03  
1.387665e-01 9.323402e+02 1.691762e+03 2.290588e+03 3.451721e+03  
1.407008e-01 9.169374e+02 1.664337e+03 2.254266e+03 3.399740e+03  
1.426621e-01 8.995236e+02 1.633477e+03 2.213394e+03 3.340931e+03  
1.446507e-01 8.801318e+02 1.599246e+03 2.168057e+03 3.275408e+03  
1.466671e-01 8.588771e+02 1.561847e+03 2.118526e+03 3.203568e+03  
1.487115e-01 8.359182e+02 1.521559e+03 2.065171e+03 3.125960e+03  
1.507845e-01 8.115232e+02 1.478845e+03 2.008609e+03 3.043506e+03  
1.528864e-01 7.860052e+02 1.434246e+03 1.949558e+03 2.957284e+03  
1.550175e-01 7.597413e+02 1.388411e+03 1.888878e+03 2.868587e+03  
1.571784e-01 7.331737e+02 1.342098e+03 1.827576e+03 2.778925e+03  
1.593694e-01 7.067701e+02 1.296106e+03 1.766713e+03 2.689889e+03  
1.615909e-01 6.809956e+02 1.251231e+03 1.707342e+03 2.603057e+03  
1.638434e-01 6.563322e+02 1.208296e+03 1.650548e+03 2.520051e+03  
1.661273e-01 6.331691e+02 1.167960e+03 1.597206e+03 2.442174e+03  
1.684430e-01 6.118457e+02 1.130801e+03 1.548075e+03 2.370554e+03  
1.707910e-01 5.926120e+02 1.097240e+03 1.503708e+03 2.306012e+03  
1.731717e-01 5.755888e+02 1.067476e+03 1.464367e+03 2.248930e+03  
1.755856e-01 5.608334e+02 1.041603e+03 1.430170e+03 2.199482e+03  
1.780332e-01 5.482623e+02 1.019470e+03 1.400916e+03 2.157369e+03  
1.805149e-01 5.377431e+02 1.000845e+03 1.376297e+03 2.122132e+03  
1.830312e-01 5.290650e+02 9.853626e+02 1.355827e+03 2.093056e+03  
1.855825e-01 5.219715e+02 9.725807e+02 1.338924e+03 2.069277e+03  
1.881694e-01 5.161369e+02 9.619400e+02 1.324848e+03 2.049702e+03  
1.907924e-01 5.111870e+02 9.528020e+02 1.312757e+03 2.033080e+03  
1.934520e-01 5.066945e+02 9.444388e+02 1.301689e+03 2.017981e+03  
1.961486e-01 5.021972e+02 9.360669e+02 1.290610e+03 2.002857e+03  
1.988828e-01 4.972482e+02 9.269307e+02 1.278522e+03 1.986210e+03  
2.016551e-01 4.914177e+02 9.163064e+02 1.264466e+03 1.966596e+03  
2.044661e-01 4.844006e+02 9.036827e+02 1.247767e+03 1.942988e+03  
2.073162e-01 4.759716e+02 8.886845e+02 1.227929e+03 1.914629e+03  
2.102061e-01 4.660742e+02 8.712223e+02 1.204832e+03 1.881333e+03  
2.131362e-01 4.547553e+02 8.513810e+02 1.178590e+03 1.843266e+03  
2.161073e-01 4.422070e+02 8.294894e+02 1.149639e+03 1.801084e+03  
2.191197e-01 4.287013e+02 8.060097e+02 1.118592e+03 1.755715e+03  
2.221741e-01 4.145875e+02 7.815329e+02 1.086232e+03 1.708342e+03  
2.252711e-01 4.002627e+02 7.567287e+02 1.053445e+03 1.660304e+03  
2.284112e-01 3.861516e+02 7.323113e+02 1.021176e+03 1.613023e+03  
2.315951e-01 3.726565e+02 7.089552e+02 9.903126e+02 1.567831e+03  
2.348235e-01 3.601363e+02 6.872601e+02 9.616444e+02 1.525909e+03  
2.380968e-01 3.488706e+02 6.676917e+02 9.357819e+02 1.488162e+03  
2.414157e-01 3.390255e+02 6.505232e+02 9.130813e+02 1.455117e+03  
2.447809e-01 3.306623e+02 6.358519e+02 8.936676e+02 1.426954e+03  
2.481930e-01 3.237188e+02 6.235682e+02 8.773935e+02 1.403449e+03  
2.516527e-01 3.180237e+02 6.133801e+02 8.638735e+02 1.384026e+03  
2.551606e-01 3.133082e+02 6.048341e+02 8.525100e+02 1.367796e+03  
2.587174e-01 3.092315e+02 5.973578e+02 8.425502e+02 1.353637e+03  
2.623238e-01 3.054188e+02 5.903244e+02 8.331697e+02 1.340319e+03  
2.659804e-01 3.014931e+02 5.831061e+02 8.235426e+02 1.326606e+03  
2.696881e-01 2.971305e+02 5.751650e+02 8.129616e+02 1.311437e+03  
2.734474e-01 2.920934e+02 5.661088e+02 8.009107e+02 1.294038e+03  
2.772591e-01 2.862445e+02 5.557131e+02 7.870953e+02 1.273964e+03  
2.811239e-01 2.795608e+02 5.439434e+02 7.714712e+02 1.251150e+03  
2.850426e-01 2.721411e+02 5.309679e+02 7.542615e+02 1.225936e+03  
2.890160e-01 2.641931e+02 5.171335e+02 7.359245e+02 1.199013e+03  
2.930447e-01 2.560045e+02 5.029186e+02 7.170906e+02 1.171331e+03  
2.971296e-01 2.478958e+02 4.888543e+02 6.984580e+02 1.143936e+03  
3.012714e-01 2.401772e+02 4.754521e+02 6.806974e+02 1.117831e+03  
3.054710e-01 2.330963e+02 4.631185e+02 6.643399e+02 1.093802e+03  
3.097291e-01 2.268096e+02 4.521081e+02 6.497165e+02 1.072335e+03  
3.140465e-01 2.213743e+02 4.425116e+02 6.369431e+02 1.053598e+03  
3.184242e-01 2.167475e+02 4.342542e+02 6.259194e+02 1.037434e+03  
3.228628e-01 2.127817e+02 4.270898e+02 6.163220e+02 1.023363e+03  
3.273634e-01 2.092583e+02 4.206568e+02 6.076771e+02 1.010679e+03  
3.319266e-01 2.059222e+02 4.145354e+02 5.994358e+02 9.985689e+02  
3.365535e-01 2.025230e+02 4.083153e+02 5.910622e+02 9.862377e+02  
3.412449e-01 1.988584e+02 4.016665e+02 5.821256e+02 9.730484e+02  
3.460016e-01 1.948032e+02 3.943863e+02 5.723623e+02 9.586119e+02  
3.508247e-01 1.903282e+02 3.864297e+02 5.617152e+02 9.428473e+02  
3.557150e-01 1.855050e+02 3.779158e+02 5.503415e+02 9.259923e+02  
3.606735e-01 1.804892e+02 3.691001e+02 5.385756e+02 9.085465e+02  
3.657011e-01 1.754771e+02 3.603029e+02 5.268360e+02 8.911306e+02  
3.707988e-01 1.706581e+02 3.518316e+02 5.155226e+02 8.743345e+02  
3.759675e-01 1.661835e+02 3.439303e+02 5.049518e+02 8.586208e+02  
3.812083e-01 1.621470e+02 3.367488e+02 4.953164e+02 8.442687e+02  
3.865221e-01 1.585712e+02 3.303209e+02 4.866583e+02 8.313345e+02  
3.919100e-01 1.553923e+02 3.245412e+02 4.788391e+02 8.196114e+02  
3.973730e-01 1.524787e+02 3.191951e+02 4.715798e+02 8.086890e+02  
4.029122e-01 1.496684e+02 3.140206e+02 4.645404e+02 7.980702e+02  
4.085286e-01 1.468226e+02 3.087942e+02 4.574319e+02 7.873341e+02  
4.142232e-01 1.438428e+02 3.033587e+02 4.500517e+02 7.761875e+02  
4.199973e-01 1.406907e+02 2.976536e+02 4.423227e+02 7.645212e+02  
4.258518e-01 1.373851e+02 2.917108e+02 4.342874e+02 7.524013e+02  
4.317880e-01 1.340111e+02 2.856674e+02 4.261237e+02 7.400886e+02  
4.378069e-01 1.306857e+02 2.797109e+02 4.180736e+02 7.279351e+02  
4.439097e-01 1.275117e+02 2.740046e+02 4.103471e+02 7.162434e+02  
4.500975e-01 1.245563e+02 2.686544e+02 4.030794e+02 7.052061e+02  
4.563716e-01 1.218415e+02 2.636938e+02 3.963123e+02 6.948797e+02  
4.627332e-01 1.193401e+02 2.590781e+02 3.899872e+02 6.851773e+02  
4.691835e-01 1.169831e+02 2.546967e+02 3.839617e+02 6.758933e+02  
4.757236e-01 1.146793e+02 2.504048e+02 3.780502e+02 6.667621e+02  
4.823549e-01 1.123587e+02 2.460921e+02 3.721119e+02 6.575841e+02  
4.890787e-01 1.099871e+02 2.417054e+02 3.660795e+02 6.482655e+02  
4.958962e-01 1.075652e+02 2.372463e+02 3.599557e+02 6.388126e+02  
5.028087e-01 1.051310e+02 2.327750e+02 3.538182e+02 6.293371e+02  
5.098176e-01 1.027438e+02 2.283847e+02 3.477853e+02 6.200069e+02  
5.169242e-01 1.004580e+02 2.241603e+02 3.419647e+02 6.109725e+02  
5.241298e-01 9.829523e+01 2.201342e+02 3.363969e+02 6.022893e+02  
5.314359e-01 9.625988e+01 2.163127e+02 3.310891e+02 5.939653e+02  
5.388438e-01 9.432029e+01 2.126458e+02 3.259773e+02 5.859098e+02  
5.463550e-01 9.243143e+01 2.090630e+02 3.209726e+02 5.779988e+02  
5.539709e-01 9.055595e+01 2.055067e+02 3.160022e+02 5.701321e+02  
5.616930e-01 8.868061e+01 2.019565e+02 3.110409e+02 5.622759e+02  
5.695227e-01 8.680460e+01 1.984115e+02 3.060881e+02 5.544303e+02  
5.774615e-01 8.495354e+01 1.949113e+02 3.011934e+02 5.466645e+02  
5.855110e-01 8.315680e+01 1.915006e+02 2.964129e+02 5.390548e+02  
5.936727e-01 8.142785e+01 1.881998e+02 2.917716e+02 5.316343e+02  
6.019482e-01 7.977192e+01 1.850163e+02 2.872783e+02 5.244142e+02  
6.103390e-01 7.817801e+01 1.819327e+02 2.829111e+02 5.173639e+02  
6.188468e-01 7.662172e+01 1.789119e+02 2.786237e+02 5.104206e+02  
6.274732e-01 7.508792e+01 1.759307e+02 2.743875e+02 5.035466e+02  
6.362198e-01 7.357127e+01 1.729813e+02 2.701928e+02 4.967293e+02  
6.450884e-01 7.207573e+01 1.700696e+02 2.660470e+02 4.899792e+02  
6.540806e-01 7.061374e+01 1.672141e+02 2.619732e+02 4.833266e+02  
6.631981e-01 6.919700e+01 1.644323e+02 2.579923e+02 4.767986e+02  
6.724427e-01 6.782545e+01 1.617236e+02 2.541037e+02 4.703938e+02  
6.818162e-01 6.649264e+01 1.590782e+02 2.502949e+02 4.640960e+02  
6.913204e-01 6.519138e+01 1.564851e+02 2.465527e+02 4.578870e+02  
7.009570e-01 6.391451e+01 1.539339e+02 2.428641e+02 4.517508e+02  
7.107280e-01 6.266104e+01 1.514228e+02 2.392272e+02 4.456850e+02  
7.206351e-01 6.143392e+01 1.489562e+02 2.356471e+02 4.396961e+02  
7.306804e-01 6.023632e+01 1.465385e+02 2.321292e+02 4.337906e+02  
7.408657e-01 5.907031e+01 1.441726e+02 2.286768e+02 4.279724e+02  
7.511929e-01 5.793408e+01 1.418557e+02 2.252864e+02 4.222369e+02  
7.616642e-01 5.682482e+01 1.395834e+02 2.219527e+02 4.165775e+02  
7.722814e-01 5.573950e+01 1.373514e+02 2.186704e+02 4.109873e+02  
7.830465e-01 5.467671e+01 1.351574e+02 2.154368e+02 4.054632e+02  
7.939618e-01 5.363688e+01 1.330021e+02 2.122526e+02 4.000057e+02  
8.050292e-01 5.262054e+01 1.308859e+02 2.091184e+02 3.946156e+02  
8.162509e-01 5.162806e+01 1.288093e+02 2.060346e+02 3.892931e+02  
8.276289e-01 5.065873e+01 1.267712e+02 2.029998e+02 3.840363e+02  
8.391656e-01 4.971139e+01 1.247698e+02 2.000117e+02 3.788427e+02  
8.508632e-01 4.878473e+01 1.228031e+02 1.970682e+02 3.737092e+02  
8.627237e-01 4.787776e+01 1.208696e+02 1.941673e+02 3.686338e+02  
8.747496e-01 4.699031e+01 1.189691e+02 1.913087e+02 3.636158e+02  
8.869432e-01 4.612222e+01 1.171011e+02 1.884918e+02 3.586546e+02  
8.993067e-01 4.527328e+01 1.152652e+02 1.857163e+02 3.537495e+02  
9.118425e-01 4.444310e+01 1.134608e+02 1.829812e+02 3.488993e+02  
9.245531e-01 4.363108e+01 1.116871e+02 1.802854e+02 3.441029e+02  
9.374409e-01 4.283655e+01 1.099428e+02 1.776277e+02 3.393586e+02  
9.505083e-01 4.205885e+01 1.082271e+02 1.750070e+02 3.346652e+02  
9.637579e-01 4.129759e+01 1.065394e+02 1.724224e+02 3.300216e+02  
9.771921e-01 4.055239e+01 1.048790e+02 1.698733e+02 3.254270e+02  
9.908137e-01 3.982283e+01 1.032452e+02 1.673589e+02 3.208805e+02  
1.004625e+00 3.910850e+01 1.016375e+02 1.648783e+02 3.163813e+02  
1.018629e+00 3.840907e+01 1.000552e+02 1.624311e+02 3.119284e+02  
1.032828e+00 3.772416e+01 9.849792e+01 1.600164e+02 3.075212e+02  
1.047225e+00 3.705333e+01 9.696485e+01 1.576335e+02 3.031587e+02  
1.061823e+00 3.639622e+01 9.545549e+01 1.552818e+02 2.988403e+02  
1.076624e+00 3.575249e+01 9.396928e+01 1.529606e+02 2.945652e+02  
1.091632e+00 3.512173e+01 9.250562e+01 1.506693e+02 2.903328e+02  
1.106848e+00 3.450354e+01 9.106395e+01 1.484071e+02 2.861421e+02  
1.122277e+00 3.389769e+01 8.964388e+01 1.461737e+02 2.819929e+02  
1.137921e+00 3.330391e+01 8.824497e+01 1.439684e+02 2.778845e+02  
1.153783e+00 3.272188e+01 8.686679e+01 1.417909e+02 2.738165e+02  
1.169866e+00 3.215132e+01 8.550887e+01 1.396406e+02 2.697882e+02  
1.186174e+00 3.159193e+01 8.417080e+01 1.375171e+02 2.657992e+02  
1.202708e+00 3.104339e+01 8.285208e+01 1.354197e+02 2.618490e+02  
1.219473e+00 3.050535e+01 8.155225e+01 1.333479e+02 2.579371e+02  
1.236472e+00 2.997758e+01 8.027094e+01 1.313014e+02 2.540630e+02  
1.253708e+00 2.945986e+01 7.900783e+01 1.294987e+02 2.502265e+02  
1.271184e+00 2.895193e+01 7.776254e+01 1.272827e+02 2.464271e+02  
1.288904e+00 2.845353e+01 7.653471e+01 1.253096e+02 2.426645e+02  
1.306870e+00 2.796448e+01 7.532403e+01 1.233603e+02 2.389383e+02  
1.325087e+00 2.746756e+01 7.413016e+01 1.214343e+02 2.352484e+02  
1.343558e+00 2.703035e+01 7.295274e+01 1.195313e+02 2.315943e+02  
1.362287e+00 2.655087e+01 7.179148e+01 1.176509e+02 2.279757e+02  
1.381276e+00 2.609681e+01 7.064609e+01 1.157929e+02 2.243925e+02  
1.400531e+00 2.565097e+01 6.951629e+01 1.139570e+02 2.208444e+02  
1.420053e+00 2.521313e+01 6.840176e+01 1.121428e+02 2.173312e+02  
1.439848e+00 2.478313e+01 6.730227e+01 1.103500e+02 2.138527e+02  
1.459919e+00 2.436078e+01 6.621756e+01 1.085785e+02 2.104086e+02  
1.480269e+00 2.394588e+01 6.514736e+01 1.068278e+02 2.069988e+02  
1.500903e+00 2.353825e+01 6.409141e+01 1.050978e+02 2.036232e+02  
1.521825e+00 2.313775e+01 6.304951e+01 1.033882e+02 2.002815e+02  
1.543038e+00 2.274419e+01 6.202143e+01 1.016988e+02 1.969737e+02  
1.564548e+00 2.235740e+01 6.100691e+01 1.000293e+02 1.936996e+02  
1.586357e+00 2.197724e+01 6.000578e+01 9.837959e+01 1.904592e+02  
1.608469e+00 2.160357e+01 5.901784e+01 9.674941e+01 1.872522e+02  
1.630891e+00 2.123625e+01 5.804289e+01 9.513856e+01 1.840786e+02  
1.653624e+00 2.087512e+01 5.708072e+01 9.354684e+01 1.809384e+02  
1.676675e+00 2.052005e+01 5.613117e+01 9.197408e+01 1.778314e+02  
1.700047e+00 2.017090e+01 5.519404e+01 9.042008e+01 1.747576e+02  
1.723745e+00 1.982752e+01 5.426915e+01 8.888465e+01 1.717168e+02  
1.747773e+00 1.948979e+01 5.335632e+01 8.736764e+01 1.687091e+02  
1.772136e+00 1.915760e+01 5.245542e+01 8.586888e+01 1.657344e+02  
1.796838e+00 1.883083e+01 5.156629e+01 8.438822e+01 1.627927e+02  
1.821885e+00 1.850937e+01 5.068876e+01 8.292550e+01 1.598839e+02  
1.847281e+00 1.819311e+01 4.982271e+01 8.148059e+01 1.570079e+02  
1.873032e+00 1.788195e+01 4.896798e+01 8.005333e+01 1.541648e+02  
1.899141e+00 1.757575e+01 4.812443e+01 7.864358e+01 1.513545e+02  
1.925614e+00 1.727443e+01 4.729192e+01 7.725120e+01 1.485770e+02  
1.952456e+00 1.697789e+01 4.647033e+01 7.587607e+01 1.458322e+02  
1.979672e+00 1.668604e+01 4.565954e+01 7.451807e+01 1.431202e+02  
2.007267e+00 1.639878e+01 4.485942e+01 7.317706e+01 1.404409e+02  
2.035248e+00 1.611603e+01 4.406986e+01 7.185293e+01 1.377944e+02  
2.063618e+00 1.583769e+01 4.329073e+01 7.054556e+01 1.351804e+02  
2.092383e+00 1.556368e+01 4.252192e+01 6.925483e+01 1.325992e+02  
2.121550e+00 1.529391e+01 4.176332e+01 6.798062e+01 1.300506e+02  
2.151123e+00 1.502831e+01 4.101483e+01 6.672284e+01 1.275345e+02  
2.181109e+00 1.476680e+01 4.027633e+01 6.548137e+01 1.250511e+02  
2.211512e+00 1.450930e+01 3.954774e+01 6.425611e+01 1.226002e+02  
2.242340e+00 1.425574e+01 3.882895e+01 6.304695e+01 1.201818e+02  
2.273597e+00 1.400605e+01 3.811986e+01 6.185379e+01 1.177959e+02  
2.305289e+00 1.376017e+01 3.742038e+01 6.067654e+01 1.154424e+02  
2.337424e+00 1.351802e+01 3.673042e+01 5.951509e+01 1.131213e+02  
2.370006e+00 1.327954e+01 3.604989e+01 5.836934e+01 1.108325e+02  
2.403043e+00 1.304468e+01 3.537869e+01 5.723921e+01 1.085760e+02  
2.436540e+00 1.281336e+01 3.471675e+01 5.612460e+01 1.063517e+02  
2.470504e+00 1.258553e+01 3.406397e+01 5.502541e+01 1.041596e+02  
2.504942e+00 1.236112e+01 3.342028e+01 5.394155e+01 1.019995e+02  
2.539859e+00 1.214010e+01 3.278558e+01 5.287292e+01 9.987137e+01  
2.575263e+00 1.192238e+01 3.215981e+01 5.181945e+01 9.777513e+01  
2.611161e+00 1.170794e+01 3.154287e+01 5.078102e+01 9.571067e+01  
2.647559e+00 1.149671e+01 3.093470e+01 4.975757e+01 9.367788e+01  
2.684465e+00 1.128865e+01 3.033521e+01 4.874898e+01 9.167664e+01  
2.721885e+00 1.108370e+01 2.974433e+01 4.775518e+01 8.970683e+01  
2.759826e+00 1.088182e+01 2.916198e+01 4.677607e+01 8.776831e+01  
2.798297e+00 1.068297e+01 2.858810e+01 4.581157e+01 8.586095e+01  
2.837304e+00 1.048710e+01 2.802260e+01 4.486158e+01 8.398458e+01  
2.876854e+00 1.029416e+01 2.746542e+01 4.392601e+01 8.213905e+01  
2.916956e+00 1.010412e+01 2.691649e+01 4.300478e+01 8.032418e+01  
2.957617e+00 9.916933e+00 2.637572e+01 4.209776e+01 7.853981e+01  
2.998844e+00 9.732556e+00 2.584306e+01 4.120490e+01 7.678574e+01  
3.040646e+00 9.550951e+00 2.531843e+01 4.032610e+01 7.506178e+01  
3.083031e+00 9.372081e+00 2.480177e+01 3.946125e+01 7.336771e+01  
3.126007e+00 9.195909e+00 2.429300e+01 3.861026e+01 7.170334e+01  
3.169582e+00 9.022397e+00 2.379207e+01 3.777304e+01 7.006844e+01  
3.213764e+00 8.851512e+00 2.329889e+01 3.694949e+01 6.846277e+01  
3.258562e+00 8.683219e+00 2.281342e+01 3.613952e+01 6.688611e+01  
3.303985e+00 8.517484e+00 2.233556e+01 3.534301e+01 6.533819e+01  
3.350041e+00 8.354274e+00 2.186528e+01 3.455987e+01 6.381879e+01  
3.396739e+00 8.193557e+00 2.140248e+01 3.379001e+01 6.232764e+01  
3.444087e+00 8.035300e+00 2.094712e+01 3.303330e+01 6.086446e+01  
3.492096e+00 7.879471e+00 2.049912e+01 3.228966e+01 5.942899e+01  
3.540774e+00 7.726042e+00 2.005843e+01 3.155897e+01 5.802094e+01  
3.590130e+00 7.574982e+00 1.962496e+01 3.084112e+01 5.664003e+01  
3.640175e+00 7.426262e+00 1.919867e+01 3.013601e+01 5.528598e+01  
3.690917e+00 7.279854e+00 1.877948e+01 2.944352e+01 5.395848e+01  
3.742366e+00 7.135729e+00 1.836733e+01 2.876354e+01 5.265723e+01  
3.794533e+00 6.993861e+00 1.796215e+01 2.809595e+01 5.138193e+01  
3.847427e+00 6.854222e+00 1.756389e+01 2.744063e+01 5.013227e+01  
3.901058e+00 6.716786e+00 1.717246e+01 2.679748e+01 4.890793e+01  
3.955436e+00 6.581527e+00 1.678782e+01 2.616637e+01 4.770860e+01  
4.010573e+00 6.448418e+00 1.640990e+01 2.554717e+01 4.653395e+01  
4.066478e+00 6.317435e+00 1.603862e+01 2.493976e+01 4.538366e+01  
4.123163e+00 6.188552e+00 1.567393e+01 2.434402e+01 4.425740e+01  
4.180637e+00 6.061746e+00 1.531575e+01 2.375982e+01 4.315484e+01  
4.238913e+00 5.936991e+00 1.496403e+01 2.318703e+01 4.207565e+01  
4.298001e+00 5.814263e+00 1.461870e+01 2.262552e+01 4.101950e+01  
4.357913e+00 5.693541e+00 1.427968e+01 2.207517e+01 3.998605e+01  
4.418660e+00 5.574799e+00 1.394693e+01 2.153583e+01 3.897497e+01  
4.480254e+00 5.458015e+00 1.362035e+01 2.100737e+01 3.798591e+01  
4.542706e+00 5.343167e+00 1.329991e+01 2.048967e+01 3.701855e+01  
4.606029e+00 5.230231e+00 1.298551e+01 1.998257e+01 3.607253e+01  
4.670234e+00 5.119186e+00 1.267711e+01 1.948595e+01 3.514753e+01  
4.735335e+00 5.010010e+00 1.237462e+01 1.899967e+01 3.424321e+01  
4.801343e+00 4.902681e+00 1.207798e+01 1.852358e+01 3.335921e+01  
4.868271e+00 4.797177e+00 1.178713e+01 1.805755e+01 3.249522e+01  
4.936132e+00 4.693477e+00 1.150199e+01 1.760144e+01 3.165089e+01  
5.004939e+00 4.591560e+00 1.122249e+01 1.715510e+01 3.082589e+01  
5.074705e+00 4.491405e+00 1.094858e+01 1.671839e+01 3.001988e+01  
5.145444e+00 4.392990e+00 1.068016e+01 1.629117e+01 2.923253e+01  
5.217169e+00 4.296297e+00 1.041719e+01 1.587330e+01 2.846350e+01  
5.289893e+00 4.201303e+00 1.015958e+01 1.546464e+01 2.771247e+01  
5.363631e+00 4.107989e+00 9.907265e+00 1.506504e+01 2.697911e+01  
5.438397e+00 4.016334e+00 9.660178e+00 1.467434e+01 2.626309e+01  
5.514206e+00 3.926321e+00 9.418245e+00 1.429243e+01 2.556410e+01  
5.591071e+00 3.837924e+00 9.181397e+00 1.391916e+01 2.488180e+01  
5.669007e+00 3.751128e+00 8.949561e+00 1.355437e+01 2.421588e+01  
5.748030e+00 3.665912e+00 8.722666e+00 1.319792e+01 2.356603e+01  
5.828155e+00 3.582257e+00 8.500642e+00 1.284969e+01 2.293193e+01  
5.909396e+00 3.500144e+00 8.283417e+00 1.250952e+01 2.231327e+01  
5.991770e+00 3.419552e+00 8.070919e+00 1.217727e+01 2.170975e+01  
6.075292e+00 3.340464e+00 7.863076e+00 1.185280e+01 2.112089e+01  
6.159978e+00 3.262859e+00 7.659817e+00 1.153598e+01 2.054689e+01  
6.245845e+00 3.186719e+00 7.461071e+00 1.122666e+01 1.998697e+01  
6.332908e+00 3.112026e+00 7.266765e+00 1.092471e+01 1.944098e+01  
6.421186e+00 3.038760e+00 7.076829e+00 1.062999e+01 1.890865e+01  
6.510694e+00 2.966903e+00 6.891190e+00 1.034236e+01 1.838968e+01  
6.601449e+00 2.896436e+00 6.709778e+00 1.006169e+01 1.788379e+01  
6.693470e+00 2.827341e+00 6.532523e+00 9.787846e+00 1.739071e+01  
6.786773e+00 2.759600e+00 6.359352e+00 9.520702e+00 1.691015e+01  
6.881377e+00 2.693194e+00 6.184244e+00 9.260099e+00 1.644184e+01  
6.977300e+00 2.628105e+00 6.024986e+00 9.005947e+00 1.598553e+01  
7.074559e+00 2.564316e+00 5.863651e+00 8.814877e+00 1.554094e+01  
7.173175e+00 2.501809e+00 5.706123e+00 8.516408e+00 1.510781e+01  
7.273165e+00 2.440564e+00 5.552332e+00 8.280773e+00 1.468590e+01  
7.374549e+00 2.380566e+00 5.402211e+00 8.051063e+00 1.427494e+01  
7.477346e+00 2.321796e+00 5.255690e+00 7.827153e+00 1.387469e+01  
7.581576e+00 2.264236e+00 5.112702e+00 7.608923e+00 1.348489e+01  
7.687260e+00 2.207870e+00 4.973181e+00 7.396250e+00 1.310534e+01  
7.794416e+00 2.152679e+00 4.837060e+00 7.189017e+00 1.273577e+01  
7.903066e+00 2.098647e+00 4.704272e+00 6.987107e+00 1.237595e+01  
8.013230e+00 2.045756e+00 4.574753e+00 6.790406e+00 1.202567e+01  
8.124930e+00 1.993990e+00 4.448437e+00 6.598793e+00 1.168469e+01  
8.238187e+00 1.943330e+00 4.325261e+00 6.412164e+00 1.135280e+01  
8.353023e+00 1.893761e+00 4.205161e+00 6.230404e+00 1.102977e+01  
8.469460e+00 1.845265e+00 4.088076e+00 6.053405e+00 1.071541e+01  
8.587519e+00 1.797826e+00 3.973944e+00 5.881059e+00 1.040950e+01  
8.707225e+00 1.751427e+00 3.862702e+00 5.713261e+00 1.011183e+01  
8.828599e+00 1.706051e+00 3.754291e+00 5.549908e+00 9.822205e+00  
8.951665e+00 1.661683e+00 3.648642e+00 5.390885e+00 9.540432e+00  
9.076446e+00 1.618305e+00 3.545720e+00 5.236118e+00 9.266317e+00  
9.202967e+00 1.575901e+00 3.445443e+00 5.085604e+00 8.999669e+00  
9.331251e+00 1.534456e+00 3.347761e+00 4.938908e+00 8.740306e+00  
9.461324e+00 1.493952e+00 3.252617e+00 4.796271e+00 8.488044e+00  
9.593209e+00 1.454373e+00 3.159955e+00 4.657482e+00 8.242708e+00  
9.726934e+00 1.415706e+00 3.069721e+00 4.522487e+00 8.004123e+00  
9.862522e+00 1.377936e+00 2.981860e+00 4.391123e+00 7.772119e+00  
1.000000e+01 1.341042e+00 2.896320e+00 4.263369e+00 7.546519e+00  
