1.000000e-02 5.302125e+03 9.803417e+03 1.334824e+04 1.998381e+04  
1.013939e-02 5.331991e+03 9.858420e+03 1.342292e+04 2.009509e+04  
1.028073e-02 5.361417e+03 9.912604e+03 1.349647e+04 2.020468e+04  
1.042404e-02 5.390383e+03 9.965934e+03 1.356886e+04 2.031251e+04  
1.056935e-02 5.418871e+03 1.001837e+04 1.364003e+04 2.041850e+04  
1.071668e-02 5.446862e+03 1.006989e+04 1.370993e+04 2.052259e+04  
1.086606e-02 5.474334e+03 1.012044e+04 1.377852e+04 2.062470e+04  
1.101753e-02 5.501270e+03 1.016999e+04 1.384574e+04 2.072475e+04  
1.117111e-02 5.527650e+03 1.021850e+04 1.391155e+04 2.082267e+04  
1.132683e-02 5.553454e+03 1.026595e+04 1.397589e+04 2.091840e+04  
1.148472e-02 5.578666e+03 1.031230e+04 1.403873e+04 2.101185e+04  
1.164481e-02 5.603265e+03 1.035751e+04 1.410002e+04 2.110297e+04  
1.180713e-02 5.627235e+03 1.040154e+04 1.415971e+04 2.119169e+04  
1.197171e-02 5.650556e+03 1.044438e+04 1.421775e+04 2.127793e+04  
1.213859e-02 5.673210e+03 1.048597e+04 1.427410e+04 2.136163e+04  
1.230780e-02 5.695177e+03 1.052629e+04 1.432870e+04 2.144270e+04  
1.247936e-02 5.716433e+03 1.056529e+04 1.438151e+04 2.152107e+04  
1.265332e-02 5.736954e+03 1.060292e+04 1.443244e+04 2.159664e+04  
1.282970e-02 5.756717e+03 1.063914e+04 1.448146e+04 2.166932e+04  
1.300854e-02 5.775697e+03 1.067392e+04 1.452850e+04 2.173902e+04  
1.318987e-02 5.793871e+03 1.070719e+04 1.457349e+04 2.180566e+04  
1.337373e-02 5.811216e+03 1.073893e+04 1.461638e+04 2.186914e+04  
1.356015e-02 5.827708e+03 1.076908e+04 1.465711e+04 2.192938e+04  
1.374917e-02 5.843327e+03 1.079762e+04 1.469563e+04 2.198631e+04  
1.394083e-02 5.858053e+03 1.082449e+04 1.473189e+04 2.203984e+04  
1.413516e-02 5.871864e+03 1.084968e+04 1.476584e+04 2.208990e+04  
1.433219e-02 5.884743e+03 1.087313e+04 1.479743e+04 2.213642e+04  
1.453198e-02 5.896670e+03 1.089481e+04 1.482661e+04 2.217933e+04  
1.473454e-02 5.907626e+03 1.091470e+04 1.485333e+04 2.221855e+04  
1.493993e-02 5.917592e+03 1.093275e+04 1.487755e+04 2.225403e+04  
1.514819e-02 5.926544e+03 1.094893e+04 1.489921e+04 2.228566e+04  
1.535935e-02 5.934460e+03 1.096318e+04 1.491825e+04 2.231337e+04  
1.557345e-02 5.941316e+03 1.097546e+04 1.493461e+04 2.233706e+04  
1.579053e-02 5.947090e+03 1.098574e+04 1.494824e+04 2.235666e+04  
1.601064e-02 5.951759e+03 1.099398e+04 1.495908e+04 2.237208e+04  
1.623382e-02 5.955303e+03 1.100013e+04 1.496707e+04 2.238323e+04  
1.646012e-02 5.957700e+03 1.100415e+04 1.497217e+04 2.239006e+04  
1.668956e-02 5.958931e+03 1.100602e+04 1.497433e+04 2.239248e+04  
1.692220e-02 5.958978e+03 1.100570e+04 1.497350e+04 2.239042e+04  
1.715809e-02 5.957825e+03 1.100315e+04 1.496964e+04 2.238383e+04  
1.739726e-02 5.955453e+03 1.099835e+04 1.496272e+04 2.237265e+04  
1.763977e-02 5.951850e+03 1.099126e+04 1.495268e+04 2.235681e+04  
1.788566e-02 5.947000e+03 1.098187e+04 1.493950e+04 2.233627e+04  
1.813498e-02 5.940892e+03 1.097015e+04 1.492315e+04 2.231099e+04  
1.838777e-02 5.933510e+03 1.095608e+04 1.490359e+04 2.228090e+04  
1.864409e-02 5.924838e+03 1.093961e+04 1.488078e+04 2.224595e+04  
1.890397e-02 5.914863e+03 1.092074e+04 1.485469e+04 2.220610e+04  
1.916748e-02 5.903572e+03 1.089944e+04 1.482529e+04 2.216129e+04  
1.943467e-02 5.890955e+03 1.087568e+04 1.479254e+04 2.211148e+04  
1.970558e-02 5.877002e+03 1.084945e+04 1.475644e+04 2.205666e+04  
1.998026e-02 5.861707e+03 1.082075e+04 1.471696e+04 2.199678e+04  
2.025878e-02 5.845062e+03 1.078954e+04 1.467408e+04 2.193183e+04  
2.054117e-02 5.827058e+03 1.075583e+04 1.462779e+04 2.186178e+04  
2.082751e-02 5.807692e+03 1.071960e+04 1.457807e+04 2.178660e+04  
2.111783e-02 5.786959e+03 1.068084e+04 1.452492e+04 2.170630e+04  
2.141220e-02 5.764859e+03 1.063956e+04 1.446834e+04 2.162087e+04  
2.171068e-02 5.741394e+03 1.059577e+04 1.440832e+04 2.153032e+04  
2.201331e-02 5.716569e+03 1.054946e+04 1.434490e+04 2.143466e+04  
2.232016e-02 5.690388e+03 1.050064e+04 1.427806e+04 2.133393e+04  
2.263130e-02 5.662853e+03 1.044933e+04 1.420784e+04 2.122813e+04  
2.294676e-02 5.633973e+03 1.039554e+04 1.413423e+04 2.111729e+04  
2.326663e-02 5.603757e+03 1.033928e+04 1.405728e+04 2.100145e+04  
2.359095e-02 5.572219e+03 1.028059e+04 1.397702e+04 2.088066e+04  
2.391980e-02 5.539374e+03 1.021949e+04 1.389348e+04 2.075500e+04  
2.425323e-02 5.505244e+03 1.015602e+04 1.380673e+04 2.062453e+04  
2.459130e-02 5.469847e+03 1.009021e+04 1.371680e+04 2.048933e+04  
2.493409e-02 5.433200e+03 1.002211e+04 1.362375e+04 2.034947e+04  
2.528166e-02 5.395324e+03 9.951736e+03 1.352762e+04 2.020503e+04  
2.563407e-02 5.356242e+03 9.879147e+03 1.342848e+04 2.005609e+04  
2.599140e-02 5.315983e+03 9.804392e+03 1.332640e+04 1.990277e+04  
2.635371e-02 5.274578e+03 9.727532e+03 1.322146e+04 1.974520e+04  
2.672106e-02 5.232066e+03 9.648634e+03 1.311376e+04 1.958350e+04  
2.709354e-02 5.188483e+03 9.567769e+03 1.300339e+04 1.941783e+04  
2.747121e-02 5.143862e+03 9.484997e+03 1.289043e+04 1.924831e+04  
2.785414e-02 5.098239e+03 9.400386e+03 1.277497e+04 1.907508e+04  
2.824241e-02 5.051655e+03 9.314012e+03 1.265713e+04 1.889829e+04  
2.863610e-02 5.004156e+03 9.225960e+03 1.253702e+04 1.871811e+04  
2.903527e-02 4.955793e+03 9.136326e+03 1.241476e+04 1.853475e+04  
2.944000e-02 4.906622e+03 9.045213e+03 1.229050e+04 1.834842e+04  
2.985038e-02 4.856701e+03 8.952728e+03 1.216438e+04 1.815933e+04  
3.026648e-02 4.806078e+03 8.858960e+03 1.203652e+04 1.796766e+04  
3.068838e-02 4.754805e+03 8.764005e+03 1.190707e+04 1.777361e+04  
3.111616e-02 4.702936e+03 8.667966e+03 1.177615e+04 1.757740e+04  
3.154990e-02 4.650535e+03 8.570957e+03 1.164392e+04 1.737924e+04  
3.198969e-02 4.597667e+03 8.473102e+03 1.151055e+04 1.717941e+04  
3.243561e-02 4.544406e+03 8.374535e+03 1.137622e+04 1.697816e+04  
3.288774e-02 4.490825e+03 8.275395e+03 1.124112e+04 1.677578e+04  
3.334618e-02 4.436985e+03 8.175790e+03 1.110541e+04 1.657250e+04  
3.381101e-02 4.382943e+03 8.075827e+03 1.096922e+04 1.636853e+04  
3.428231e-02 4.328763e+03 7.975624e+03 1.083271e+04 1.616411e+04  
3.476019e-02 4.274511e+03 7.875305e+03 1.069606e+04 1.595949e+04  
3.524473e-02 4.220261e+03 7.775003e+03 1.055944e+04 1.575495e+04  
3.573602e-02 4.166090e+03 7.674863e+03 1.042306e+04 1.555077e+04  
3.623416e-02 4.112081e+03 7.575035e+03 1.028711e+04 1.534727e+04  
3.673925e-02 4.058299e+03 7.475641e+03 1.015176e+04 1.514470e+04  
3.725137e-02 4.004810e+03 7.376801e+03 1.001718e+04 1.494329e+04  
3.777064e-02 3.951680e+03 7.278638e+03 9.883530e+03 1.474330e+04  
3.829714e-02 3.898982e+03 7.181285e+03 9.750994e+03 1.454500e+04  
3.883098e-02 3.846792e+03 7.084881e+03 9.619760e+03 1.434868e+04  
3.937226e-02 3.795191e+03 6.989575e+03 9.490031e+03 1.415463e+04  
3.992109e-02 3.744262e+03 6.895519e+03 9.362012e+03 1.396316e+04  
4.047757e-02 3.694055e+03 6.802808e+03 9.235833e+03 1.377447e+04  
4.104181e-02 3.644602e+03 6.711496e+03 9.111568e+03 1.358867e+04  
4.161391e-02 3.595933e+03 6.621638e+03 8.989291e+03 1.340587e+04  
4.219398e-02 3.548076e+03 6.533289e+03 8.869076e+03 1.322618e+04  
4.278214e-02 3.501062e+03 6.446503e+03 8.750996e+03 1.304972e+04  
4.337850e-02 3.454921e+03 6.361333e+03 8.635125e+03 1.287659e+04  
4.398317e-02 3.409682e+03 6.277834e+03 8.521537e+03 1.270690e+04  
4.459628e-02 3.365391e+03 6.196090e+03 8.410345e+03 1.254083e+04  
4.521792e-02 3.322110e+03 6.116214e+03 8.301702e+03 1.237860e+04  
4.584824e-02 3.279905e+03 6.038324e+03 8.195768e+03 1.222046e+04  
4.648734e-02 3.238843e+03 5.962543e+03 8.092713e+03 1.206667e+04  
4.713535e-02 3.198994e+03 5.889000e+03 7.992708e+03 1.191747e+04  
4.779239e-02 3.160432e+03 5.817828e+03 7.895935e+03 1.177314e+04  
4.845859e-02 3.123227e+03 5.749155e+03 7.802567e+03 1.163395e+04  
4.913407e-02 3.087375e+03 5.682970e+03 7.712589e+03 1.149988e+04  
4.981898e-02 3.052806e+03 5.619146e+03 7.625828e+03 1.137066e+04  
5.051342e-02 3.019440e+03 5.557535e+03 7.542086e+03 1.124601e+04  
5.121755e-02 2.987187e+03 5.497973e+03 7.461136e+03 1.112558e+04  
5.193150e-02 2.955948e+03 5.440274e+03 7.382729e+03 1.100901e+04  
5.265540e-02 2.925611e+03 5.384234e+03 7.306589e+03 1.089588e+04  
5.338938e-02 2.896094e+03 5.329704e+03 7.232510e+03 1.078588e+04  
5.413360e-02 2.867372e+03 5.276634e+03 7.160429e+03 1.067893e+04  
5.488820e-02 2.839420e+03 5.224981e+03 7.090284e+03 1.057494e+04  
5.565331e-02 2.812211e+03 5.174693e+03 7.022005e+03 1.047379e+04  
5.642908e-02 2.785711e+03 5.125708e+03 6.955510e+03 1.037538e+04  
5.721568e-02 2.759882e+03 5.077956e+03 6.890703e+03 1.027956e+04  
5.801323e-02 2.734649e+03 5.031297e+03 6.827396e+03 1.018604e+04  
5.882190e-02 2.709898e+03 4.985524e+03 6.765307e+03 1.009442e+04  
5.964185e-02 2.685504e+03 4.940411e+03 6.704128e+03 1.000422e+04  
6.047322e-02 2.661332e+03 4.895706e+03 6.643521e+03 9.914946e+03  
6.131619e-02 2.637230e+03 4.851138e+03 6.583117e+03 9.826039e+03  
6.217090e-02 2.613060e+03 4.806451e+03 6.522569e+03 9.736979e+03  
6.303753e-02 2.588719e+03 4.761460e+03 6.461627e+03 9.647390e+03  
6.391624e-02 2.564104e+03 4.715977e+03 6.400036e+03 9.556887e+03  
6.480720e-02 2.539103e+03 4.669800e+03 6.337522e+03 9.465055e+03  
6.571058e-02 2.513595e+03 4.622709e+03 6.273787e+03 9.371447e+03  
6.662655e-02 2.487462e+03 4.574491e+03 6.208543e+03 9.275622e+03  
6.755528e-02 2.460606e+03 4.524969e+03 6.141550e+03 9.177216e+03  
6.849697e-02 2.432926e+03 4.473960e+03 6.072558e+03 9.075849e+03  
6.945178e-02 2.404313e+03 4.421267e+03 6.001302e+03 8.971115e+03  
7.041990e-02 2.374652e+03 4.366686e+03 5.927503e+03 8.862585e+03  
7.140151e-02 2.343869e+03 4.310083e+03 5.850980e+03 8.749980e+03  
7.239681e-02 2.311929e+03 4.251396e+03 5.771649e+03 8.633164e+03  
7.340598e-02 2.278796e+03 4.190564e+03 5.689426e+03 8.512004e+03  
7.442922e-02 2.244435e+03 4.127524e+03 5.604226e+03 8.386360e+03  
7.546673e-02 2.208829e+03 4.062250e+03 5.516012e+03 8.256169e+03  
7.651869e-02 2.172016e+03 3.994812e+03 5.424878e+03 8.121565e+03  
7.758532e-02 2.134045e+03 3.925302e+03 5.330951e+03 7.982729e+03  
7.866682e-02 2.094974e+03 3.853826e+03 5.234372e+03 7.839866e+03  
7.976339e-02 2.054875e+03 3.780518e+03 5.135321e+03 7.693244e+03  
8.087525e-02 2.013863e+03 3.705589e+03 5.034085e+03 7.543290e+03  
8.200261e-02 1.972073e+03 3.629285e+03 4.930999e+03 7.390502e+03  
8.314568e-02 1.929654e+03 3.551876e+03 4.826426e+03 7.235428e+03  
8.430468e-02 1.886763e+03 3.473648e+03 4.720755e+03 7.078651e+03  
8.547985e-02 1.843561e+03 3.394895e+03 4.614384e+03 6.920775e+03  
8.667139e-02 1.800224e+03 3.315935e+03 4.507743e+03 6.762447e+03  
8.787954e-02 1.756940e+03 3.237109e+03 4.401295e+03 6.604369e+03  
8.910453e-02 1.713898e+03 3.158759e+03 4.295504e+03 6.447244e+03  
9.034660e-02 1.671286e+03 3.081222e+03 4.190827e+03 6.291766e+03  
9.160598e-02 1.629302e+03 3.004858e+03 4.087751e+03 6.138677e+03  
9.288292e-02 1.588153e+03 2.930040e+03 3.986781e+03 5.988744e+03  
9.417766e-02 1.548019e+03 2.857091e+03 3.888356e+03 5.842635e+03  
9.549045e-02 1.509078e+03 2.786330e+03 3.792906e+03 5.701007e+03  
9.682153e-02 1.471519e+03 2.718096e+03 3.700891e+03 5.564564e+03  
9.817117e-02 1.435535e+03 2.652736e+03 3.612782e+03 5.434022e+03  
9.953962e-02 1.401262e+03 2.590491e+03 3.528906e+03 5.309884e+03  
1.009272e-01 1.368805e+03 2.531551e+03 3.449517e+03 5.192541e+03  
1.023340e-01 1.338277e+03 2.476110e+03 3.374880e+03 5.082403e+03  
1.037605e-01 1.309776e+03 2.424347e+03 3.305235e+03 4.979840e+03  
1.052069e-01 1.283307e+03 2.376265e+03 3.240589e+03 4.884869e+03  
1.066734e-01 1.258830e+03 2.331789e+03 3.180836e+03 4.797340e+03  
1.081604e-01 1.236297e+03 2.290826e+03 3.125855e+03 4.717072e+03  
1.096681e-01 1.215628e+03 2.253232e+03 3.075448e+03 4.643775e+03  
1.111968e-01 1.196673e+03 2.218732e+03 3.029241e+03 4.576890e+03  
1.127468e-01 1.179253e+03 2.187001e+03 2.986798e+03 4.515757e+03  
1.143184e-01 1.163171e+03 2.157684e+03 2.947635e+03 4.459647e+03  
1.159120e-01 1.148212e+03 2.130391e+03 2.911225e+03 4.407763e+03  
1.175277e-01 1.134143e+03 2.104702e+03 2.876999e+03 4.359236e+03  
1.191660e-01 1.120708e+03 2.080156e+03 2.844332e+03 4.313115e+03  
1.208271e-01 1.107647e+03 2.056288e+03 2.812592e+03 4.268433e+03  
1.225114e-01 1.094722e+03 2.032667e+03 2.781196e+03 4.224289e+03  
1.242191e-01 1.081676e+03 2.008838e+03 2.749523e+03 4.179725e+03  
1.259506e-01 1.068253e+03 1.984340e+03 2.716944e+03 4.133766e+03  
1.277063e-01 1.054248e+03 1.958806e+03 2.682963e+03 4.085633e+03  
1.294865e-01 1.039459e+03 1.931879e+03 2.647089e+03 4.034555e+03  
1.312915e-01 1.023689e+03 1.903207e+03 2.608842e+03 3.979774e+03  
1.331216e-01 1.006827e+03 1.872594e+03 2.567954e+03 3.920858e+03  
1.349772e-01 9.887879e+02 1.839892e+03 2.524219e+03 3.857470e+03  
1.368587e-01 9.695110e+02 1.804994e+03 2.477488e+03 3.789363e+03  
1.387665e-01 9.490584e+02 1.768013e+03 2.427915e+03 3.716761e+03  
1.407008e-01 9.275362e+02 1.729142e+03 2.375759e+03 3.640054e+03  
1.426621e-01 9.050793e+02 1.688623e+03 2.321350e+03 3.559748e+03  
1.446507e-01 8.818862e+02 1.646813e+03 2.265172e+03 3.476590e+03  
1.466671e-01 8.581823e+02 1.604116e+03 2.207774e+03 3.391434e+03  
1.487115e-01 8.342125e+02 1.560969e+03 2.149753e+03 3.305206e+03  
1.507845e-01 8.102422e+02 1.517846e+03 2.091754e+03 3.218915e+03  
1.528864e-01 7.865546e+02 1.475252e+03 2.034464e+03 3.133633e+03  
1.550175e-01 7.634208e+02 1.433667e+03 1.978540e+03 3.050386e+03  
1.571784e-01 7.411145e+02 1.393580e+03 1.924643e+03 2.970209e+03  
1.593694e-01 7.198943e+02 1.355446e+03 1.873396e+03 2.894074e+03  
1.615909e-01 6.999604e+02 1.319621e+03 1.825281e+03 2.822735e+03  
1.638434e-01 6.815041e+02 1.286441e+03 1.780754e+03 2.756908e+03  
1.661273e-01 6.646242e+02 1.256077e+03 1.740051e+03 2.696962e+03  
1.684430e-01 6.493686e+02 1.228612e+03 1.703281e+03 2.643076e+03  
1.707910e-01 6.357079e+02 1.203990e+03 1.670369e+03 2.595140e+03  
1.731717e-01 6.235018e+02 1.181958e+03 1.640973e+03 2.552628e+03  
1.755856e-01 6.125755e+02 1.162204e+03 1.614668e+03 2.514886e+03  
1.780332e-01 6.027010e+02 1.144319e+03 1.590901e+03 2.481061e+03  
1.805149e-01 5.936243e+02 1.127854e+03 1.569059e+03 2.450201e+03  
1.830312e-01 5.850839e+02 1.112343e+03 1.548509e+03 2.421321e+03  
1.855825e-01 5.768047e+02 1.097298e+03 1.528589e+03 2.393383e+03  
1.881694e-01 5.685287e+02 1.082263e+03 1.508675e+03 2.365406e+03  
1.907924e-01 5.600030e+02 1.066792e+03 1.488156e+03 2.336427e+03  
1.934520e-01 5.510049e+02 1.050490e+03 1.466495e+03 2.305589e+03  
1.961486e-01 5.413373e+02 1.033010e+03 1.443216e+03 2.272134e+03  
1.988828e-01 5.308766e+02 1.014137e+03 1.418021e+03 2.235581e+03  
2.016551e-01 5.195713e+02 9.937816e+02 1.390786e+03 2.195725e+03  
2.044661e-01 5.074698e+02 9.720305e+02 1.361631e+03 2.152748e+03  
2.073162e-01 4.947111e+02 9.491314e+02 1.330893e+03 2.107181e+03  
2.102061e-01 4.814917e+02 9.254328e+02 1.299048e+03 2.059779e+03  
2.131362e-01 4.680531e+02 9.013618e+02 1.266681e+03 2.011467e+03  
2.161073e-01 4.546511e+02 8.773697e+02 1.234408e+03 1.963226e+03  
2.191197e-01 4.415468e+02 8.539160e+02 1.202858e+03 1.916053e+03  
2.221741e-01 4.289624e+02 8.313909e+02 1.172563e+03 1.870792e+03  
2.252711e-01 4.170942e+02 8.101380e+02 1.143992e+03 1.828186e+03  
2.284112e-01 4.060872e+02 7.904100e+02 1.117490e+03 1.788779e+03  
2.315951e-01 3.960320e+02 7.723636e+02 1.093269e+03 1.752908e+03  
2.348235e-01 3.869486e+02 7.560308e+02 1.071374e+03 1.720644e+03  
2.380968e-01 3.787804e+02 7.413101e+02 1.051664e+03 1.691770e+03  
2.414157e-01 3.714124e+02 7.279972e+02 1.033862e+03 1.665849e+03  
2.447809e-01 3.646799e+02 7.158018e+02 1.017573e+03 1.642261e+03  
2.481930e-01 3.583838e+02 7.043741e+02 1.002319e+03 1.620252e+03  
2.516527e-01 3.522971e+02 6.933156e+02 9.875572e+02 1.598966e+03  
2.551606e-01 3.461949e+02 6.822331e+02 9.727508e+02 1.577551e+03  
2.587174e-01 3.398785e+02 6.707793e+02 9.574253e+02 1.555253e+03  
2.623238e-01 3.332070e+02 6.587090e+02 9.412452e+02 1.531538e+03  
2.659804e-01 3.261200e+02 6.459177e+02 9.240677e+02 1.506177e+03  
2.696881e-01 3.186349e+02 6.324373e+02 9.059364e+02 1.479241e+03  
2.734474e-01 3.108475e+02 6.184367e+02 8.870826e+02 1.451097e+03  
2.772591e-01 3.028873e+02 6.041427e+02 8.678169e+02 1.422243e+03  
2.811239e-01 2.949060e+02 5.898204e+02 8.485019e+02 1.393256e+03  
2.850426e-01 2.870685e+02 5.757570e+02 8.295301e+02 1.364763e+03  
2.890160e-01 2.795293e+02 5.622210e+02 8.112679e+02 1.337344e+03  
2.930447e-01 2.724223e+02 5.494437e+02 7.940305e+02 1.311500e+03  
2.971296e-01 2.658400e+02 5.375843e+02 7.780341e+02 1.287572e+03  
3.012714e-01 2.598068e+02 5.266830e+02 7.633327e+02 1.265643e+03  
3.054710e-01 2.542702e+02 5.166470e+02 7.497994e+02 1.245514e+03  
3.097291e-01 2.491342e+02 5.073084e+02 7.372053e+02 1.226821e+03  
3.140465e-01 2.442772e+02 4.984559e+02 7.252622e+02 1.209109e+03  
3.184242e-01 2.395655e+02 4.898570e+02 7.136540e+02 1.191880e+03  
3.228628e-01 2.348763e+02 4.812999e+02 7.020922e+02 1.174678e+03  
3.273634e-01 2.301038e+02 4.726018e+02 6.903285e+02 1.157112e+03  
3.319266e-01 2.251838e+02 4.636530e+02 6.782136e+02 1.138948e+03  
3.365535e-01 2.201123e+02 4.544470e+02 6.657398e+02 1.120176e+03  
3.412449e-01 2.149388e+02 4.450706e+02 6.530258e+02 1.100987e+03  
3.460016e-01 2.097466e+02 4.356673e+02 6.402675e+02 1.081691e+03  
3.508247e-01 2.046368e+02 4.264116e+02 6.277023e+02 1.062667e+03  
3.557150e-01 1.996943e+02 4.174488e+02 6.155278e+02 1.044224e+03  
3.606735e-01 1.949917e+02 4.089030e+02 6.039121e+02 1.026626e+03  
3.657011e-01 1.905697e+02 4.008424e+02 5.929471e+02 1.010017e+03  
3.707988e-01 1.864222e+02 3.932558e+02 5.826169e+02 9.943697e+02  
3.759675e-01 1.825077e+02 3.860709e+02 5.728234e+02 9.795299e+02  
3.812083e-01 1.787614e+02 3.791763e+02 5.634152e+02 9.652601e+02  
3.865221e-01 1.751133e+02 3.724522e+02 5.542300e+02 9.513070e+02  
3.919100e-01 1.715025e+02 3.657944e+02 5.451275e+02 9.374523e+02  
3.973730e-01 1.678795e+02 3.591192e+02 5.359945e+02 9.235214e+02  
4.029122e-01 1.642250e+02 3.523939e+02 5.267878e+02 9.094490e+02  
4.085286e-01 1.605586e+02 3.456525e+02 5.175535e+02 8.953093e+02  
4.142232e-01 1.569263e+02 3.389733e+02 5.083981e+02 8.812693e+02  
4.199973e-01 1.533764e+02 3.324382e+02 4.994319e+02 8.675010e+02  
4.258518e-01 1.499439e+02 3.261058e+02 4.907340e+02 8.541266e+02  
4.317880e-01 1.466529e+02 3.200165e+02 4.823582e+02 8.412289e+02  
4.378069e-01 1.435136e+02 3.141867e+02 4.743264e+02 8.288404e+02  
4.439097e-01 1.405107e+02 3.085902e+02 4.666028e+02 8.169052e+02  
4.500975e-01 1.376047e+02 3.031596e+02 4.590970e+02 8.052838e+02  
4.563716e-01 1.347613e+02 2.978372e+02 4.517316e+02 7.938584e+02  
4.627332e-01 1.319582e+02 2.925858e+02 4.444568e+02 7.825533e+02  
4.691835e-01 1.291827e+02 2.873841e+02 4.372446e+02 7.713271e+02  
4.757236e-01 1.264286e+02 2.822217e+02 4.300816e+02 7.601606e+02  
4.823549e-01 1.237149e+02 2.771307e+02 4.230106e+02 7.491202e+02  
4.890787e-01 1.210692e+02 2.721567e+02 4.160926e+02 7.382983e+02  
4.958962e-01 1.185041e+02 2.673207e+02 4.093554e+02 7.277370e+02  
5.028087e-01 1.160232e+02 2.626282e+02 4.028061e+02 7.174463e+02  
5.098176e-01 1.136284e+02 2.580818e+02 3.964481e+02 7.074310e+02  
5.169242e-01 1.113077e+02 2.536612e+02 3.902542e+02 6.976496e+02  
5.241298e-01 1.090396e+02 2.493311e+02 3.841776e+02 6.880325e+02  
5.314359e-01 1.068138e+02 2.450740e+02 3.781952e+02 6.785458e+02  
5.388438e-01 1.046278e+02 2.408861e+02 3.723022e+02 6.691827e+02  
5.463550e-01 1.024787e+02 2.367622e+02 3.664920e+02 6.599343e+02  
5.539709e-01 1.003743e+02 2.327155e+02 3.607818e+02 6.508260e+02  
5.616930e-01 9.832624e+01 2.287645e+02 3.551960e+02 6.418937e+02  
5.695227e-01 9.633368e+01 2.249077e+02 3.497326e+02 6.331341e+02  
5.774615e-01 9.439623e+01 2.211442e+02 3.443902e+02 6.245451e+02  
5.855110e-01 9.251330e+01 2.174729e+02 3.391672e+02 6.161238e+02  
5.936727e-01 9.067291e+01 2.138741e+02 3.340379e+02 6.078333e+02  
6.019482e-01 8.887083e+01 2.103408e+02 3.289934e+02 5.996607e+02  
6.103390e-01 8.710723e+01 2.068734e+02 3.240339e+02 5.916066e+02  
6.188468e-01 8.537964e+01 2.034677e+02 3.191543e+02 5.836637e+02  
6.274732e-01 8.369268e+01 2.001310e+02 3.143638e+02 5.758452e+02  
6.362198e-01 8.204897e+01 1.968672e+02 3.096677e+02 5.681581e+02  
6.450884e-01 8.044597e+01 1.936723e+02 3.050602e+02 5.605944e+02  
6.540806e-01 7.888197e+01 1.905432e+02 3.005378e+02 5.531486e+02  
6.631981e-01 7.735527e+01 1.874772e+02 2.960965e+02 5.458154e+02  
6.724427e-01 7.586184e+01 1.844677e+02 2.917282e+02 5.385833e+02  
6.818162e-01 7.440030e+01 1.815125e+02 2.874300e+02 5.314482e+02  
6.913204e-01 7.297140e+01 1.786126e+02 2.832031e+02 5.244119e+02  
7.009570e-01 7.157590e+01 1.757691e+02 2.790488e+02 5.174759e+02  
7.107280e-01 7.021382e+01 1.729819e+02 2.749669e+02 5.106397e+02  
7.206351e-01 6.888381e+01 1.702486e+02 2.709545e+02 5.038992e+02  
7.306804e-01 6.758423e+01 1.675667e+02 2.670082e+02 4.972496e+02  
7.408657e-01 6.631330e+01 1.649334e+02 2.631243e+02 4.906859e+02  
7.511929e-01 6.507018e+01 1.623470e+02 2.593011e+02 4.842058e+02  
7.616642e-01 6.385461e+01 1.598073e+02 2.555379e+02 4.778080e+02  
7.722814e-01 6.266626e+01 1.573134e+02 2.518337e+02 4.714915e+02  
7.830465e-01 6.150468e+01 1.548647e+02 2.481877e+02 4.652545e+02  
7.939618e-01 6.036915e+01 1.524599e+02 2.445981e+02 4.590945e+02  
8.050292e-01 5.925881e+01 1.500977e+02 2.410633e+02 4.530103e+02  
8.162509e-01 5.817272e+01 1.477764e+02 2.375813e+02 4.469980e+02  
8.276289e-01 5.711010e+01 1.454948e+02 2.341505e+02 4.410559e+02  
8.391656e-01 5.607046e+01 1.432521e+02 2.307698e+02 4.351825e+02  
8.508632e-01 5.505326e+01 1.410474e+02 2.274381e+02 4.293761e+02  
8.627237e-01 5.405789e+01 1.388796e+02 2.241541e+02 4.236351e+02  
8.747496e-01 5.308384e+01 1.367479e+02 2.209168e+02 4.179580e+02  
8.869432e-01 5.213064e+01 1.346516e+02 2.177251e+02 4.123433e+02  
8.993067e-01 5.119771e+01 1.325897e+02 2.145780e+02 4.067896e+02  
9.118425e-01 5.028448e+01 1.305612e+02 2.114741e+02 4.012957e+02  
9.245531e-01 4.939047e+01 1.285654e+02 2.084126e+02 3.958591e+02  
9.374409e-01 4.851514e+01 1.266014e+02 2.053924e+02 3.904796e+02  
9.505083e-01 4.765790e+01 1.246683e+02 2.024123e+02 3.851553e+02  
9.637579e-01 4.681828e+01 1.227653e+02 1.994715e+02 3.798851e+02  
9.771921e-01 4.599588e+01 1.208917e+02 1.965691e+02 3.746679e+02  
9.908137e-01 4.519025e+01 1.190470e+02 1.937043e+02 3.695026e+02  
1.004625e+00 4.440093e+01 1.172303e+02 1.908761e+02 3.643880e+02  
1.018629e+00 4.362753e+01 1.154409e+02 1.880839e+02 3.593233e+02  
1.032828e+00 4.286963e+01 1.136784e+02 1.853268e+02 3.543075e+02  
1.047225e+00 4.212677e+01 1.119419e+02 1.826041e+02 3.493396e+02  
1.061823e+00 4.139853e+01 1.102308e+02 1.799149e+02 3.444186e+02  
1.076624e+00 4.068459e+01 1.085446e+02 1.772586e+02 3.395439e+02  
1.091632e+00 3.998460e+01 1.068828e+02 1.746347e+02 3.347147e+02  
1.106848e+00 3.929815e+01 1.052447e+02 1.720423e+02 3.299301e+02  
1.122277e+00 3.862494e+01 1.036299e+02 1.694810e+02 3.251896e+02  
1.137921e+00 3.796465e+01 1.020378e+02 1.669502e+02 3.204925e+02  
1.153783e+00 3.731695e+01 1.004681e+02 1.644494e+02 3.158382e+02  
1.169866e+00 3.668148e+01 9.892015e+01 1.619778e+02 3.112260e+02  
1.186174e+00 3.605797e+01 9.739354e+01 1.595351e+02 3.066555e+02  
1.202708e+00 3.544610e+01 9.588783e+01 1.571207e+02 3.021261e+02  
1.219473e+00 3.484553e+01 9.440251e+01 1.547341e+02 2.976374e+02  
1.236472e+00 3.425598e+01 9.293719e+01 1.523749e+02 2.931888e+02  
1.253708e+00 3.367722e+01 9.149151e+01 1.500426e+02 2.887800e+02  
1.271184e+00 3.310897e+01 9.006509e+01 1.477368e+02 2.844106e+02  
1.288904e+00 3.255095e+01 8.865752e+01 1.454571e+02 2.800803e+02  
1.306870e+00 3.200293e+01 8.726848e+01 1.432032e+02 2.757887e+02  
1.325087e+00 3.146468e+01 8.589764e+01 1.409746e+02 2.715356e+02  
1.343558e+00 3.093593e+01 8.454462e+01 1.387711e+02 2.673206e+02  
1.362287e+00 3.041644e+01 8.320910e+01 1.365922e+02 2.631436e+02  
1.381276e+00 2.990602e+01 8.189080e+01 1.344376e+02 2.590044e+02  
1.400531e+00 2.940445e+01 8.058944e+01 1.323071e+02 2.549027e+02  
1.420053e+00 2.891150e+01 7.930470e+01 1.302004e+02 2.508384e+02  
1.439848e+00 2.842699e+01 7.803632e+01 1.281172e+02 2.468113e+02  
1.459919e+00 2.795072e+01 7.678406e+01 1.260572e+02 2.428214e+02  
1.480269e+00 2.748248e+01 7.554763e+01 1.240201e+02 2.388685e+02  
1.500903e+00 2.702209e+01 7.432678e+01 1.220058e+02 2.349525e+02  
1.521825e+00 2.656936e+01 7.312129e+01 1.200139e+02 2.310734e+02  
1.543038e+00 2.612415e+01 7.193095e+01 1.180444e+02 2.272311e+02  
1.564548e+00 2.568627e+01 7.075552e+01 1.160968e+02 2.234257e+02  
1.586357e+00 2.527973e+01 6.959479e+01 1.141712e+02 2.196570e+02  
1.608469e+00 2.483185e+01 6.844859e+01 1.122672e+02 2.159251e+02  
1.630891e+00 2.441502e+01 6.731670e+01 1.103848e+02 2.122300e+02  
1.653624e+00 2.400489e+01 6.619893e+01 1.085236e+02 2.085717e+02  
1.676675e+00 2.360131e+01 6.509510e+01 1.066836e+02 2.049502e+02  
1.700047e+00 2.320417e+01 6.400504e+01 1.048646e+02 2.013657e+02  
1.723745e+00 2.281332e+01 6.292859e+01 1.030664e+02 1.978182e+02  
1.747773e+00 2.242861e+01 6.186557e+01 1.012890e+02 1.943076e+02  
1.772136e+00 2.204993e+01 6.081583e+01 9.953206e+01 1.908342e+02  
1.796838e+00 2.167715e+01 5.977923e+01 9.779559e+01 1.873980e+02  
1.821885e+00 2.131013e+01 5.875560e+01 9.607940e+01 1.839990e+02  
1.847281e+00 2.094878e+01 5.774481e+01 9.438339e+01 1.806373e+02  
1.873032e+00 2.059299e+01 5.674674e+01 9.270745e+01 1.773131e+02  
1.899141e+00 2.024265e+01 5.576126e+01 9.105147e+01 1.740264e+02  
1.925614e+00 1.989765e+01 5.478824e+01 8.941534e+01 1.707774e+02  
1.952456e+00 1.955791e+01 5.382756e+01 8.779895e+01 1.675661e+02  
1.979672e+00 1.922331e+01 5.287911e+01 8.620221e+01 1.643926e+02  
2.007267e+00 1.889375e+01 5.194274e+01 8.462501e+01 1.612570e+02  
2.035248e+00 1.856914e+01 5.101837e+01 8.306726e+01 1.581595e+02  
2.063618e+00 1.824938e+01 5.010587e+01 8.152887e+01 1.551000e+02  
2.092383e+00 1.793441e+01 4.920515e+01 8.000976e+01 1.520786e+02  
2.121550e+00 1.762412e+01 4.831610e+01 7.850982e+01 1.490956e+02  
2.151123e+00 1.731844e+01 4.743863e+01 7.702900e+01 1.461508e+02  
2.181109e+00 1.701729e+01 4.657264e+01 7.556719e+01 1.432444e+02  
2.211512e+00 1.672060e+01 4.571804e+01 7.412432e+01 1.403764e+02  
2.242340e+00 1.642829e+01 4.487472e+01 7.270032e+01 1.375469e+02  
2.273597e+00 1.614027e+01 4.404261e+01 7.129509e+01 1.347560e+02  
2.305289e+00 1.585650e+01 4.322161e+01 6.990857e+01 1.320035e+02  
2.337424e+00 1.557689e+01 4.241163e+01 6.854067e+01 1.292895e+02  
2.370006e+00 1.530137e+01 4.161259e+01 6.719132e+01 1.266141e+02  
2.403043e+00 1.502989e+01 4.082440e+01 6.586045e+01 1.239773e+02  
2.436540e+00 1.476240e+01 4.004700e+01 6.454797e+01 1.213789e+02  
2.470504e+00 1.449881e+01 3.928029e+01 6.325382e+01 1.188190e+02  
2.504942e+00 1.423909e+01 3.852420e+01 6.197790e+01 1.162975e+02  
2.539859e+00 1.398316e+01 3.777864e+01 6.072016e+01 1.138144e+02  
2.575263e+00 1.373098e+01 3.704354e+01 5.948050e+01 1.113695e+02  
2.611161e+00 1.348249e+01 3.631883e+01 5.825885e+01 1.089628e+02  
2.647559e+00 1.323763e+01 3.560442e+01 5.705513e+01 1.065942e+02  
2.684465e+00 1.299636e+01 3.490025e+01 5.586925e+01 1.042635e+02  
2.721885e+00 1.275863e+01 3.420623e+01 5.470113e+01 1.019707e+02  
2.759826e+00 1.252438e+01 3.352229e+01 5.355069e+01 9.971544e+01  
2.798297e+00 1.229358e+01 3.284837e+01 5.241784e+01 9.749771e+01  
2.837304e+00 1.206618e+01 3.218438e+01 5.130248e+01 9.531728e+01  
2.876854e+00 1.184212e+01 3.153026e+01 5.020452e+01 9.317396e+01  
2.916956e+00 1.162138e+01 3.088593e+01 4.912391e+01 9.106754e+01  
2.957617e+00 1.140390e+01 3.025132e+01 4.806050e+01 8.899779e+01  
2.998844e+00 1.118964e+01 2.962636e+01 4.701420e+01 8.696449e+01  
3.040646e+00 1.097857e+01 2.901098e+01 4.598493e+01 8.496738e+01  
3.083031e+00 1.077065e+01 2.840511e+01 4.497257e+01 8.300619e+01  
3.126007e+00 1.056583e+01 2.780866e+01 4.397702e+01 8.108067e+01  
3.169582e+00 1.036409e+01 2.722158e+01 4.299817e+01 7.919050e+01  
3.213764e+00 1.016537e+01 2.664379e+01 4.203589e+01 7.733541e+01  
3.258562e+00 9.969648e+00 2.607522e+01 4.109009e+01 7.551508e+01  
3.303985e+00 9.776887e+00 2.551579e+01 4.016064e+01 7.372941e+01  
3.350041e+00 9.587052e+00 2.496543e+01 3.924741e+01 7.197744e+01  
3.396739e+00 9.400110e+00 2.442408e+01 3.835029e+01 7.025944e+01  
3.444087e+00 9.216026e+00 2.389165e+01 3.746913e+01 6.857486e+01  
3.492096e+00 9.034766e+00 2.336808e+01 3.660382e+01 6.692336e+01  
3.540774e+00 8.856299e+00 2.285328e+01 3.575421e+01 6.530457e+01  
3.590130e+00 8.680594e+00 2.234719e+01 3.492017e+01 6.371813e+01  
3.640175e+00 8.507620e+00 2.184973e+01 3.410156e+01 6.216364e+01  
3.690917e+00 8.337344e+00 2.136083e+01 3.329822e+01 6.064074e+01  
3.742366e+00 8.169738e+00 2.088040e+01 3.251002e+01 5.914902e+01  
3.794533e+00 8.004772e+00 2.040838e+01 3.173679e+01 5.768810e+01  
3.847427e+00 7.842416e+00 1.994468e+01 3.097843e+01 5.625758e+01  
3.901058e+00 7.682641e+00 1.948923e+01 3.023470e+01 5.485704e+01  
3.955436e+00 7.525418e+00 1.904196e+01 2.950549e+01 5.348609e+01  
4.010573e+00 7.370719e+00 1.860277e+01 2.879064e+01 5.214432e+01  
4.066478e+00 7.218515e+00 1.817159e+01 2.808994e+01 5.083130e+01  
4.123163e+00 7.068779e+00 1.774835e+01 2.740335e+01 4.954662e+01  
4.180637e+00 6.921484e+00 1.733296e+01 2.673058e+01 4.828987e+01  
4.238913e+00 6.776603e+00 1.692533e+01 2.607149e+01 4.706063e+01  
4.298001e+00 6.634108e+00 1.652539e+01 2.542592e+01 4.585846e+01  
4.357913e+00 6.493973e+00 1.613306e+01 2.479369e+01 4.468296e+01  
4.418660e+00 6.356172e+00 1.574825e+01 2.409172e+01 4.353369e+01  
4.480254e+00 6.220678e+00 1.537087e+01 2.356855e+01 4.241023e+01  
4.542706e+00 6.087466e+00 1.500084e+01 2.297530e+01 4.131217e+01  
4.606029e+00 5.956510e+00 1.463808e+01 2.239467e+01 4.023907e+01  
4.670234e+00 5.827784e+00 1.428249e+01 2.182651e+01 3.919052e+01  
4.735335e+00 5.701262e+00 1.393400e+01 2.127061e+01 3.816610e+01  
4.801343e+00 5.576920e+00 1.359251e+01 2.072681e+01 3.716535e+01  
4.868271e+00 5.454733e+00 1.325794e+01 2.019493e+01 3.618794e+01  
4.936132e+00 5.334676e+00 1.293020e+01 1.967477e+01 3.523338e+01  
5.004939e+00 5.216723e+00 1.260920e+01 1.916616e+01 3.430128e+01  
5.074705e+00 5.100851e+00 1.229485e+01 1.866892e+01 3.339122e+01  
5.145444e+00 4.987035e+00 1.198706e+01 1.818287e+01 3.250280e+01  
5.217169e+00 4.875250e+00 1.168574e+01 1.770780e+01 3.163561e+01  
5.289893e+00 4.765473e+00 1.139080e+01 1.724358e+01 3.078925e+01  
5.363631e+00 4.657680e+00 1.110216e+01 1.678995e+01 2.996331e+01  
5.438397e+00 4.551846e+00 1.081971e+01 1.634682e+01 2.915741e+01  
5.514206e+00 4.447948e+00 1.054337e+01 1.591395e+01 2.837115e+01  
5.591071e+00 4.345962e+00 1.027304e+01 1.549118e+01 2.760413e+01  
5.669007e+00 4.245866e+00 1.000865e+01 1.507832e+01 2.685598e+01  
5.748030e+00 4.147634e+00 9.750084e+00 1.467521e+01 2.612630e+01  
5.828155e+00 4.051244e+00 9.497263e+00 1.428166e+01 2.541473e+01  
5.909396e+00 3.956673e+00 9.250095e+00 1.389749e+01 2.472090e+01  
5.991770e+00 3.863898e+00 9.008486e+00 1.352253e+01 2.404443e+01  
6.075292e+00 3.772896e+00 8.772348e+00 1.315662e+01 2.338516e+01  
6.159978e+00 3.683644e+00 8.541589e+00 1.279956e+01 2.274210e+01  
6.245845e+00 3.596118e+00 8.316119e+00 1.245121e+01 2.211555e+01  
6.332908e+00 3.510298e+00 8.095848e+00 1.211138e+01 2.150492e+01  
6.421186e+00 3.426159e+00 7.880686e+00 1.177990e+01 2.090989e+01  
6.510694e+00 3.343680e+00 7.670546e+00 1.145662e+01 2.033009e+01  
6.601449e+00 3.262838e+00 7.465337e+00 1.114137e+01 1.976521e+01  
6.693470e+00 3.183610e+00 7.264971e+00 1.083406e+01 1.921491e+01  
6.786773e+00 3.105976e+00 7.069360e+00 1.053427e+01 1.867886e+01  
6.881377e+00 3.029913e+00 6.878416e+00 1.024215e+01 1.815675e+01  
6.977300e+00 2.955398e+00 6.692057e+00 9.957392e+00 1.764825e+01  
7.074559e+00 2.882411e+00 6.510189e+00 9.679867e+00 1.715305e+01  
7.173175e+00 2.810929e+00 6.332731e+00 9.409419e+00 1.667086e+01  
7.273165e+00 2.740930e+00 6.159595e+00 9.145896e+00 1.620136e+01  
7.374549e+00 2.672394e+00 5.990702e+00 8.889155e+00 1.574426e+01  
7.477346e+00 2.605298e+00 5.825966e+00 8.639038e+00 1.529930e+01  
7.581576e+00 2.539622e+00 5.665302e+00 8.395404e+00 1.486668e+01  
7.687260e+00 2.475344e+00 5.508633e+00 8.158109e+00 1.444455e+01  
7.794416e+00 2.412443e+00 5.355878e+00 7.927017e+00 1.403422e+01  
7.903066e+00 2.350898e+00 5.206956e+00 7.701982e+00 1.363490e+01  
8.013230e+00 2.290688e+00 5.061789e+00 7.482870e+00 1.324631e+01  
8.124930e+00 2.231793e+00 4.920299e+00 7.269544e+00 1.286820e+01  
8.238187e+00 2.174190e+00 4.782408e+00 7.061875e+00 1.250032e+01  
8.353023e+00 2.117861e+00 4.648039e+00 6.859727e+00 1.214241e+01  
8.469460e+00 2.062784e+00 4.517116e+00 6.662977e+00 1.179425e+01  
8.587519e+00 2.008939e+00 4.389567e+00 6.471495e+00 1.145552e+01  
8.707225e+00 1.956305e+00 4.265316e+00 6.285159e+00 1.112608e+01  
8.828599e+00 1.904863e+00 4.144293e+00 6.103844e+00 1.080566e+01  
8.951665e+00 1.854593e+00 4.026437e+00 5.927432e+00 1.049403e+01  
9.076446e+00 1.805474e+00 3.911647e+00 5.755811e+00 1.018969e+01  
9.202967e+00 1.757478e+00 3.799886e+00 5.588856e+00 9.896282e+00  
9.331251e+00 1.710614e+00 3.691076e+00 5.426459e+00 9.609731e+00  
9.461324e+00 1.664830e+00 3.585149e+00 5.268508e+00 9.331117e+00  
9.593209e+00 1.620120e+00 3.482040e+00 5.114903e+00 9.060238e+00  
9.726934e+00 1.576465e+00 3.381683e+00 4.965505e+00 8.796895e+00  
9.862522e+00 1.533844e+00 3.284013e+00 4.820246e+00 8.540893e+00  
1.000000e+01 1.492239e+00 3.188967e+00 4.678861e+00 8.292055e+00  
