1.000000e-02 5.135908e+03 9.394252e+03 1.275302e+04 1.912602e+04  
1.013939e-02 5.166073e+03 9.449227e+03 1.282745e+04 1.923716e+04  
1.028073e-02 5.195825e+03 9.503443e+03 1.290085e+04 1.934673e+04  
1.042404e-02 5.225148e+03 9.556866e+03 1.297316e+04 1.945467e+04  
1.056935e-02 5.254021e+03 9.609463e+03 1.304435e+04 1.956090e+04  
1.071668e-02 5.282427e+03 9.661199e+03 1.311436e+04 1.966537e+04  
1.086606e-02 5.310346e+03 9.712040e+03 1.318316e+04 1.976799e+04  
1.101753e-02 5.337760e+03 9.761951e+03 1.325068e+04 1.986870e+04  
1.117111e-02 5.364649e+03 9.810896e+03 1.331689e+04 1.996743e+04  
1.132683e-02 5.390995e+03 9.858841e+03 1.338174e+04 2.006410e+04  
1.148472e-02 5.416777e+03 9.905750e+03 1.344517e+04 2.015864e+04  
1.164481e-02 5.441976e+03 9.951588e+03 1.350715e+04 2.025098e+04  
1.180713e-02 5.466573e+03 9.996318e+03 1.356762e+04 2.034105e+04  
1.197171e-02 5.490549e+03 1.003991e+04 1.362653e+04 2.042877e+04  
1.213859e-02 5.513883e+03 1.008232e+04 1.368384e+04 2.051408e+04  
1.230780e-02 5.536554e+03 1.012351e+04 1.373948e+04 2.059688e+04  
1.247936e-02 5.558537e+03 1.016343e+04 1.379340e+04 2.067710e+04  
1.265332e-02 5.579809e+03 1.020205e+04 1.384555e+04 2.075463e+04  
1.282970e-02 5.600348e+03 1.023933e+04 1.389586e+04 2.082941e+04  
1.300854e-02 5.620129e+03 1.027521e+04 1.394428e+04 2.090134e+04  
1.318987e-02 5.639130e+03 1.030966e+04 1.399075e+04 2.097033e+04  
1.337373e-02 5.657326e+03 1.034263e+04 1.403521e+04 2.103629e+04  
1.356015e-02 5.674695e+03 1.037408e+04 1.407760e+04 2.109915e+04  
1.374917e-02 5.691215e+03 1.040398e+04 1.411787e+04 2.115882e+04  
1.394083e-02 5.706864e+03 1.043227e+04 1.415597e+04 2.121522e+04  
1.413516e-02 5.721619e+03 1.045893e+04 1.419183e+04 2.126827e+04  
1.433219e-02 5.735460e+03 1.048390e+04 1.422542e+04 2.131788e+04  
1.453198e-02 5.748365e+03 1.050717e+04 1.425666e+04 2.136398e+04  
1.473454e-02 5.760312e+03 1.052867e+04 1.428552e+04 2.140650e+04  
1.493993e-02 5.771281e+03 1.054838e+04 1.431194e+04 2.144534e+04  
1.514819e-02 5.781248e+03 1.056625e+04 1.433586e+04 2.148044e+04  
1.535935e-02 5.790191e+03 1.058225e+04 1.435722e+04 2.151170e+04  
1.557345e-02 5.798088e+03 1.059632e+04 1.437598e+04 2.153904e+04  
1.579053e-02 5.804919e+03 1.060845e+04 1.439209e+04 2.156240e+04  
1.601064e-02 5.810664e+03 1.061858e+04 1.440548e+04 2.158169e+04  
1.623382e-02 5.815301e+03 1.062668e+04 1.441612e+04 2.159684e+04  
1.646012e-02 5.818810e+03 1.063271e+04 1.442395e+04 2.160777e+04  
1.668956e-02 5.821168e+03 1.063663e+04 1.442891e+04 2.161440e+04  
1.692220e-02 5.822352e+03 1.063841e+04 1.443094e+04 2.161665e+04  
1.715809e-02 5.822342e+03 1.063799e+04 1.443001e+04 2.161444e+04  
1.739726e-02 5.821117e+03 1.063535e+04 1.442605e+04 2.160769e+04  
1.763977e-02 5.818657e+03 1.063045e+04 1.441903e+04 2.159634e+04  
1.788566e-02 5.814944e+03 1.062326e+04 1.440888e+04 2.158031e+04  
1.813498e-02 5.809961e+03 1.061374e+04 1.439558e+04 2.155954e+04  
1.838777e-02 5.803691e+03 1.060186e+04 1.437907e+04 2.153398e+04  
1.864409e-02 5.796120e+03 1.058760e+04 1.435934e+04 2.150358e+04  
1.890397e-02 5.787236e+03 1.057094e+04 1.433634e+04 2.146828e+04  
1.916748e-02 5.777027e+03 1.055186e+04 1.431005e+04 2.142805e+04  
1.943467e-02 5.765483e+03 1.053033e+04 1.428044e+04 2.138286e+04  
1.970558e-02 5.752597e+03 1.050635e+04 1.424751e+04 2.133267e+04  
1.998026e-02 5.738360e+03 1.047990e+04 1.421122e+04 2.127746e+04  
2.025878e-02 5.722760e+03 1.045095e+04 1.417154e+04 2.121718e+04  
2.054117e-02 5.705787e+03 1.041950e+04 1.412846e+04 2.115180e+04  
2.082751e-02 5.687432e+03 1.038552e+04 1.408196e+04 2.108129e+04  
2.111783e-02 5.667688e+03 1.034900e+04 1.403201e+04 2.100563e+04  
2.141220e-02 5.646552e+03 1.030993e+04 1.397861e+04 2.092480e+04  
2.171068e-02 5.624022e+03 1.026832e+04 1.392175e+04 2.083880e+04  
2.201331e-02 5.600096e+03 1.022416e+04 1.386144e+04 2.074763e+04  
2.232016e-02 5.574776e+03 1.017746e+04 1.379768e+04 2.065129e+04  
2.263130e-02 5.548066e+03 1.012822e+04 1.373047e+04 2.054980e+04  
2.294676e-02 5.519972e+03 1.007645e+04 1.365984e+04 2.044320e+04  
2.326663e-02 5.490504e+03 1.002217e+04 1.358581e+04 2.033150e+04  
2.359095e-02 5.459674e+03 9.965410e+03 1.350842e+04 2.021478e+04  
2.391980e-02 5.427499e+03 9.906195e+03 1.342770e+04 2.009308e+04  
2.425323e-02 5.393997e+03 9.844561e+03 1.334370e+04 1.996648e+04  
2.459130e-02 5.359181e+03 9.780532e+03 1.325645e+04 1.983504e+04  
2.493409e-02 5.323068e+03 9.714138e+03 1.316601e+04 1.969880e+04  
2.528166e-02 5.285676e+03 9.645416e+03 1.307241e+04 1.955786e+04  
2.563407e-02 5.247030e+03 9.574408e+03 1.297571e+04 1.941229e+04  
2.599140e-02 5.207156e+03 9.501166e+03 1.287599e+04 1.926221e+04  
2.635371e-02 5.166087e+03 9.425748e+03 1.277333e+04 1.910773e+04  
2.672106e-02 5.123857e+03 9.348218e+03 1.266781e+04 1.894898e+04  
2.709354e-02 5.080496e+03 9.268634e+03 1.255951e+04 1.878608e+04  
2.747121e-02 5.036039e+03 9.187055e+03 1.244851e+04 1.861916e+04  
2.785414e-02 4.990521e+03 9.103550e+03 1.233490e+04 1.844836e+04  
2.824241e-02 4.943986e+03 9.018197e+03 1.221880e+04 1.827383e+04  
2.863610e-02 4.896480e+03 8.931083e+03 1.210032e+04 1.809575e+04  
2.903527e-02 4.848055e+03 8.842304e+03 1.197959e+04 1.791432e+04  
2.944000e-02 4.798769e+03 8.751964e+03 1.185675e+04 1.772976e+04  
2.985038e-02 4.748671e+03 8.660151e+03 1.173193e+04 1.754223e+04  
3.026648e-02 4.697807e+03 8.566956e+03 1.160523e+04 1.735193e+04  
3.068838e-02 4.646232e+03 8.472475e+03 1.147681e+04 1.715906e+04  
3.111616e-02 4.594004e+03 8.376815e+03 1.134680e+04 1.696382e+04  
3.154990e-02 4.541186e+03 8.280094e+03 1.121536e+04 1.676646e+04  
3.198969e-02 4.487849e+03 8.182438e+03 1.108266e+04 1.656725e+04  
3.243561e-02 4.434067e+03 8.083986e+03 1.094889e+04 1.636645e+04  
3.288774e-02 4.379905e+03 7.984854e+03 1.081422e+04 1.616431e+04  
3.334618e-02 4.325422e+03 7.885152e+03 1.067878e+04 1.596105e+04  
3.381101e-02 4.270681e+03 7.784994e+03 1.054274e+04 1.575691e+04  
3.428231e-02 4.215752e+03 7.684507e+03 1.040626e+04 1.555213e+04  
3.476019e-02 4.160708e+03 7.583827e+03 1.026953e+04 1.534700e+04  
3.524473e-02 4.105629e+03 7.483098e+03 1.013274e+04 1.514182e+04  
3.573602e-02 4.050601e+03 7.382477e+03 9.996119e+03 1.493689e+04  
3.623416e-02 3.995700e+03 7.282101e+03 9.859840e+03 1.473250e+04  
3.673925e-02 3.940992e+03 7.182094e+03 9.724071e+03 1.452890e+04  
3.725137e-02 3.886548e+03 7.082583e+03 9.588986e+03 1.432635e+04  
3.777064e-02 3.832443e+03 6.983705e+03 9.454771e+03 1.412512e+04  
3.829714e-02 3.778758e+03 6.885605e+03 9.321623e+03 1.392552e+04  
3.883098e-02 3.725576e+03 6.788438e+03 9.189751e+03 1.372785e+04  
3.937226e-02 3.672988e+03 6.692367e+03 9.059375e+03 1.353244e+04  
3.992109e-02 3.621065e+03 6.597519e+03 8.930668e+03 1.333956e+04  
4.047757e-02 3.569844e+03 6.503964e+03 8.803725e+03 1.314934e+04  
4.104181e-02 3.519362e+03 6.411767e+03 8.678634e+03 1.296192e+04  
4.161391e-02 3.469656e+03 6.320998e+03 8.555487e+03 1.277744e+04  
4.219398e-02 3.420765e+03 6.231722e+03 8.434376e+03 1.259603e+04  
4.278214e-02 3.372726e+03 6.144011e+03 8.315396e+03 1.241784e+04  
4.337850e-02 3.325579e+03 6.057935e+03 8.198641e+03 1.224301e+04  
4.398317e-02 3.279372e+03 5.973582e+03 8.084232e+03 1.207172e+04  
4.459628e-02 3.234175e+03 5.891077e+03 7.972336e+03 1.190422e+04  
4.521792e-02 3.190063e+03 5.810554e+03 7.863135e+03 1.174078e+04  
4.584824e-02 3.147112e+03 5.732154e+03 7.756818e+03 1.158169e+04  
4.648734e-02 3.105405e+03 5.656022e+03 7.653584e+03 1.142725e+04  
4.713535e-02 3.065025e+03 5.582311e+03 7.553638e+03 1.127777e+04  
4.779239e-02 3.026062e+03 5.511179e+03 7.457193e+03 1.113356e+04  
4.845859e-02 2.988554e+03 5.442698e+03 7.364345e+03 1.099476e+04  
4.913407e-02 2.952461e+03 5.376792e+03 7.274993e+03 1.086125e+04  
4.981898e-02 2.917729e+03 5.313363e+03 7.189002e+03 1.073280e+04  
5.051342e-02 2.884296e+03 5.252294e+03 7.106216e+03 1.060918e+04  
5.121755e-02 2.852090e+03 5.193457e+03 7.026460e+03 1.049015e+04  
5.193150e-02 2.821029e+03 5.136704e+03 6.949533e+03 1.037539e+04  
5.265540e-02 2.791038e+03 5.081894e+03 6.875246e+03 1.026463e+04  
5.338938e-02 2.762076e+03 5.028953e+03 6.803499e+03 1.015772e+04  
5.413360e-02 2.734107e+03 4.977815e+03 6.734201e+03 1.005452e+04  
5.488820e-02 2.707088e+03 4.928403e+03 6.667249e+03 9.954886e+03  
5.565331e-02 2.680973e+03 4.880630e+03 6.602524e+03 9.858636e+03  
5.642908e-02 2.655706e+03 4.834395e+03 6.539893e+03 9.765574e+03  
5.721568e-02 2.631224e+03 4.789586e+03 6.479200e+03 9.675469e+03  
5.801323e-02 2.607456e+03 4.746067e+03 6.420265e+03 9.588054e+03  
5.882190e-02 2.584318e+03 4.703692e+03 6.362888e+03 9.503030e+03  
5.964185e-02 2.561720e+03 4.662296e+03 6.306848e+03 9.420068e+03  
6.047322e-02 2.539563e+03 4.621698e+03 6.251901e+03 9.338803e+03  
6.131619e-02 2.517737e+03 4.581701e+03 6.197780e+03 9.258837e+03  
6.217090e-02 2.496123e+03 4.542090e+03 6.144195e+03 9.179736e+03  
6.303753e-02 2.474591e+03 4.502631e+03 6.090830e+03 9.101027e+03  
6.391624e-02 2.453000e+03 4.463070e+03 6.037342e+03 9.022193e+03  
6.480720e-02 2.431196e+03 4.423129e+03 5.983357e+03 8.942674e+03  
6.571058e-02 2.409022e+03 4.382527e+03 5.928495e+03 8.861896e+03  
6.662655e-02 2.386355e+03 4.341043e+03 5.872459e+03 8.779412e+03  
6.755528e-02 2.363077e+03 4.298466e+03 5.814962e+03 8.694788e+03  
6.849697e-02 2.339059e+03 4.254567e+03 5.755698e+03 8.607560e+03  
6.945178e-02 2.314166e+03 4.209103e+03 5.694337e+03 8.517227e+03  
7.041990e-02 2.288276e+03 4.161859e+03 5.630589e+03 8.423348e+03  
7.140151e-02 2.261306e+03 4.112688e+03 5.564257e+03 8.325620e+03  
7.239681e-02 2.233177e+03 4.061447e+03 5.495146e+03 8.223744e+03  
7.340598e-02 2.203800e+03 4.007982e+03 5.423050e+03 8.117403e+03  
7.442922e-02 2.173095e+03 3.952153e+03 5.347779e+03 8.006300e+03  
7.546673e-02 2.141044e+03 3.893929e+03 5.269291e+03 7.890365e+03  
7.651869e-02 2.107651e+03 3.833322e+03 5.187601e+03 7.769614e+03  
7.758532e-02 2.072925e+03 3.770348e+03 5.102733e+03 7.644073e+03  
7.866682e-02 2.036882e+03 3.705040e+03 5.014729e+03 7.513799e+03  
7.976339e-02 1.999589e+03 3.637521e+03 4.923757e+03 7.379036e+03  
8.087525e-02 1.961145e+03 3.567971e+03 4.830059e+03 7.240145e+03  
8.200261e-02 1.921660e+03 3.496590e+03 4.733902e+03 7.097523e+03  
8.314568e-02 1.881255e+03 3.423595e+03 4.635584e+03 6.951613e+03  
8.430468e-02 1.840071e+03 3.349242e+03 4.535447e+03 6.802930e+03  
8.547985e-02 1.798265e+03 3.273814e+03 4.433873e+03 6.652047e+03  
8.667139e-02 1.756009e+03 3.197619e+03 4.331278e+03 6.499589e+03  
8.787954e-02 1.713484e+03 3.120980e+03 4.228099e+03 6.346218e+03  
8.910453e-02 1.670874e+03 3.044229e+03 4.124784e+03 6.192609e+03  
9.034660e-02 1.628378e+03 2.967721e+03 4.021810e+03 6.039484e+03  
9.160598e-02 1.586208e+03 2.891834e+03 3.919688e+03 5.887619e+03  
9.288292e-02 1.544567e+03 2.816930e+03 3.818907e+03 5.737754e+03  
9.417766e-02 1.503654e+03 2.743366e+03 3.719948e+03 5.590619e+03  
9.549045e-02 1.463686e+03 2.671523e+03 3.623325e+03 5.446995e+03  
9.682153e-02 1.424890e+03 2.601808e+03 3.529586e+03 5.307714e+03  
9.817117e-02 1.387468e+03 2.534580e+03 3.439213e+03 5.173510e+03  
9.953962e-02 1.351586e+03 2.470129e+03 3.352600e+03 5.044982e+03  
1.009272e-01 1.317416e+03 2.408761e+03 3.270157e+03 4.922754e+03  
1.023340e-01 1.285139e+03 2.350793e+03 3.192311e+03 4.807479e+03  
1.037605e-01 1.254873e+03 2.296436e+03 3.119345e+03 4.699588e+03  
1.052069e-01 1.226670e+03 2.245776e+03 3.051376e+03 4.599264e+03  
1.066734e-01 1.200578e+03 2.198895e+03 2.988511e+03 4.506676e+03  
1.081604e-01 1.176634e+03 2.155853e+03 2.930833e+03 4.421955e+03  
1.096681e-01 1.154783e+03 2.116551e+03 2.878206e+03 4.344902e+03  
1.111968e-01 1.134916e+03 2.080790e+03 2.830361e+03 4.275117e+03  
1.127468e-01 1.116908e+03 2.048343e+03 2.786995e+03 4.212146e+03  
1.143184e-01 1.100606e+03 2.018937e+03 2.747737e+03 4.155435e+03  
1.159120e-01 1.085810e+03 1.992209e+03 2.712100e+03 4.104252e+03  
1.175277e-01 1.072291e+03 1.967755e+03 2.679537e+03 4.057773e+03  
1.191660e-01 1.059804e+03 1.945136e+03 2.649458e+03 4.015103e+03  
1.208271e-01 1.048102e+03 1.923911e+03 2.621269e+03 3.975342e+03  
1.225114e-01 1.036924e+03 1.903619e+03 2.594347e+03 3.937542e+03  
1.242191e-01 1.025990e+03 1.883762e+03 2.568020e+03 3.900676e+03  
1.259506e-01 1.015034e+03 1.863870e+03 2.541654e+03 3.863771e+03  
1.277063e-01 1.003805e+03 1.843499e+03 2.514648e+03 3.825896e+03  
1.294865e-01 9.920312e+02 1.822171e+03 2.486355e+03 3.786055e+03  
1.312915e-01 9.794783e+02 1.799473e+03 2.456216e+03 3.743370e+03  
1.331216e-01 9.659575e+02 1.775074e+03 2.423781e+03 3.697136e+03  
1.349772e-01 9.512730e+02 1.748631e+03 2.388585e+03 3.646618e+03  
1.368587e-01 9.353008e+02 1.719929e+03 2.350332e+03 3.591345e+03  
1.387665e-01 9.180031e+02 1.688903e+03 2.308935e+03 3.531163e+03  
1.407008e-01 8.993519e+02 1.655508e+03 2.264328e+03 3.465955e+03  
1.426621e-01 8.794106e+02 1.619858e+03 2.216667e+03 3.395948e+03  
1.446507e-01 8.583190e+02 1.582203e+03 2.166286e+03 3.321651e+03  
1.466671e-01 8.362401e+02 1.542833e+03 2.113577e+03 3.243664e+03  
1.487115e-01 8.134033e+02 1.502153e+03 2.059089e+03 3.162835e+03  
1.507845e-01 7.900775e+02 1.460638e+03 2.003466e+03 3.080160e+03  
1.528864e-01 7.665515e+02 1.418798e+03 1.947396e+03 2.996710e+03  
1.550175e-01 7.431319e+02 1.377172e+03 1.891611e+03 2.913620e+03  
1.571784e-01 7.201449e+02 1.336332e+03 1.836885e+03 2.832096e+03  
1.593694e-01 6.978916e+02 1.296808e+03 1.783932e+03 2.753247e+03  
1.615909e-01 6.766622e+02 1.259106e+03 1.733440e+03 2.678140e+03  
1.638434e-01 6.567247e+02 1.223694e+03 1.686038e+03 2.607756e+03  
1.661273e-01 6.382673e+02 1.190900e+03 1.642170e+03 2.542780e+03  
1.684430e-01 6.214587e+02 1.161015e+03 1.602229e+03 2.483826e+03  
1.707910e-01 6.063469e+02 1.134120e+03 1.566322e+03 2.431064e+03  
1.731717e-01 5.929194e+02 1.110189e+03 1.534414e+03 2.384444e+03  
1.755856e-01 5.810926e+02 1.089072e+03 1.506302e+03 2.343659e+03  
1.780332e-01 5.707054e+02 1.070482e+03 1.481601e+03 2.308121e+03  
1.805149e-01 5.615605e+02 1.054073e+03 1.459841e+03 2.277110e+03  
1.830312e-01 5.534100e+02 1.039407e+03 1.440435e+03 2.249723e+03  
1.855825e-01 5.459805e+02 1.026005e+03 1.422735e+03 2.224959e+03  
1.881694e-01 5.389772e+02 1.013351e+03 1.406042e+03 2.201736e+03  
1.907924e-01 5.320892e+02 1.000902e+03 1.389624e+03 2.178909e+03  
1.934520e-01 5.250179e+02 9.881375e+02 1.372774e+03 2.155373e+03  
1.961486e-01 5.174689e+02 9.745439e+02 1.354795e+03 2.130030e+03  
1.988828e-01 5.092152e+02 9.597273e+02 1.335152e+03 2.102030e+03  
2.016551e-01 5.000689e+02 9.433621e+02 1.313402e+03 2.070664e+03  
2.044661e-01 4.899663e+02 9.253398e+02 1.289394e+03 2.035689e+03  
2.073162e-01 4.789109e+02 9.056688e+02 1.263140e+03 1.997111e+03  
2.102061e-01 4.670253e+02 8.845650e+02 1.234931e+03 1.955385e+03  
2.131362e-01 4.544869e+02 8.623394e+02 1.205190e+03 1.911176e+03  
2.161073e-01 4.415297e+02 8.394007e+02 1.174471e+03 1.865359e+03  
2.191197e-01 4.284181e+02 8.162095e+02 1.143401e+03 1.818921e+03  
2.221741e-01 4.154427e+02 7.932709e+02 1.112665e+03 1.772944e+03  
2.252711e-01 4.028834e+02 7.710702e+02 1.082921e+03 1.728466e+03  
2.284112e-01 3.909975e+02 7.500524e+02 1.054771e+03 1.686434e+03  
2.315951e-01 3.799850e+02 7.305621e+02 1.028682e+03 1.647579e+03  
2.348235e-01 3.699912e+02 7.128480e+02 1.004989e+03 1.612427e+03  
2.380968e-01 3.610623e+02 6.969868e+02 9.837950e+02 1.581139e+03  
2.414157e-01 3.531719e+02 6.829302e+02 9.650336e+02 1.553614e+03  
2.447809e-01 3.462141e+02 6.704921e+02 9.484532e+02 1.529458e+03  
2.481930e-01 3.400307e+02 6.593966e+02 9.336806e+02 1.508090e+03  
2.516527e-01 3.344192e+02 6.492925e+02 9.202412e+02 1.488768e+03  
2.551606e-01 3.291342e+02 6.397549e+02 9.075601e+02 1.470592e+03  
2.587174e-01 3.239128e+02 6.303299e+02 8.950226e+02 1.452594e+03  
2.623238e-01 3.184989e+02 6.205763e+02 8.820309e+02 1.433833e+03  
2.659804e-01 3.126986e+02 6.101606e+02 8.681327e+02 1.413592e+03  
2.696881e-01 3.064000e+02 5.988914e+02 8.530677e+02 1.391458e+03  
2.734474e-01 2.995834e+02 5.867369e+02 8.367929e+02 1.367362e+03  
2.772591e-01 2.923270e+02 5.738330e+02 8.194929e+02 1.341596e+03  
2.811239e-01 2.847606e+02 5.604047e+02 8.014736e+02 1.314645e+03  
2.850426e-01 2.770459e+02 5.467311e+02 7.831140e+02 1.287112e+03  
2.890160e-01 2.693641e+02 5.331236e+02 7.648368e+02 1.259664e+03  
2.930447e-01 2.619109e+02 5.199181e+02 7.470969e+02 1.233022e+03  
2.971296e-01 2.548693e+02 5.074270e+02 7.303166e+02 1.207848e+03  
3.012714e-01 2.483788e+02 4.958875e+02 7.148158e+02 1.184646e+03  
3.054710e-01 2.425052e+02 4.854101e+02 7.007428e+02 1.163646e+03  
3.097291e-01 2.372237e+02 4.759502e+02 6.880365e+02 1.144749e+03  
3.140465e-01 2.324394e+02 4.673435e+02 6.764742e+02 1.127606e+03  
3.184242e-01 2.280166e+02 4.593569e+02 6.657410e+02 1.111723e+03  
3.228628e-01 2.238060e+02 4.517352e+02 6.554919e+02 1.096559e+03  
3.273634e-01 2.196557e+02 4.442189e+02 6.453769e+02 1.081565e+03  
3.319266e-01 2.154238e+02 4.365667e+02 6.350698e+02 1.066230e+03  
3.365535e-01 2.110055e+02 4.286007e+02 6.243312e+02 1.050179e+03  
3.412449e-01 2.063571e+02 4.202481e+02 6.130631e+02 1.033261e+03  
3.460016e-01 2.015106e+02 4.115641e+02 6.013411e+02 1.015597e+03  
3.508247e-01 1.965616e+02 4.027123e+02 5.893866e+02 9.975375e+02  
3.557150e-01 1.916278e+02 3.938927e+02 5.774703e+02 9.795088e+02  
3.606735e-01 1.868233e+02 3.852987e+02 5.658526e+02 9.619193e+02  
3.657011e-01 1.822460e+02 3.770950e+02 5.547554e+02 9.451152e+02  
3.707988e-01 1.779615e+02 3.693916e+02 5.443258e+02 9.293242e+02  
3.759675e-01 1.739978e+02 3.622343e+02 5.346249e+02 9.146395e+02  
3.812083e-01 1.703288e+02 3.555778e+02 5.255907e+02 9.009628e+02  
3.865221e-01 1.668819e+02 3.492985e+02 5.170569e+02 8.880341e+02  
3.919100e-01 1.635640e+02 3.432392e+02 5.088121e+02 8.755253e+02  
3.973730e-01 1.602885e+02 3.372540e+02 5.006606e+02 8.631333e+02  
4.029122e-01 1.569884e+02 3.312307e+02 4.924523e+02 8.506269e+02  
4.085286e-01 1.536249e+02 3.251046e+02 4.841009e+02 8.378749e+02  
4.142232e-01 1.501978e+02 3.188763e+02 4.756082e+02 8.248825e+02  
4.199973e-01 1.467530e+02 3.126231e+02 4.670780e+02 8.118123e+02  
4.258518e-01 1.433561e+02 3.064546e+02 4.586576e+02 7.988927e+02  
4.317880e-01 1.400634e+02 3.004649e+02 4.504726e+02 7.863175e+02  
4.378069e-01 1.369158e+02 2.947212e+02 4.426126e+02 7.742232e+02  
4.439097e-01 1.339364e+02 2.892616e+02 4.351276e+02 7.626852e+02  
4.500975e-01 1.311200e+02 2.840764e+02 4.280043e+02 7.516817e+02  
4.563716e-01 1.284293e+02 2.791029e+02 4.211587e+02 7.410833e+02  
4.627332e-01 1.258131e+02 2.742561e+02 4.144778e+02 7.307178e+02  
4.691835e-01 1.232310e+02 2.694687e+02 4.078721e+02 7.204497e+02  
4.757236e-01 1.206602e+02 2.647035e+02 4.012927e+02 7.102060e+02  
4.823549e-01 1.180894e+02 2.599421e+02 3.947155e+02 6.999520e+02  
4.890787e-01 1.155318e+02 2.552063e+02 3.881698e+02 6.897334e+02  
4.958962e-01 1.130218e+02 2.505531e+02 3.817312e+02 6.796647e+02  
5.028087e-01 1.105890e+02 2.460304e+02 3.754631e+02 6.698413e+02  
5.098176e-01 1.082459e+02 2.416586e+02 3.693920e+02 6.603024e+02  
5.169242e-01 1.059962e+02 2.374430e+02 3.635247e+02 6.510570e+02  
5.241298e-01 1.038297e+02 2.333668e+02 3.578386e+02 6.420710e+02  
5.314359e-01 1.017267e+02 2.293973e+02 3.522908e+02 6.332800e+02  
5.388438e-01 9.966085e+01 2.254916e+02 3.468248e+02 6.246008e+02  
5.463550e-01 9.762227e+01 2.216337e+02 3.414201e+02 6.160038e+02  
5.539709e-01 9.561155e+01 2.178247e+02 3.360781e+02 6.074916e+02  
5.616930e-01 9.363370e+01 2.140727e+02 3.308094e+02 5.990808e+02  
5.695227e-01 9.170055e+01 2.103966e+02 3.256391e+02 5.908078e+02  
5.774615e-01 8.982785e+01 2.068215e+02 3.205995e+02 5.827197e+02  
5.855110e-01 8.801241e+01 2.033421e+02 3.156835e+02 5.748055e+02  
5.936727e-01 8.625084e+01 1.999525e+02 3.108835e+02 5.670539e+02  
6.019482e-01 8.453653e+01 1.966421e+02 3.061854e+02 5.594443e+02  
6.103390e-01 8.285751e+01 1.933916e+02 3.015643e+02 5.519411e+02  
6.188468e-01 8.120798e+01 1.901918e+02 2.970085e+02 5.445274e+02  
6.274732e-01 7.959120e+01 1.870476e+02 2.925244e+02 5.372140e+02  
6.362198e-01 7.800874e+01 1.839617e+02 2.881153e+02 5.300042e+02  
6.450884e-01 7.646558e+01 1.809416e+02 2.837910e+02 5.229123e+02  
6.540806e-01 7.496446e+01 1.779915e+02 2.795566e+02 5.159450e+02  
6.631981e-01 7.350343e+01 1.751081e+02 2.754078e+02 5.090961e+02  
6.724427e-01 7.207844e+01 1.722850e+02 2.713363e+02 5.023537e+02  
6.818162e-01 7.068299e+01 1.695118e+02 2.673290e+02 4.957000e+02  
6.913204e-01 6.931722e+01 1.667886e+02 2.633861e+02 4.891350e+02  
7.009570e-01 6.798184e+01 1.641166e+02 2.595088e+02 4.826606e+02  
7.107280e-01 6.667742e+01 1.614964e+02 2.556980e+02 4.762777e+02  
7.206351e-01 6.540359e+01 1.589274e+02 2.519528e+02 4.699849e+02  
7.306804e-01 6.415946e+01 1.564079e+02 2.482713e+02 4.637795e+02  
7.408657e-01 6.294400e+01 1.539365e+02 2.446512e+02 4.576585e+02  
7.511929e-01 6.175623e+01 1.515113e+02 2.410905e+02 4.516189e+02  
7.616642e-01 6.059542e+01 1.491313e+02 2.375877e+02 4.456585e+02  
7.722814e-01 5.946077e+01 1.467950e+02 2.341409e+02 4.397749e+02  
7.830465e-01 5.835139e+01 1.445010e+02 2.307484e+02 4.339656e+02  
7.939618e-01 5.726661e+01 1.422482e+02 2.274087e+02 4.282287e+02  
8.050292e-01 5.620590e+01 1.400357e+02 2.241208e+02 4.225625e+02  
8.162509e-01 5.516867e+01 1.378625e+02 2.208832e+02 4.169652e+02  
8.276289e-01 5.415427e+01 1.357275e+02 2.176948e+02 4.114350e+02  
8.391656e-01 5.316220e+01 1.336299e+02 2.145543e+02 4.059705e+02  
8.508632e-01 5.219193e+01 1.315689e+02 2.114607e+02 4.005699e+02  
8.627237e-01 5.124285e+01 1.295433e+02 2.084127e+02 3.952318e+02  
8.747496e-01 5.031436e+01 1.275523e+02 2.054091e+02 3.899543e+02  
8.869432e-01 4.940594e+01 1.255949e+02 2.024489e+02 3.847360e+02  
8.993067e-01 4.851698e+01 1.236702e+02 1.995307e+02 3.795754e+02  
9.118425e-01 4.764685e+01 1.217773e+02 1.966534e+02 3.744708e+02  
9.245531e-01 4.679509e+01 1.199153e+02 1.938161e+02 3.694211e+02  
9.374409e-01 4.596132e+01 1.180836e+02 1.910179e+02 3.644251e+02  
9.505083e-01 4.514508e+01 1.162814e+02 1.882580e+02 3.594816e+02  
9.637579e-01 4.434591e+01 1.145082e+02 1.855353e+02 3.545895e+02  
9.771921e-01 4.356341e+01 1.127631e+02 1.828493e+02 3.497478e+02  
9.908137e-01 4.279713e+01 1.110455e+02 1.801988e+02 3.449552e+02  
1.004625e+00 4.204657e+01 1.093546e+02 1.775832e+02 3.402108e+02  
1.018629e+00 4.131129e+01 1.076897e+02 1.750014e+02 3.355134e+02  
1.032828e+00 4.059092e+01 1.060502e+02 1.724528e+02 3.308622e+02  
1.047225e+00 3.988505e+01 1.044356e+02 1.699367e+02 3.262562e+02  
1.061823e+00 3.919322e+01 1.028450e+02 1.674522e+02 3.216945e+02  
1.076624e+00 3.851514e+01 1.012781e+02 1.649987e+02 3.171765e+02  
1.091632e+00 3.785051e+01 9.973431e+01 1.625757e+02 3.127013e+02  
1.106848e+00 3.719900e+01 9.821319e+01 1.601827e+02 3.082684e+02  
1.122277e+00 3.656027e+01 9.671420e+01 1.578189e+02 3.038770e+02  
1.137921e+00 3.593401e+01 9.523686e+01 1.554838e+02 2.995265e+02  
1.153783e+00 3.531987e+01 9.378067e+01 1.531769e+02 2.952162e+02  
1.169866e+00 3.471748e+01 9.234506e+01 1.508975e+02 2.909455e+02  
1.186174e+00 3.412653e+01 9.092958e+01 1.486450e+02 2.867139e+02  
1.202708e+00 3.354676e+01 8.953384e+01 1.464192e+02 2.825208e+02  
1.219473e+00 3.297788e+01 8.815740e+01 1.442193e+02 2.783657e+02  
1.236472e+00 3.241956e+01 8.679981e+01 1.420450e+02 2.742482e+02  
1.253708e+00 3.187160e+01 8.546075e+01 1.398959e+02 2.701679e+02  
1.271184e+00 3.133376e+01 8.413987e+01 1.377716e+02 2.661244e+02  
1.288904e+00 3.080577e+01 8.283678e+01 1.356716e+02 2.621174e+02  
1.306870e+00 3.028739e+01 8.155114e+01 1.335957e+02 2.581465e+02  
1.325087e+00 2.977840e+01 8.028262e+01 1.315433e+02 2.542114e+02  
1.343558e+00 2.927854e+01 7.903088e+01 1.295143e+02 2.503119e+02  
1.362287e+00 2.878755e+01 7.779555e+01 1.275081e+02 2.464475e+02  
1.381276e+00 2.830524e+01 7.657636e+01 1.255245e+02 2.426182e+02  
1.400531e+00 2.783143e+01 7.537306e+01 1.235632e+02 2.388237e+02  
1.420053e+00 2.736592e+01 7.418535e+01 1.216240e+02 2.350638e+02  
1.439848e+00 2.690849e+01 7.301296e+01 1.197065e+02 2.313384e+02  
1.459919e+00 2.645898e+01 7.185565e+01 1.178104e+02 2.276472e+02  
1.480269e+00 2.601717e+01 7.071313e+01 1.159356e+02 2.239902e+02  
1.500903e+00 2.558286e+01 6.958513e+01 1.140817e+02 2.203672e+02  
1.521825e+00 2.515586e+01 6.847143e+01 1.122484e+02 2.167781e+02  
1.543038e+00 2.473604e+01 6.737182e+01 1.104357e+02 2.132229e+02  
1.564548e+00 2.432324e+01 6.628608e+01 1.086432e+02 2.097015e+02  
1.586357e+00 2.391727e+01 6.521400e+01 1.068708e+02 2.062138e+02  
1.608469e+00 2.351802e+01 6.415540e+01 1.051183e+02 2.027598e+02  
1.630891e+00 2.312532e+01 6.311008e+01 1.033855e+02 1.993395e+02  
1.653624e+00 2.273902e+01 6.207784e+01 1.016721e+02 1.959529e+02  
1.676675e+00 2.235898e+01 6.105850e+01 9.997815e+01 1.925999e+02  
1.700047e+00 2.198506e+01 6.005189e+01 9.830335e+01 1.892806e+02  
1.723745e+00 2.161714e+01 5.905785e+01 9.664756e+01 1.859950e+02  
1.747773e+00 2.125508e+01 5.807620e+01 9.501064e+01 1.827432e+02  
1.772136e+00 2.089875e+01 5.710680e+01 9.339244e+01 1.795251e+02  
1.796838e+00 2.054804e+01 5.614949e+01 9.179284e+01 1.763408e+02  
1.821885e+00 2.020282e+01 5.520413e+01 9.021169e+01 1.731904e+02  
1.847281e+00 1.986298e+01 5.427056e+01 8.864886e+01 1.700739e+02  
1.873032e+00 1.952841e+01 5.334868e+01 8.710424e+01 1.669914e+02  
1.899141e+00 1.919903e+01 5.243834e+01 8.557773e+01 1.639430e+02  
1.925614e+00 1.887472e+01 5.153942e+01 8.406920e+01 1.609286e+02  
1.952456e+00 1.855538e+01 5.065181e+01 8.257856e+01 1.579485e+02  
1.979672e+00 1.824092e+01 4.977538e+01 8.110569e+01 1.550026e+02  
2.007267e+00 1.793123e+01 4.891001e+01 7.965050e+01 1.520911e+02  
2.035248e+00 1.762622e+01 4.805559e+01 7.821287e+01 1.492140e+02  
2.063618e+00 1.732580e+01 4.721201e+01 7.679274e+01 1.463713e+02  
2.092383e+00 1.702990e+01 4.637917e+01 7.539000e+01 1.435632e+02  
2.121550e+00 1.673842e+01 4.555697e+01 7.400457e+01 1.407897e+02  
2.151123e+00 1.645129e+01 4.474532e+01 7.263636e+01 1.380509e+02  
2.181109e+00 1.616843e+01 4.394411e+01 7.128530e+01 1.353467e+02  
2.211512e+00 1.588978e+01 4.315327e+01 6.995130e+01 1.326774e+02  
2.242340e+00 1.561525e+01 4.237269e+01 6.863429e+01 1.300429e+02  
2.273597e+00 1.534477e+01 4.160229e+01 6.733418e+01 1.274432e+02  
2.305289e+00 1.507827e+01 4.084198e+01 6.605091e+01 1.248784e+02  
2.337424e+00 1.481570e+01 4.009168e+01 6.478440e+01 1.223485e+02  
2.370006e+00 1.455697e+01 3.935130e+01 6.353457e+01 1.198536e+02  
2.403043e+00 1.430203e+01 3.862077e+01 6.230135e+01 1.173935e+02  
2.436540e+00 1.405081e+01 3.790001e+01 6.108468e+01 1.149684e+02  
2.470504e+00 1.380327e+01 3.718894e+01 5.988448e+01 1.125782e+02  
2.504942e+00 1.355934e+01 3.648748e+01 5.870067e+01 1.102228e+02  
2.539859e+00 1.331896e+01 3.579556e+01 5.753320e+01 1.079022e+02  
2.575263e+00 1.308209e+01 3.511312e+01 5.638199e+01 1.054739e+02  
2.611161e+00 1.284867e+01 3.444007e+01 5.524696e+01 1.033654e+02  
2.647559e+00 1.261865e+01 3.377635e+01 5.412806e+01 1.011489e+02  
2.684465e+00 1.239198e+01 3.312188e+01 5.302520e+01 9.896701e+01  
2.721885e+00 1.216861e+01 3.247660e+01 5.193831e+01 9.681954e+01  
2.759826e+00 1.194849e+01 3.184044e+01 5.086732e+01 9.470638e+01  
2.798297e+00 1.173158e+01 3.121334e+01 4.981216e+01 9.262742e+01  
2.837304e+00 1.151784e+01 3.059522e+01 4.877275e+01 9.058252e+01  
2.876854e+00 1.130721e+01 2.998602e+01 4.774901e+01 8.857151e+01  
2.916956e+00 1.109967e+01 2.938567e+01 4.674087e+01 8.659425e+01  
2.957617e+00 1.089517e+01 2.879412e+01 4.574824e+01 8.465053e+01  
2.998844e+00 1.069366e+01 2.821129e+01 4.477105e+01 8.274019e+01  
3.040646e+00 1.049512e+01 2.763713e+01 4.380921e+01 8.086301e+01  
3.083031e+00 1.029949e+01 2.707156e+01 4.286263e+01 7.901879e+01  
3.126007e+00 1.010675e+01 2.651452e+01 4.193123e+01 7.720728e+01  
3.169582e+00 9.916862e+00 2.596596e+01 4.101492e+01 7.542827e+01  
3.213764e+00 9.729783e+00 2.542580e+01 4.011360e+01 7.368150e+01  
3.258562e+00 9.545482e+00 2.489399e+01 3.922718e+01 7.196687e+01  
3.303985e+00 9.363928e+00 2.437046e+01 3.835557e+01 7.028365e+01  
3.350041e+00 9.185086e+00 2.385515e+01 3.749866e+01 6.863201e+01  
3.396739e+00 9.008925e+00 2.334800e+01 3.665635e+01 6.701151e+01  
3.444087e+00 8.835412e+00 2.284893e+01 3.582855e+01 6.542187e+01  
3.492096e+00 8.664516e+00 2.235790e+01 3.501513e+01 6.386279e+01  
3.540774e+00 8.496205e+00 2.187483e+01 3.421599e+01 6.233394e+01  
3.590130e+00 8.330451e+00 2.139966e+01 3.343102e+01 6.083501e+01  
3.640175e+00 8.167224e+00 2.093233e+01 3.266010e+01 5.936568e+01  
3.690917e+00 8.006496e+00 2.047277e+01 3.190312e+01 5.792560e+01  
3.742366e+00 7.848237e+00 2.002092e+01 3.115994e+01 5.651444e+01  
3.794533e+00 7.692421e+00 1.957672e+01 3.043046e+01 5.513186e+01  
3.847427e+00 7.539021e+00 1.914009e+01 2.971454e+01 5.377750e+01  
3.901058e+00 7.388007e+00 1.871098e+01 2.901205e+01 5.245102e+01  
3.955436e+00 7.239355e+00 1.828931e+01 2.832286e+01 5.115204e+01  
4.010573e+00 7.093039e+00 1.787502e+01 2.764684e+01 4.988021e+01  
4.066478e+00 6.949032e+00 1.746805e+01 2.698385e+01 4.863517e+01  
4.123163e+00 6.807309e+00 1.706832e+01 2.633376e+01 4.741653e+01  
4.180637e+00 6.667844e+00 1.667577e+01 2.569641e+01 4.622394e+01  
4.238913e+00 6.530613e+00 1.629032e+01 2.507167e+01 4.505701e+01  
4.298001e+00 6.395591e+00 1.591191e+01 2.445940e+01 4.391537e+01  
4.357913e+00 6.262753e+00 1.554048e+01 2.385944e+01 4.279865e+01  
4.418660e+00 6.132076e+00 1.517594e+01 2.327165e+01 4.170645e+01  
4.480254e+00 6.003536e+00 1.481822e+01 2.269588e+01 4.063841e+01  
4.542706e+00 5.877110e+00 1.446727e+01 2.213197e+01 3.959414e+01  
4.606029e+00 5.752773e+00 1.412299e+01 2.157977e+01 3.857326e+01  
4.670234e+00 5.630503e+00 1.378532e+01 2.103912e+01 3.757539e+01  
4.735335e+00 5.510277e+00 1.345419e+01 2.050988e+01 3.660005e+01  
4.801343e+00 5.392071e+00 1.312952e+01 1.999188e+01 3.564726e+01  
4.868271e+00 5.275864e+00 1.281124e+01 1.948496e+01 3.471603e+01  
4.936132e+00 5.161634e+00 1.249927e+01 1.898897e+01 3.380639e+01  
5.004939e+00 5.049356e+00 1.219353e+01 1.850375e+01 3.291788e+01  
5.074705e+00 4.939010e+00 1.189395e+01 1.802913e+01 3.205010e+01  
5.145444e+00 4.830575e+00 1.160046e+01 1.756496e+01 3.120269e+01  
5.217169e+00 4.724026e+00 1.131297e+01 1.711107e+01 3.037528e+01  
5.289893e+00 4.619344e+00 1.103140e+01 1.666730e+01 2.956749e+01  
5.363631e+00 4.516507e+00 1.075568e+01 1.623349e+01 2.877897e+01  
5.438397e+00 4.415493e+00 1.048573e+01 1.580950e+01 2.800934e+01  
5.514206e+00 4.316281e+00 1.022147e+01 1.539513e+01 2.725825e+01  
5.591071e+00 4.218850e+00 9.962825e+00 1.499025e+01 2.652534e+01  
5.669007e+00 4.123179e+00 9.709707e+00 1.459469e+01 2.581026e+01  
5.748030e+00 4.029246e+00 9.462041e+00 1.420828e+01 2.511264e+01  
5.828155e+00 3.937031e+00 9.219746e+00 1.383088e+01 2.443215e+01  
5.909396e+00 3.846514e+00 8.982741e+00 1.346232e+01 2.376844e+01  
5.991770e+00 3.757673e+00 8.750947e+00 1.310244e+01 2.312117e+01  
6.075292e+00 3.670488e+00 8.524283e+00 1.275109e+01 2.249014e+01  
6.159978e+00 3.584939e+00 8.302669e+00 1.240810e+01 2.187459e+01  
6.245845e+00 3.501005e+00 8.086024e+00 1.207334e+01 2.127463e+01  
6.332908e+00 3.418667e+00 7.874269e+00 1.174663e+01 2.068977e+01  
6.421186e+00 3.337903e+00 7.667322e+00 1.142783e+01 2.011972e+01  
6.510694e+00 3.258693e+00 7.465106e+00 1.111679e+01 1.956413e+01  
6.601449e+00 3.181019e+00 7.267539e+00 1.081335e+01 1.902271e+01  
6.693470e+00 3.104860e+00 7.074542e+00 1.051737e+01 1.849514e+01  
6.786773e+00 3.030195e+00 6.886037e+00 1.022869e+01 1.798113e+01  
6.881377e+00 2.957006e+00 6.701943e+00 9.947150e+00 1.748036e+01  
6.977300e+00 2.885273e+00 6.522184e+00 9.672694e+00 1.699254e+01  
7.074559e+00 2.814976e+00 6.346681e+00 9.335689e+00 1.651740e+01  
7.173175e+00 2.746095e+00 6.175356e+00 9.144189e+00 1.605464e+01  
7.273165e+00 2.678611e+00 6.008132e+00 8.889892e+00 1.560397e+01  
7.374549e+00 2.612505e+00 5.844933e+00 8.642056e+00 1.516512e+01  
7.477346e+00 2.547758e+00 5.685682e+00 8.400533e+00 1.473782e+01  
7.581576e+00 2.484350e+00 5.530305e+00 8.165193e+00 1.432225e+01  
7.687260e+00 2.422262e+00 5.378727e+00 7.935901e+00 1.391680e+01  
7.794416e+00 2.361475e+00 5.230874e+00 7.712527e+00 1.352255e+01  
7.903066e+00 2.301970e+00 5.086672e+00 7.494941e+00 1.313881e+01  
8.013230e+00 2.243728e+00 4.946049e+00 7.283014e+00 1.276533e+01  
8.124930e+00 2.186731e+00 4.808933e+00 7.076622e+00 1.240185e+01  
8.238187e+00 2.130959e+00 4.675253e+00 6.875590e+00 1.204815e+01  
8.353023e+00 2.076395e+00 4.544937e+00 6.679947e+00 1.170397e+01  
8.469460e+00 2.023018e+00 4.417917e+00 6.489420e+00 1.136912e+01  
8.587519e+00 1.970811e+00 4.294123e+00 6.303943e+00 1.104330e+01  
8.707225e+00 1.919756e+00 4.173488e+00 6.123399e+00 1.072637e+01  
8.828599e+00 1.869834e+00 4.055944e+00 5.947672e+00 1.041806e+01  
8.951665e+00 1.821026e+00 3.941426e+00 5.776651e+00 1.011817e+01  
9.076446e+00 1.773315e+00 3.829867e+00 5.610226e+00 9.825456e+00  
9.202967e+00 1.726682e+00 3.721203e+00 5.448286e+00 9.542819e+00  
9.331251e+00 1.681110e+00 3.615372e+00 5.290727e+00 9.266952e+00  
9.461324e+00 1.636580e+00 3.512309e+00 5.137441e+00 8.998693e+00  
9.593209e+00 1.593075e+00 3.411954e+00 4.988327e+00 8.737849e+00  
9.726934e+00 1.550577e+00 3.314246e+00 4.843267e+00 8.484231e+00  
9.862522e+00 1.509069e+00 3.219123e+00 4.702203e+00 8.237654e+00  
1.000000e+01 1.468532e+00 3.126528e+00 4.564905e+00 7.997947e+00  
