1.000000e-02 2.903688e+03 5.355173e+03 7.300073e+03 1.100205e+04  
1.013939e-02 2.922242e+03 5.389272e+03 7.346444e+03 1.107166e+04  
1.028073e-02 2.940636e+03 5.423075e+03 7.392408e+03 1.114066e+04  
1.042404e-02 2.958864e+03 5.456567e+03 7.437945e+03 1.120901e+04  
1.056935e-02 2.976917e+03 5.489734e+03 7.483036e+03 1.127668e+04  
1.071668e-02 2.994788e+03 5.522561e+03 7.527662e+03 1.134364e+04  
1.086606e-02 3.012468e+03 5.555034e+03 7.571801e+03 1.140986e+04  
1.101753e-02 3.029950e+03 5.587138e+03 7.615435e+03 1.147531e+04  
1.117111e-02 3.047226e+03 5.618860e+03 7.658544e+03 1.153997e+04  
1.132683e-02 3.064289e+03 5.650184e+03 7.701109e+03 1.160380e+04  
1.148472e-02 3.081130e+03 5.681096e+03 7.743110e+03 1.166678e+04  
1.164481e-02 3.097743e+03 5.711583e+03 7.784527e+03 1.172887e+04  
1.180713e-02 3.114117e+03 5.741629e+03 7.825340e+03 1.179004e+04  
1.197171e-02 3.130245e+03 5.771216e+03 7.865525e+03 1.185026e+04  
1.213859e-02 3.146117e+03 5.800328e+03 7.905059e+03 1.190949e+04  
1.230780e-02 3.161724e+03 5.828947e+03 7.943919e+03 1.196770e+04  
1.247936e-02 3.177057e+03 5.857058e+03 7.982083e+03 1.202486e+04  
1.265332e-02 3.192107e+03 5.884643e+03 8.019527e+03 1.208093e+04  
1.282970e-02 3.206865e+03 5.911686e+03 8.056230e+03 1.213587e+04  
1.300854e-02 3.221322e+03 5.938172e+03 8.092170e+03 1.218966e+04  
1.318987e-02 3.235470e+03 5.964084e+03 8.127325e+03 1.224226e+04  
1.337373e-02 3.249301e+03 5.989408e+03 8.161675e+03 1.229365e+04  
1.356015e-02 3.262807e+03 6.014129e+03 8.195201e+03 1.234378e+04  
1.374917e-02 3.275980e+03 6.038233e+03 8.227883e+03 1.239264e+04  
1.394083e-02 3.288813e+03 6.061706e+03 8.259703e+03 1.244020e+04  
1.413516e-02 3.301299e+03 6.084536e+03 8.290642e+03 1.248643e+04  
1.433219e-02 3.313429e+03 6.106707e+03 8.320681e+03 1.253129e+04  
1.453198e-02 3.325194e+03 6.128201e+03 8.349795e+03 1.257475e+04  
1.473454e-02 3.336584e+03 6.149000e+03 8.377958e+03 1.261678e+04  
1.493993e-02 3.347589e+03 6.169086e+03 8.405148e+03 1.265734e+04  
1.514819e-02 3.358200e+03 6.188442e+03 8.431338e+03 1.269639e+04  
1.535935e-02 3.368407e+03 6.207050e+03 8.456508e+03 1.273390e+04  
1.557345e-02 3.378201e+03 6.224893e+03 8.480633e+03 1.276983e+04  
1.579053e-02 3.387574e+03 6.241956e+03 8.503691e+03 1.280415e+04  
1.601064e-02 3.396517e+03 6.258223e+03 8.525663e+03 1.283684e+04  
1.623382e-02 3.405022e+03 6.273680e+03 8.546528e+03 1.286785e+04  
1.646012e-02 3.413082e+03 6.288313e+03 8.566268e+03 1.289716e+04  
1.668956e-02 3.420690e+03 6.302109e+03 8.584866e+03 1.292476e+04  
1.692220e-02 3.427839e+03 6.315057e+03 8.602305e+03 1.295060e+04  
1.715809e-02 3.434523e+03 6.327146e+03 8.618571e+03 1.297468e+04  
1.739726e-02 3.440738e+03 6.338364e+03 8.633650e+03 1.299697e+04  
1.763977e-02 3.446474e+03 6.348699e+03 8.647521e+03 1.301744e+04  
1.788566e-02 3.451724e+03 6.358133e+03 8.660165e+03 1.303606e+04  
1.813498e-02 3.456480e+03 6.366654e+03 8.671562e+03 1.305280e+04  
1.838777e-02 3.460734e+03 6.374247e+03 8.681693e+03 1.306763e+04  
1.864409e-02 3.464479e+03 6.380900e+03 8.690541e+03 1.308054e+04  
1.890397e-02 3.467710e+03 6.386602e+03 8.698092e+03 1.309149e+04  
1.916748e-02 3.470420e+03 6.391342e+03 8.704330e+03 1.310046e+04  
1.943467e-02 3.472604e+03 6.395110e+03 8.709243e+03 1.310744e+04  
1.970558e-02 3.474257e+03 6.397895e+03 8.712816e+03 1.311241e+04  
1.998026e-02 3.475373e+03 6.399690e+03 8.715039e+03 1.311534e+04  
2.025878e-02 3.475949e+03 6.400487e+03 8.715900e+03 1.311623e+04  
2.054117e-02 3.475981e+03 6.400280e+03 8.715394e+03 1.311506e+04  
2.082751e-02 3.475468e+03 6.399067e+03 8.713514e+03 1.311183e+04  
2.111783e-02 3.474409e+03 6.396843e+03 8.710259e+03 1.310653e+04  
2.141220e-02 3.472800e+03 6.393605e+03 8.705620e+03 1.309915e+04  
2.171068e-02 3.470636e+03 6.389345e+03 8.699589e+03 1.308968e+04  
2.201331e-02 3.467916e+03 6.384056e+03 8.692156e+03 1.307811e+04  
2.232016e-02 3.464636e+03 6.377733e+03 8.683315e+03 1.306442e+04  
2.263130e-02 3.460793e+03 6.370375e+03 8.673062e+03 1.304861e+04  
2.294676e-02 3.456389e+03 6.361978e+03 8.661396e+03 1.303068e+04  
2.326663e-02 3.451422e+03 6.352545e+03 8.648318e+03 1.301063e+04  
2.359095e-02 3.445894e+03 6.342077e+03 8.633830e+03 1.298847e+04  
2.391980e-02 3.439803e+03 6.330572e+03 8.617931e+03 1.296419e+04  
2.425323e-02 3.433152e+03 6.318032e+03 8.600622e+03 1.293780e+04  
2.459130e-02 3.425940e+03 6.304460e+03 8.581910e+03 1.290930e+04  
2.493409e-02 3.418172e+03 6.289863e+03 8.561801e+03 1.287871e+04  
2.528166e-02 3.409852e+03 6.274248e+03 8.540308e+03 1.284605e+04  
2.563407e-02 3.400986e+03 6.257627e+03 8.517444e+03 1.281134e+04  
2.599140e-02 3.391579e+03 6.240009e+03 8.493227e+03 1.277459e+04  
2.635371e-02 3.381634e+03 6.221403e+03 8.467663e+03 1.273584e+04  
2.672106e-02 3.371157e+03 6.201815e+03 8.440764e+03 1.269508e+04  
2.709354e-02 3.360151e+03 6.181254e+03 8.412543e+03 1.265235e+04  
2.747121e-02 3.348624e+03 6.159734e+03 8.383017e+03 1.260766e+04  
2.785414e-02 3.336583e+03 6.137269e+03 8.352207e+03 1.256106e+04  
2.824241e-02 3.324039e+03 6.113877e+03 8.320138e+03 1.251257e+04  
2.863610e-02 3.311002e+03 6.089579e+03 8.286836e+03 1.246225e+04  
2.903527e-02 3.297479e+03 6.064388e+03 8.252322e+03 1.241011e+04  
2.944000e-02 3.283478e+03 6.038318e+03 8.216613e+03 1.235619e+04  
2.985038e-02 3.269008e+03 6.011386e+03 8.179733e+03 1.230053e+04  
3.026648e-02 3.254079e+03 5.983610e+03 8.141708e+03 1.224315e+04  
3.068838e-02 3.238702e+03 5.955013e+03 8.102569e+03 1.218412e+04  
3.111616e-02 3.222893e+03 5.925621e+03 8.062350e+03 1.212348e+04  
3.154990e-02 3.206665e+03 5.895461e+03 8.021091e+03 1.206128e+04  
3.198969e-02 3.190030e+03 5.864555e+03 7.978818e+03 1.199758e+04  
3.243561e-02 3.172998e+03 5.832918e+03 7.935555e+03 1.193241e+04  
3.288774e-02 3.155577e+03 5.800571e+03 7.891329e+03 1.186581e+04  
3.334618e-02 3.137781e+03 5.767535e+03 7.846171e+03 1.179783e+04  
3.381101e-02 3.119624e+03 5.733837e+03 7.800116e+03 1.172851e+04  
3.428231e-02 3.101119e+03 5.699504e+03 7.753201e+03 1.165792e+04  
3.476019e-02 3.082285e+03 5.664568e+03 7.705470e+03 1.158612e+04  
3.524473e-02 3.063136e+03 5.629056e+03 7.656960e+03 1.151317e+04  
3.573602e-02 3.043686e+03 5.592995e+03 7.607709e+03 1.143913e+04  
3.623416e-02 3.023951e+03 5.556414e+03 7.557754e+03 1.136405e+04  
3.673925e-02 3.003947e+03 5.519342e+03 7.507138e+03 1.128799e+04  
3.725137e-02 2.983694e+03 5.481815e+03 7.455909e+03 1.121104e+04  
3.777064e-02 2.963211e+03 5.443871e+03 7.404118e+03 1.113326e+04  
3.829714e-02 2.942522e+03 5.405551e+03 7.351821e+03 1.105475e+04  
3.883098e-02 2.921638e+03 5.366879e+03 7.299051e+03 1.097555e+04  
3.937226e-02 2.900557e+03 5.327849e+03 7.245802e+03 1.089565e+04  
3.992109e-02 2.879274e+03 5.288453e+03 7.192062e+03 1.081504e+04  
4.047757e-02 2.857784e+03 5.248681e+03 7.137817e+03 1.073369e+04  
4.104181e-02 2.836080e+03 5.208522e+03 7.083053e+03 1.065159e+04  
4.161391e-02 2.814157e+03 5.167967e+03 7.027757e+03 1.056871e+04  
4.219398e-02 2.792008e+03 5.127003e+03 6.971912e+03 1.048502e+04  
4.278214e-02 2.769636e+03 5.085636e+03 6.915526e+03 1.040055e+04  
4.337850e-02 2.747072e+03 5.043921e+03 6.858675e+03 1.031541e+04  
4.398317e-02 2.724353e+03 5.001929e+03 6.801455e+03 1.022974e+04  
4.459628e-02 2.701520e+03 4.959734e+03 6.743968e+03 1.014369e+04  
4.521792e-02 2.678617e+03 4.917420e+03 6.686327e+03 1.005744e+04  
4.584824e-02 2.655694e+03 4.875073e+03 6.628651e+03 9.971166e+03  
4.648734e-02 2.632800e+03 4.832789e+03 6.571070e+03 9.885068e+03  
4.713535e-02 2.609982e+03 4.790649e+03 6.513696e+03 9.799313e+03  
4.779239e-02 2.587225e+03 4.748630e+03 6.456496e+03 9.713856e+03  
4.845859e-02 2.564496e+03 4.706671e+03 6.399388e+03 9.628569e+03  
4.913407e-02 2.541758e+03 4.664703e+03 6.342279e+03 9.543314e+03  
4.981898e-02 2.518971e+03 4.622654e+03 6.285069e+03 9.457939e+03  
5.051342e-02 2.496091e+03 4.580442e+03 6.227648e+03 9.372276e+03  
5.121755e-02 2.473069e+03 4.537980e+03 6.169897e+03 9.286146e+03  
5.193150e-02 2.449858e+03 4.495179e+03 6.111695e+03 9.199363e+03  
5.265540e-02 2.426444e+03 4.452016e+03 6.053011e+03 9.111881e+03  
5.338938e-02 2.402836e+03 4.408507e+03 5.993867e+03 9.023730e+03  
5.413360e-02 2.379043e+03 4.364670e+03 5.934286e+03 8.934946e+03  
5.488820e-02 2.355076e+03 4.320523e+03 5.874295e+03 8.845568e+03  
5.565331e-02 2.330945e+03 4.276087e+03 5.813921e+03 8.755638e+03  
5.642908e-02 2.306662e+03 4.231385e+03 5.753194e+03 8.665201e+03  
5.721568e-02 2.282242e+03 4.186439e+03 5.692149e+03 8.574306e+03  
5.801323e-02 2.257694e+03 4.141273e+03 5.630814e+03 8.482997e+03  
5.882190e-02 2.233030e+03 4.095905e+03 5.569215e+03 8.391313e+03  
5.964185e-02 2.208261e+03 4.050358e+03 5.507383e+03 8.299298e+03  
6.047322e-02 2.183399e+03 4.004652e+03 5.445347e+03 8.206997e+03  
6.131619e-02 2.158458e+03 3.958813e+03 5.383139e+03 8.114458e+03  
6.217090e-02 2.133450e+03 3.912865e+03 5.320795e+03 8.021733e+03  
6.303753e-02 2.108390e+03 3.866833e+03 5.258350e+03 7.928873e+03  
6.391624e-02 2.083277e+03 3.820719e+03 5.195802e+03 7.835879e+03  
6.480720e-02 2.058102e+03 3.774504e+03 5.133128e+03 7.742709e+03  
6.571058e-02 2.032853e+03 3.728166e+03 5.070297e+03 7.649318e+03  
6.662655e-02 2.007516e+03 3.681682e+03 5.007278e+03 7.555654e+03  
6.755528e-02 1.982078e+03 3.635026e+03 4.944036e+03 7.461661e+03  
6.849697e-02 1.956524e+03 3.588171e+03 4.880531e+03 7.367278e+03  
6.945178e-02 1.930849e+03 3.541110e+03 4.816755e+03 7.272488e+03  
7.041990e-02 1.905070e+03 3.493873e+03 4.752749e+03 7.177354e+03  
7.140151e-02 1.879207e+03 3.446497e+03 4.688563e+03 7.081946e+03  
7.239681e-02 1.853280e+03 3.399019e+03 4.624247e+03 6.986343e+03  
7.340598e-02 1.827312e+03 3.351481e+03 4.559857e+03 6.890627e+03  
7.442922e-02 1.801328e+03 3.303926e+03 4.495455e+03 6.794889e+03  
7.546673e-02 1.775359e+03 3.256416e+03 4.431121e+03 6.699253e+03  
7.651869e-02 1.749448e+03 3.209026e+03 4.366959e+03 6.603877e+03  
7.758532e-02 1.723638e+03 3.161837e+03 4.303080e+03 6.508929e+03  
7.866682e-02 1.697978e+03 3.114935e+03 4.239601e+03 6.414591e+03  
7.976339e-02 1.672517e+03 3.068414e+03 4.176651e+03 6.321058e+03  
8.087525e-02 1.647301e+03 3.022353e+03 4.114339e+03 6.228500e+03  
8.200261e-02 1.622354e+03 2.976801e+03 4.052729e+03 6.137016e+03  
8.314568e-02 1.597702e+03 2.931801e+03 3.991882e+03 6.046699e+03  
8.430468e-02 1.573368e+03 2.887398e+03 3.931859e+03 5.957646e+03  
8.547985e-02 1.549379e+03 2.843640e+03 3.872726e+03 5.869958e+03  
8.667139e-02 1.525750e+03 2.800552e+03 3.814518e+03 5.783690e+03  
8.787954e-02 1.502467e+03 2.758111e+03 3.757204e+03 5.698794e+03  
8.910453e-02 1.479512e+03 2.716284e+03 3.700737e+03 5.615199e+03  
9.034660e-02 1.456865e+03 2.675033e+03 3.645064e+03 5.532823e+03  
9.160598e-02 1.434503e+03 2.634315e+03 3.590129e+03 5.451576e+03  
9.288292e-02 1.412410e+03 2.594104e+03 3.535893e+03 5.371401e+03  
9.417766e-02 1.390578e+03 2.554383e+03 3.482336e+03 5.292263e+03  
9.549045e-02 1.369000e+03 2.515137e+03 3.429435e+03 5.214129e+03  
9.682153e-02 1.347664e+03 2.476346e+03 3.377162e+03 5.136953e+03  
9.817117e-02 1.326563e+03 2.437999e+03 3.325501e+03 5.060709e+03  
9.953962e-02 1.305705e+03 2.400106e+03 3.274469e+03 4.985424e+03  
1.009272e-01 1.285098e+03 2.362684e+03 3.224086e+03 4.911128e+03  
1.023340e-01 1.264750e+03 2.325747e+03 3.174373e+03 4.837855e+03  
1.037605e-01 1.244664e+03 2.289300e+03 3.125335e+03 4.765610e+03  
1.052069e-01 1.224820e+03 2.253306e+03 3.076921e+03 4.694317e+03  
1.066734e-01 1.205192e+03 2.217717e+03 3.029066e+03 4.623869e+03  
1.081604e-01 1.185751e+03 2.182480e+03 2.981696e+03 4.554147e+03  
1.096681e-01 1.166465e+03 2.147537e+03 2.934730e+03 4.485025e+03  
1.111968e-01 1.147302e+03 2.112830e+03 2.888087e+03 4.416372e+03  
1.127468e-01 1.128229e+03 2.078295e+03 2.841678e+03 4.348043e+03  
1.143184e-01 1.109207e+03 2.043863e+03 2.795408e+03 4.279885e+03  
1.159120e-01 1.090212e+03 2.009491e+03 2.749216e+03 4.211796e+03  
1.175277e-01 1.071239e+03 1.975168e+03 2.703086e+03 4.143749e+03  
1.191660e-01 1.052284e+03 1.940885e+03 2.657004e+03 4.075715e+03  
1.208271e-01 1.033345e+03 1.906641e+03 2.610969e+03 4.007690e+03  
1.225114e-01 1.014455e+03 1.872493e+03 2.565056e+03 3.939790e+03  
1.242191e-01 9.956556e+02 1.838518e+03 2.519372e+03 3.872183e+03  
1.259506e-01 9.769928e+02 1.804799e+03 2.474032e+03 3.805050e+03  
1.277063e-01 9.585147e+02 1.771424e+03 2.429156e+03 3.738581e+03  
1.294865e-01 9.402605e+02 1.738463e+03 2.384841e+03 3.672933e+03  
1.312915e-01 9.222662e+02 1.705983e+03 2.341179e+03 3.608249e+03  
1.331216e-01 9.045695e+02 1.674051e+03 2.298263e+03 3.544682e+03  
1.349772e-01 8.872070e+02 1.642734e+03 2.256185e+03 3.482380e+03  
1.368587e-01 8.701905e+02 1.612052e+03 2.214975e+03 3.421391e+03  
1.387665e-01 8.535196e+02 1.582006e+03 2.174630e+03 3.361715e+03  
1.407008e-01 8.371928e+02 1.552591e+03 2.135148e+03 3.303346e+03  
1.426621e-01 8.212051e+02 1.523798e+03 2.096513e+03 3.246263e+03  
1.446507e-01 8.055415e+02 1.495599e+03 2.058689e+03 3.190405e+03  
1.466671e-01 7.901827e+02 1.467960e+03 2.021625e+03 3.135694e+03  
1.487115e-01 7.751078e+02 1.440840e+03 1.985268e+03 3.082042e+03  
1.507845e-01 7.603036e+02 1.414216e+03 1.949583e+03 3.029395e+03  
1.528864e-01 7.457655e+02 1.388079e+03 1.914559e+03 2.977733e+03  
1.550175e-01 7.314885e+02 1.362420e+03 1.880181e+03 2.927035e+03  
1.571784e-01 7.174656e+02 1.337225e+03 1.846431e+03 2.877272e+03  
1.593694e-01 7.036876e+02 1.312477e+03 1.813286e+03 2.828405e+03  
1.615909e-01 6.901436e+02 1.288156e+03 1.780717e+03 2.780386e+03  
1.638434e-01 6.768188e+02 1.264235e+03 1.748685e+03 2.733155e+03  
1.661273e-01 6.636836e+02 1.240659e+03 1.717115e+03 2.686584e+03  
1.684430e-01 6.507008e+02 1.217360e+03 1.685910e+03 2.640517e+03  
1.707910e-01 6.378340e+02 1.194270e+03 1.654975e+03 2.594796e+03  
1.731717e-01 6.250780e+02 1.171381e+03 1.624299e+03 2.549398e+03  
1.755856e-01 6.124437e+02 1.148712e+03 1.593906e+03 2.504365e+03  
1.780332e-01 5.999446e+02 1.126287e+03 1.563830e+03 2.459752e+03  
1.805149e-01 5.876094e+02 1.104158e+03 1.534145e+03 2.415679e+03  
1.830312e-01 5.754752e+02 1.082393e+03 1.504944e+03 2.372303e+03  
1.855825e-01 5.635740e+02 1.061050e+03 1.476310e+03 2.329761e+03  
1.881694e-01 5.519065e+02 1.040129e+03 1.448244e+03 2.288054e+03  
1.907924e-01 5.404625e+02 1.019613e+03 1.420719e+03 2.247143e+03  
1.934520e-01 5.292337e+02 9.994852e+02 1.393715e+03 2.206990e+03  
1.961486e-01 5.182176e+02 9.797411e+02 1.367223e+03 2.167587e+03  
1.988828e-01 5.074122e+02 9.603771e+02 1.341240e+03 2.128926e+03  
2.016551e-01 4.968251e+02 9.414068e+02 1.315784e+03 2.091040e+03  
2.044661e-01 4.864728e+02 9.228599e+02 1.290897e+03 2.054001e+03  
2.073162e-01 4.763660e+02 9.047560e+02 1.266609e+03 2.017858e+03  
2.102061e-01 4.664893e+02 8.870667e+02 1.242877e+03 1.982546e+03  
2.131362e-01 4.568193e+02 8.697491e+02 1.219644e+03 1.947966e+03  
2.161073e-01 4.473316e+02 8.527586e+02 1.196845e+03 1.914013e+03  
2.191197e-01 4.380012e+02 8.360490e+02 1.174415e+03 1.880579e+03  
2.221741e-01 4.288107e+02 8.195886e+02 1.152311e+03 1.847588e+03  
2.252711e-01 4.197668e+02 8.033893e+02 1.130548e+03 1.815072e+03  
2.284112e-01 4.108796e+02 7.874695e+02 1.109154e+03 1.783074e+03  
2.315951e-01 4.021554e+02 7.718406e+02 1.088143e+03 1.751623e+03  
2.348235e-01 3.935986e+02 7.565105e+02 1.067529e+03 1.720740e+03  
2.380968e-01 3.852073e+02 7.414759e+02 1.047305e+03 1.690420e+03  
2.414157e-01 3.769752e+02 7.267247e+02 1.027456e+03 1.660635e+03  
2.447809e-01 3.689007e+02 7.122543e+02 1.007978e+03 1.631379e+03  
2.481930e-01 3.609887e+02 6.980734e+02 9.888841e+02 1.602678e+03  
2.516527e-01 3.532429e+02 6.841887e+02 9.701833e+02 1.574548e+03  
2.551606e-01 3.456643e+02 6.706022e+02 9.518791e+02 1.546997e+03  
2.587174e-01 3.382517e+02 6.573113e+02 9.339683e+02 1.520021e+03  
2.623238e-01 3.310000e+02 6.443069e+02 9.164383e+02 1.493601e+03  
2.659804e-01 3.239032e+02 6.315778e+02 8.992737e+02 1.467711e+03  
2.696881e-01 3.169546e+02 6.191118e+02 8.824572e+02 1.442324e+03  
2.734474e-01 3.101484e+02 6.068981e+02 8.659742e+02 1.417416e+03  
2.772591e-01 3.034805e+02 5.949295e+02 8.498145e+02 1.392972e+03  
2.811239e-01 2.969487e+02 5.832018e+02 8.339728e+02 1.368985e+03  
2.850426e-01 2.905526e+02 5.717142e+02 8.184480e+02 1.345454e+03  
2.890160e-01 2.842895e+02 5.604617e+02 8.032338e+02 1.322369e+03  
2.930447e-01 2.781555e+02 5.494376e+02 7.883206e+02 1.299718e+03  
2.971296e-01 2.721490e+02 5.386385e+02 7.737042e+02 1.277492e+03  
3.012714e-01 2.662692e+02 5.280632e+02 7.593832e+02 1.255693e+03  
3.054710e-01 2.605170e+02 5.177130e+02 7.453601e+02 1.234325e+03  
3.097291e-01 2.548931e+02 5.075898e+02 7.316376e+02 1.213396e+03  
3.140465e-01 2.493976e+02 4.976934e+02 7.182162e+02 1.192907e+03  
3.184242e-01 2.440237e+02 4.880114e+02 7.050784e+02 1.172830e+03  
3.228628e-01 2.387631e+02 4.785287e+02 6.922033e+02 1.153132e+03  
3.273634e-01 2.336153e+02 4.692446e+02 6.795901e+02 1.133811e+03  
3.319266e-01 2.285813e+02 4.601607e+02 6.672416e+02 1.114876e+03  
3.365535e-01 2.236612e+02 4.512775e+02 6.551588e+02 1.096328e+03  
3.412449e-01 2.188517e+02 4.425887e+02 6.433333e+02 1.078156e+03  
3.460016e-01 2.141475e+02 4.340850e+02 6.317519e+02 1.060338e+03  
3.508247e-01 2.095437e+02 4.257573e+02 6.204026e+02 1.042854e+03  
3.557150e-01 2.050418e+02 4.176084e+02 6.092892e+02 1.025714e+03  
3.606735e-01 2.006443e+02 4.096430e+02 5.984190e+02 1.008931e+03  
3.657011e-01 1.963506e+02 4.018597e+02 5.877906e+02 9.925035e+02  
3.707988e-01 1.921514e+02 3.942421e+02 5.773806e+02 9.763937e+02  
3.759675e-01 1.880435e+02 3.867841e+02 5.671811e+02 9.605892e+02  
3.812083e-01 1.840295e+02 3.794907e+02 5.571991e+02 9.451035e+02  
3.865221e-01 1.801105e+02 3.723637e+02 5.474381e+02 9.299435e+02  
3.919100e-01 1.762819e+02 3.653950e+02 5.378865e+02 9.150911e+02  
3.973730e-01 1.725387e+02 3.585752e+02 5.285314e+02 9.005254e+02  
4.029122e-01 1.688787e+02 3.519009e+02 5.193683e+02 8.862401e+02  
4.085286e-01 1.653040e+02 3.453756e+02 5.104024e+02 8.722452e+02  
4.142232e-01 1.618157e+02 3.390013e+02 5.016372e+02 8.585478e+02  
4.199973e-01 1.584069e+02 3.327657e+02 4.930552e+02 8.451193e+02  
4.258518e-01 1.550733e+02 3.266610e+02 4.846457e+02 8.319427e+02  
4.317880e-01 1.518180e+02 3.206928e+02 4.764169e+02 8.190332e+02  
4.378069e-01 1.486414e+02 3.148618e+02 4.683704e+02 8.063942e+02  
4.439097e-01 1.455387e+02 3.091596e+02 4.604943e+02 7.940067e+02  
4.500975e-01 1.425062e+02 3.035794e+02 4.527791e+02 7.818557e+02  
4.563716e-01 1.395434e+02 2.981202e+02 4.452241e+02 7.699409e+02  
4.627332e-01 1.366522e+02 2.927858e+02 4.378345e+02 7.582721e+02  
4.691835e-01 1.338295e+02 2.875702e+02 4.306023e+02 7.468366e+02  
4.757236e-01 1.310694e+02 2.824632e+02 4.235133e+02 7.356116e+02  
4.823549e-01 1.283740e+02 2.774684e+02 4.165728e+02 7.246065e+02  
4.890787e-01 1.257446e+02 2.725881e+02 4.097842e+02 7.138280e+02  
4.958962e-01 1.231759e+02 2.678130e+02 4.031347e+02 7.032553e+02  
5.028087e-01 1.206642e+02 2.631363e+02 3.966149e+02 6.928736e+02  
5.098176e-01 1.182131e+02 2.585647e+02 3.902344e+02 6.826995e+02  
5.169242e-01 1.158209e+02 2.540950e+02 3.839889e+02 6.727266e+02  
5.241298e-01 1.134827e+02 2.497184e+02 3.778664e+02 6.629354e+02  
5.314359e-01 1.111981e+02 2.454345e+02 3.718662e+02 6.533257e+02  
5.388438e-01 1.089685e+02 2.412454e+02 3.659917e+02 6.439032e+02  
5.463550e-01 1.067913e+02 2.371468e+02 3.602368e+02 6.346588e+02  
5.539709e-01 1.046623e+02 2.331310e+02 3.545911e+02 6.255758e+02  
5.616930e-01 1.025841e+02 2.292028e+02 3.490612e+02 6.166656e+02  
5.695227e-01 1.005554e+02 2.253598e+02 3.436442e+02 6.079235e+02  
5.774615e-01 9.857193e+01 2.215945e+02 3.383297e+02 5.993334e+02  
5.855110e-01 9.663536e+01 2.179099e+02 3.331218e+02 5.909021e+02  
5.936727e-01 9.474392e+01 2.143027e+02 3.280162e+02 5.826231e+02  
6.019482e-01 9.289537e+01 2.107691e+02 3.230077e+02 5.744883e+02  
6.103390e-01 9.109041e+01 2.073103e+02 3.180980e+02 5.665007e+02  
6.188468e-01 8.932787e+01 2.039242e+02 3.132843e+02 5.586561e+02  
6.274732e-01 8.760528e+01 2.006064e+02 3.085608e+02 5.509454e+02  
6.362198e-01 8.592198e+01 1.973558e+02 3.039259e+02 5.433664e+02  
6.450884e-01 8.427927e+01 1.941747e+02 2.993828e+02 5.359241e+02  
6.540806e-01 8.267367e+01 1.910569e+02 2.949231e+02 5.286057e+02  
6.631981e-01 8.110420e+01 1.880007e+02 2.905447e+02 5.214078e+02  
6.724427e-01 7.957065e+01 1.850058e+02 2.862469e+02 5.143297e+02  
6.818162e-01 7.807242e+01 1.820711e+02 2.820285e+02 5.073692e+02  
6.913204e-01 7.660854e+01 1.791949e+02 2.778871e+02 5.005230e+02  
7.009570e-01 7.517818e+01 1.763757e+02 2.738208e+02 4.937879e+02  
7.107280e-01 7.378036e+01 1.736117e+02 2.698273e+02 4.871606e+02  
7.206351e-01 7.241407e+01 1.709014e+02 2.659041e+02 4.806373e+02  
7.306804e-01 7.107850e+01 1.682431e+02 2.620496e+02 4.742153e+02  
7.408657e-01 6.977284e+01 1.656356e+02 2.582617e+02 4.678916e+02  
7.511929e-01 6.849613e+01 1.630772e+02 2.545382e+02 4.616629e+02  
7.616642e-01 6.724757e+01 1.605664e+02 2.508774e+02 4.555264e+02  
7.722814e-01 6.602659e+01 1.581022e+02 2.472778e+02 4.494800e+02  
7.830465e-01 6.483255e+01 1.556837e+02 2.437381e+02 4.435215e+02  
7.939618e-01 6.366473e+01 1.533094e+02 2.402564e+02 4.376482e+02  
8.050292e-01 6.252250e+01 1.509784e+02 2.368315e+02 4.318579e+02  
8.162509e-01 6.140522e+01 1.486894e+02 2.334617e+02 4.261484e+02  
8.276289e-01 6.031214e+01 1.464413e+02 2.301455e+02 4.205171e+02  
8.391656e-01 5.924255e+01 1.442328e+02 2.268811e+02 4.149615e+02  
8.508632e-01 5.819595e+01 1.420630e+02 2.236676e+02 4.094797e+02  
8.627237e-01 5.717179e+01 1.399311e+02 2.205035e+02 4.040700e+02  
8.747496e-01 5.616944e+01 1.378358e+02 2.173875e+02 3.987300e+02  
8.869432e-01 5.518837e+01 1.357763e+02 2.143184e+02 3.934579e+02  
8.993067e-01 5.422806e+01 1.337518e+02 2.112949e+02 3.882518e+02  
9.118425e-01 5.328793e+01 1.317612e+02 2.083160e+02 3.831099e+02  
9.245531e-01 5.236739e+01 1.298035e+02 2.053800e+02 3.780300e+02  
9.374409e-01 5.146596e+01 1.278780e+02 2.024863e+02 3.730107e+02  
9.505083e-01 5.058320e+01 1.259839e+02 1.996334e+02 3.680502e+02  
9.637579e-01 4.971856e+01 1.241202e+02 1.968205e+02 3.631469e+02  
9.771921e-01 4.887154e+01 1.222861e+02 1.940463e+02 3.582991e+02  
9.908137e-01 4.804166e+01 1.204809e+02 1.913099e+02 3.535051e+02  
1.004625e+00 4.722841e+01 1.187037e+02 1.886102e+02 3.487635e+02  
1.018629e+00 4.643123e+01 1.169535e+02 1.859460e+02 3.440725e+02  
1.032828e+00 4.564972e+01 1.152298e+02 1.833165e+02 3.394309e+02  
1.047225e+00 4.488360e+01 1.135321e+02 1.807210e+02 3.348376e+02  
1.061823e+00 4.413250e+01 1.118597e+02 1.781588e+02 3.302915e+02  
1.076624e+00 4.339605e+01 1.102120e+02 1.756291e+02 3.257913e+02  
1.091632e+00 4.267391e+01 1.085885e+02 1.731311e+02 3.213361e+02  
1.106848e+00 4.196570e+01 1.069886e+02 1.706642e+02 3.169247e+02  
1.122277e+00 4.127101e+01 1.054116e+02 1.682274e+02 3.125558e+02  
1.137921e+00 4.058945e+01 1.038569e+02 1.654322e+02 3.082285e+02  
1.153783e+00 3.992071e+01 1.023241e+02 1.634415e+02 3.039418e+02  
1.169866e+00 3.926443e+01 1.008124e+02 1.610911e+02 2.996947e+02  
1.186174e+00 3.862020e+01 9.932141e+01 1.587680e+02 2.954863e+02  
1.202708e+00 3.798778e+01 9.785063e+01 1.564717e+02 2.913158e+02  
1.219473e+00 3.736689e+01 9.639965e+01 1.542018e+02 2.871826e+02  
1.236472e+00 3.675725e+01 9.496804e+01 1.519576e+02 2.830858e+02  
1.253708e+00 3.615857e+01 9.355534e+01 1.497388e+02 2.790248e+02  
1.271184e+00 3.557057e+01 9.216115e+01 1.475446e+02 2.749989e+02  
1.288904e+00 3.499297e+01 9.078504e+01 1.453747e+02 2.710075e+02  
1.306870e+00 3.442544e+01 8.942655e+01 1.432286e+02 2.670500e+02  
1.325087e+00 3.386775e+01 8.808530e+01 1.411057e+02 2.631259e+02  
1.343558e+00 3.331969e+01 8.676100e+01 1.390057e+02 2.592347e+02  
1.362287e+00 3.281608e+01 8.545332e+01 1.369282e+02 2.553760e+02  
1.381276e+00 3.225153e+01 8.416190e+01 1.348729e+02 2.515493e+02  
1.400531e+00 3.173099e+01 8.288645e+01 1.328394e+02 2.477544e+02  
1.420053e+00 3.121920e+01 8.162668e+01 1.308274e+02 2.439909e+02  
1.439848e+00 3.071593e+01 8.038226e+01 1.288364e+02 2.402584e+02  
1.459919e+00 3.022095e+01 7.915289e+01 1.268662e+02 2.365568e+02  
1.480269e+00 2.973409e+01 7.793831e+01 1.249165e+02 2.328857e+02  
1.500903e+00 2.925513e+01 7.673824e+01 1.229870e+02 2.292450e+02  
1.521825e+00 2.878386e+01 7.555239e+01 1.210774e+02 2.256344e+02  
1.543038e+00 2.832011e+01 7.438055e+01 1.191875e+02 2.220539e+02  
1.564548e+00 2.786374e+01 7.322252e+01 1.173170e+02 2.185034e+02  
1.586357e+00 2.741458e+01 7.207808e+01 1.154657e+02 2.149827e+02  
1.608469e+00 2.697246e+01 7.094701e+01 1.136335e+02 2.114919e+02  
1.630891e+00 2.653724e+01 6.982912e+01 1.118201e+02 2.080309e+02  
1.653624e+00 2.610875e+01 6.872422e+01 1.100253e+02 2.045997e+02  
1.676675e+00 2.568682e+01 6.763208e+01 1.082489e+02 2.011983e+02  
1.700047e+00 2.527131e+01 6.655254e+01 1.064908e+02 1.978267e+02  
1.723745e+00 2.486209e+01 6.548544e+01 1.047509e+02 1.944852e+02  
1.747773e+00 2.445904e+01 6.443062e+01 1.030289e+02 1.911736e+02  
1.772136e+00 2.406200e+01 6.338791e+01 1.013248e+02 1.878922e+02  
1.796838e+00 2.367087e+01 6.235719e+01 9.963840e+01 1.846410e+02  
1.821885e+00 2.328553e+01 6.133831e+01 9.796963e+01 1.814203e+02  
1.847281e+00 2.290585e+01 6.033114e+01 9.631836e+01 1.782301e+02  
1.873032e+00 2.253172e+01 5.933553e+01 9.468449e+01 1.750706e+02  
1.899141e+00 2.216302e+01 5.835137e+01 9.306794e+01 1.719421e+02  
1.925614e+00 2.179966e+01 5.737855e+01 9.146863e+01 1.688446e+02  
1.952456e+00 2.144152e+01 5.641694e+01 8.988646e+01 1.657784e+02  
1.979672e+00 2.108851e+01 5.546644e+01 8.832137e+01 1.627437e+02  
2.007267e+00 2.074053e+01 5.452696e+01 8.677330e+01 1.597408e+02  
2.035248e+00 2.039750e+01 5.359840e+01 8.524219e+01 1.567697e+02  
2.063618e+00 2.005931e+01 5.268065e+01 8.372798e+01 1.538308e+02  
2.092383e+00 1.972589e+01 5.177364e+01 8.223063e+01 1.509242e+02  
2.121550e+00 1.939715e+01 5.087727e+01 8.075010e+01 1.480502e+02  
2.151123e+00 1.907300e+01 4.999147e+01 7.928633e+01 1.452090e+02  
2.181109e+00 1.875336e+01 4.911614e+01 7.783930e+01 1.424008e+02  
2.211512e+00 1.843818e+01 4.825123e+01 7.640898e+01 1.396258e+02  
2.242340e+00 1.812736e+01 4.739666e+01 7.499533e+01 1.368842e+02  
2.273597e+00 1.782085e+01 4.655236e+01 7.359833e+01 1.341762e+02  
2.305289e+00 1.751857e+01 4.571826e+01 7.221796e+01 1.315020e+02  
2.337424e+00 1.722046e+01 4.489431e+01 7.085419e+01 1.288617e+02  
2.370006e+00 1.692644e+01 4.408043e+01 6.950701e+01 1.262556e+02  
2.403043e+00 1.663647e+01 4.327656e+01 6.817639e+01 1.236837e+02  
2.436540e+00 1.635047e+01 4.248266e+01 6.686232e+01 1.211462e+02  
2.470504e+00 1.606840e+01 4.169866e+01 6.556478e+01 1.186433e+02  
2.504942e+00 1.579020e+01 4.092450e+01 6.428376e+01 1.161750e+02  
2.539859e+00 1.551581e+01 4.016015e+01 6.301924e+01 1.139151e+02  
2.575263e+00 1.524518e+01 3.940554e+01 6.177120e+01 1.113426e+02  
2.611161e+00 1.497826e+01 3.866063e+01 6.053963e+01 1.089787e+02  
2.647559e+00 1.471499e+01 3.792536e+01 5.932451e+01 1.066497e+02  
2.684465e+00 1.445533e+01 3.719969e+01 5.812583e+01 1.043556e+02  
2.721885e+00 1.419924e+01 3.648358e+01 5.694355e+01 1.020965e+02  
2.759826e+00 1.394667e+01 3.577696e+01 5.577767e+01 9.987235e+01  
2.798297e+00 1.369757e+01 3.507981e+01 5.462816e+01 9.768308e+01  
2.837304e+00 1.345191e+01 3.439207e+01 5.349499e+01 9.552866e+01  
2.876854e+00 1.320964e+01 3.371371e+01 5.237814e+01 9.340905e+01  
2.916956e+00 1.297072e+01 3.304467e+01 5.127756e+01 9.132414e+01  
2.957617e+00 1.273511e+01 3.238491e+01 5.019323e+01 8.927385e+01  
2.998844e+00 1.250278e+01 3.173439e+01 4.912512e+01 8.725813e+01  
3.040646e+00 1.227369e+01 3.109307e+01 4.807318e+01 8.527663e+01  
3.083031e+00 1.204779e+01 3.046090e+01 4.703736e+01 8.332940e+01  
3.126007e+00 1.182507e+01 2.983784e+01 4.601762e+01 8.141622e+01  
3.169582e+00 1.160547e+01 2.922384e+01 4.501391e+01 7.953688e+01  
3.213764e+00 1.138898e+01 2.861886e+01 4.402616e+01 7.769101e+01  
3.258562e+00 1.117555e+01 2.802285e+01 4.305432e+01 7.587895e+01  
3.303985e+00 1.096515e+01 2.743577e+01 4.209831e+01 7.409992e+01  
3.350041e+00 1.075776e+01 2.685758e+01 4.115808e+01 7.235386e+01  
3.396739e+00 1.055334e+01 2.628823e+01 4.023354e+01 7.064050e+01  
3.444087e+00 1.035186e+01 2.572766e+01 3.932462e+01 6.895958e+01  
3.492096e+00 1.015329e+01 2.517583e+01 3.843123e+01 6.731081e+01  
3.540774e+00 9.957606e+00 2.463270e+01 3.755328e+01 6.569390e+01  
3.590130e+00 9.764776e+00 2.409821e+01 3.669067e+01 6.410855e+01  
3.640175e+00 9.574773e+00 2.357232e+01 3.584331e+01 6.255443e+01  
3.690917e+00 9.387570e+00 2.305496e+01 3.501109e+01 6.103123e+01  
3.742366e+00 9.203138e+00 2.254609e+01 3.419391e+01 5.953861e+01  
3.794533e+00 9.021451e+00 2.204565e+01 3.339164e+01 5.807623e+01  
3.847427e+00 8.842482e+00 2.155359e+01 3.260418e+01 5.664374e+01  
3.901058e+00 8.666207e+00 2.106985e+01 3.183140e+01 5.524077e+01  
3.955436e+00 8.492597e+00 2.059437e+01 3.107317e+01 5.386697e+01  
4.010573e+00 8.321629e+00 2.012709e+01 3.032936e+01 5.252196e+01  
4.066478e+00 8.153276e+00 1.966796e+01 2.959984e+01 5.120537e+01  
4.123163e+00 7.987515e+00 1.921690e+01 2.888447e+01 4.991682e+01  
4.180637e+00 7.824319e+00 1.877386e+01 2.818311e+01 4.865592e+01  
4.238913e+00 7.663666e+00 1.833877e+01 2.749561e+01 4.742229e+01  
4.298001e+00 7.505530e+00 1.791157e+01 2.682181e+01 4.621552e+01  
4.357913e+00 7.349887e+00 1.749218e+01 2.616158e+01 4.503523e+01  
4.418660e+00 7.196713e+00 1.708053e+01 2.551475e+01 4.388102e+01  
4.480254e+00 7.045986e+00 1.667656e+01 2.488116e+01 4.275248e+01  
4.542706e+00 6.897680e+00 1.628020e+01 2.426065e+01 4.164922e+01  
4.606029e+00 6.751772e+00 1.589136e+01 2.365306e+01 4.057083e+01  
4.670234e+00 6.608240e+00 1.550998e+01 2.305823e+01 3.951691e+01  
4.735335e+00 6.467059e+00 1.513596e+01 2.247598e+01 3.848704e+01  
4.801343e+00 6.328207e+00 1.476925e+01 2.190615e+01 3.748085e+01  
4.868271e+00 6.191660e+00 1.440975e+01 2.134856e+01 3.649792e+01  
4.936132e+00 6.057396e+00 1.405741e+01 2.080305e+01 3.553784e+01  
5.004939e+00 5.925392e+00 1.371211e+01 2.026943e+01 3.460021e+01  
5.074705e+00 5.795625e+00 1.337379e+01 1.974753e+01 3.368464e+01  
5.145444e+00 5.668072e+00 1.304236e+01 1.923719e+01 3.279071e+01  
5.217169e+00 5.542711e+00 1.271773e+01 1.873822e+01 3.191805e+01  
5.289893e+00 5.419519e+00 1.239983e+01 1.825044e+01 3.106625e+01  
5.363631e+00 5.298473e+00 1.208856e+01 1.777366e+01 3.023491e+01  
5.438397e+00 5.179551e+00 1.178383e+01 1.730774e+01 2.942366e+01  
5.514206e+00 5.062730e+00 1.148556e+01 1.685247e+01 2.863210e+01  
5.591071e+00 4.947989e+00 1.119367e+01 1.640768e+01 2.785984e+01  
5.669007e+00 4.835304e+00 1.090805e+01 1.597320e+01 2.710652e+01  
5.748030e+00 4.724651e+00 1.062862e+01 1.554885e+01 2.637174e+01  
5.828155e+00 4.616016e+00 1.035529e+01 1.513445e+01 2.565514e+01  
5.909396e+00 4.509367e+00 1.008797e+01 1.472982e+01 2.495635e+01  
5.991770e+00 4.404686e+00 9.826561e+00 1.433480e+01 2.427500e+01  
6.075292e+00 4.301950e+00 9.570984e+00 1.394919e+01 2.361067e+01  
6.159978e+00 4.201136e+00 9.321141e+00 1.357284e+01 2.296317e+01  
6.245845e+00 4.102223e+00 9.076941e+00 1.320556e+01 2.233198e+01  
6.332908e+00 4.005189e+00 8.838294e+00 1.284719e+01 2.171681e+01  
6.421186e+00 3.910010e+00 8.605108e+00 1.249755e+01 2.111731e+01  
6.510694e+00 3.816665e+00 8.377291e+00 1.215648e+01 2.053315e+01  
6.601449e+00 3.725132e+00 8.154753e+00 1.182381e+01 1.996398e+01  
6.693470e+00 3.635388e+00 7.937402e+00 1.149936e+01 1.940947e+01  
6.786773e+00 3.547411e+00 7.725149e+00 1.118298e+01 1.886931e+01  
6.881377e+00 3.461179e+00 7.517901e+00 1.087452e+01 1.834316e+01  
6.977300e+00 3.376669e+00 7.315571e+00 1.057379e+01 1.783071e+01  
7.074559e+00 3.293860e+00 7.118067e+00 1.028065e+01 1.733165e+01  
7.173175e+00 3.212729e+00 6.925302e+00 9.994924e+00 1.684568e+01  
7.273165e+00 3.133253e+00 6.737187e+00 9.716468e+00 1.637249e+01  
7.374549e+00 3.055411e+00 6.553633e+00 9.445126e+00 1.591178e+01  
7.477346e+00 2.979180e+00 6.374555e+00 9.180744e+00 1.546327e+01  
7.581576e+00 2.904538e+00 6.199865e+00 8.923171e+00 1.502711e+01  
7.687260e+00 2.831463e+00 6.029477e+00 8.672260e+00 1.460169e+01  
7.794416e+00 2.759933e+00 5.863308e+00 8.427865e+00 1.418806e+01  
7.903066e+00 2.689924e+00 5.701273e+00 8.189840e+00 1.378551e+01  
8.013230e+00 2.621416e+00 5.543288e+00 7.958043e+00 1.339377e+01  
8.124930e+00 2.554386e+00 5.389271e+00 7.732334e+00 1.301258e+01  
8.238187e+00 2.488811e+00 5.239141e+00 7.512557e+00 1.264168e+01  
8.353023e+00 2.424666e+00 5.092816e+00 7.298645e+00 1.228082e+01  
8.469460e+00 2.361941e+00 4.950216e+00 7.090364e+00 1.192976e+01  
8.587519e+00 2.300601e+00 4.811263e+00 6.887647e+00 1.158825e+01  
8.707225e+00 2.240628e+00 4.675879e+00 6.690347e+00 1.125607e+01  
8.828599e+00 2.182002e+00 4.543986e+00 6.498339e+00 1.093296e+01  
8.951665e+00 2.124699e+00 4.415509e+00 6.311498e+00 1.061871e+01  
9.076446e+00 2.068698e+00 4.290362e+00 6.129699e+00 1.031235e+01  
9.202967e+00 2.013977e+00 4.168506e+00 5.952824e+00 1.001589e+01  
9.331251e+00 1.960515e+00 4.049833e+00 5.780755e+00 9.726888e+00  
9.461324e+00 1.908289e+00 3.934284e+00 5.613369e+00 9.445881e+00  
9.593209e+00 1.857279e+00 3.821788e+00 5.450556e+00 9.172662e+00  
9.726934e+00 1.807463e+00 3.712274e+00 5.292162e+00 8.907031e+00  
9.862522e+00 1.758821e+00 3.605675e+00 5.138262e+00 8.648800e+00  
1.000000e+01 1.711330e+00 3.501923e+00 4.988453e+00 8.397759e+00  
