1.000000e-02 6.595456e+03 1.176256e+04 1.571325e+04 2.309565e+04  
1.013939e-02 6.631051e+03 1.182581e+04 1.579752e+04 2.321892e+04  
1.028073e-02 6.666041e+03 1.188797e+04 1.588032e+04 2.334004e+04  
1.042404e-02 6.700400e+03 1.194900e+04 1.596161e+04 2.345891e+04  
1.056935e-02 6.734104e+03 1.200886e+04 1.604132e+04 2.357546e+04  
1.071668e-02 6.767127e+03 1.206750e+04 1.611939e+04 2.368958e+04  
1.086606e-02 6.799444e+03 1.212487e+04 1.619577e+04 2.380120e+04  
1.101753e-02 6.831030e+03 1.218093e+04 1.627040e+04 2.391022e+04  
1.117111e-02 6.861858e+03 1.223563e+04 1.634320e+04 2.401656e+04  
1.132683e-02 6.891904e+03 1.228893e+04 1.641412e+04 2.412011e+04  
1.148472e-02 6.921141e+03 1.234078e+04 1.648310e+04 2.422080e+04  
1.164481e-02 6.949544e+03 1.239114e+04 1.655008e+04 2.431854e+04  
1.180713e-02 6.977085e+03 1.243995e+04 1.661499e+04 2.441321e+04  
1.197171e-02 7.003734e+03 1.248717e+04 1.667777e+04 2.450473e+04  
1.213859e-02 7.029462e+03 1.253274e+04 1.673833e+04 2.459299e+04  
1.230780e-02 7.054240e+03 1.257661e+04 1.679661e+04 2.467789e+04  
1.247936e-02 7.078038e+03 1.261872e+04 1.685254e+04 2.475932e+04  
1.265332e-02 7.100826e+03 1.265902e+04 1.690606e+04 2.483718e+04  
1.282970e-02 7.122576e+03 1.269747e+04 1.695708e+04 2.491136e+04  
1.300854e-02 7.143257e+03 1.273400e+04 1.700554e+04 2.498177e+04  
1.318987e-02 7.162841e+03 1.276857e+04 1.705138e+04 2.504831e+04  
1.337373e-02 7.181299e+03 1.280113e+04 1.709452e+04 2.511087e+04  
1.356015e-02 7.198603e+03 1.283162e+04 1.713489e+04 2.516935e+04  
1.374917e-02 7.214725e+03 1.285999e+04 1.717243e+04 2.522366e+04  
1.394083e-02 7.229636e+03 1.288621e+04 1.720708e+04 2.527370e+04  
1.413516e-02 7.243311e+03 1.291021e+04 1.723876e+04 2.531938e+04  
1.433219e-02 7.255719e+03 1.293194e+04 1.726742e+04 2.536060e+04  
1.453198e-02 7.266831e+03 1.295136e+04 1.729297e+04 2.539724e+04  
1.473454e-02 7.276613e+03 1.296840e+04 1.731535e+04 2.542920e+04  
1.493993e-02 7.285036e+03 1.298301e+04 1.733447e+04 2.545637e+04  
1.514819e-02 7.292069e+03 1.299513e+04 1.735026e+04 2.547865e+04  
1.535935e-02 7.297681e+03 1.300472e+04 1.736266e+04 2.549592e+04  
1.557345e-02 7.301842e+03 1.301172e+04 1.737160e+04 2.550809e+04  
1.579053e-02 7.304526e+03 1.301607e+04 1.737700e+04 2.551507e+04  
1.601064e-02 7.305701e+03 1.301773e+04 1.737880e+04 2.551674e+04  
1.623382e-02 7.305342e+03 1.301665e+04 1.737693e+04 2.551301e+04  
1.646012e-02 7.303421e+03 1.301278e+04 1.737134e+04 2.550380e+04  
1.668956e-02 7.299914e+03 1.300607e+04 1.736195e+04 2.548902e+04  
1.692220e-02 7.294795e+03 1.299649e+04 1.734872e+04 2.546858e+04  
1.715809e-02 7.288042e+03 1.298399e+04 1.733159e+04 2.544240e+04  
1.739726e-02 7.279633e+03 1.296854e+04 1.731051e+04 2.541041e+04  
1.763977e-02 7.269545e+03 1.295009e+04 1.728542e+04 2.537253e+04  
1.788566e-02 7.257754e+03 1.292860e+04 1.725627e+04 2.532869e+04  
1.813498e-02 7.244239e+03 1.290403e+04 1.722301e+04 2.527880e+04  
1.838777e-02 7.228980e+03 1.287635e+04 1.718559e+04 2.522280e+04  
1.864409e-02 7.211959e+03 1.284553e+04 1.714398e+04 2.516063e+04  
1.890397e-02 7.193161e+03 1.281154e+04 1.709813e+04 2.509224e+04  
1.916748e-02 7.172570e+03 1.277435e+04 1.704801e+04 2.501758e+04  
1.943467e-02 7.150173e+03 1.273395e+04 1.699359e+04 2.493660e+04  
1.970558e-02 7.125955e+03 1.269029e+04 1.693483e+04 2.484925e+04  
1.998026e-02 7.099903e+03 1.264337e+04 1.687171e+04 2.475550e+04  
2.025878e-02 7.072007e+03 1.259316e+04 1.680421e+04 2.465531e+04  
2.054117e-02 7.042261e+03 1.253966e+04 1.673230e+04 2.454866e+04  
2.082751e-02 7.010660e+03 1.248286e+04 1.665599e+04 2.443554e+04  
2.111783e-02 6.977204e+03 1.242274e+04 1.657526e+04 2.431594e+04  
2.141220e-02 6.941891e+03 1.235933e+04 1.649013e+04 2.418988e+04  
2.171068e-02 6.904723e+03 1.229261e+04 1.640058e+04 2.405735e+04  
2.201331e-02 6.865701e+03 1.222260e+04 1.630664e+04 2.391837e+04  
2.232016e-02 6.824835e+03 1.214930e+04 1.620832e+04 2.377298e+04  
2.263130e-02 6.782133e+03 1.207274e+04 1.610565e+04 2.362120e+04  
2.294676e-02 6.737612e+03 1.199294e+04 1.599867e+04 2.346310e+04  
2.326663e-02 6.691292e+03 1.190994e+04 1.588742e+04 2.329875e+04  
2.359095e-02 6.643193e+03 1.182379e+04 1.577196e+04 2.312822e+04  
2.391980e-02 6.593334e+03 1.173451e+04 1.565233e+04 2.295160e+04  
2.425323e-02 6.541735e+03 1.164213e+04 1.552858e+04 2.276894e+04  
2.459130e-02 6.488422e+03 1.154672e+04 1.540078e+04 2.258036e+04  
2.493409e-02 6.433427e+03 1.144832e+04 1.526901e+04 2.238595e+04  
2.528166e-02 6.376786e+03 1.134700e+04 1.513335e+04 2.218585e+04  
2.563407e-02 6.318542e+03 1.124284e+04 1.499390e+04 2.198022e+04  
2.599140e-02 6.258741e+03 1.113592e+04 1.485078e+04 2.176922e+04  
2.635371e-02 6.197422e+03 1.102631e+04 1.470409e+04 2.155299e+04  
2.672106e-02 6.134631e+03 1.091410e+04 1.455392e+04 2.133169e+04  
2.709354e-02 6.070415e+03 1.079936e+04 1.440041e+04 2.110550e+04  
2.747121e-02 6.004832e+03 1.068221e+04 1.424368e+04 2.087462e+04  
2.785414e-02 5.937942e+03 1.056274e+04 1.408388e+04 2.063925e+04  
2.824241e-02 5.869816e+03 1.044110e+04 1.392119e+04 2.039966e+04  
2.863610e-02 5.800529e+03 1.031740e+04 1.375578e+04 2.015611e+04  
2.903527e-02 5.730147e+03 1.019178e+04 1.358780e+04 1.990883e+04  
2.944000e-02 5.658738e+03 1.006435e+04 1.341743e+04 1.965806e+04  
2.985038e-02 5.586371e+03 9.935236e+03 1.324483e+04 1.940405e+04  
3.026648e-02 5.513128e+03 9.804582e+03 1.307019e+04 1.914707e+04  
3.068838e-02 5.439094e+03 9.672544e+03 1.289373e+04 1.888745e+04  
3.111616e-02 5.364365e+03 9.539290e+03 1.271565e+04 1.862549e+04  
3.154990e-02 5.289043e+03 9.405003e+03 1.253622e+04 1.836158e+04  
3.198969e-02 5.213219e+03 9.269847e+03 1.235564e+04 1.809602e+04  
3.243561e-02 5.136975e+03 9.133965e+03 1.217412e+04 1.782910e+04  
3.288774e-02 5.060396e+03 8.997510e+03 1.199184e+04 1.756112e+04  
3.334618e-02 4.983575e+03 8.860651e+03 1.180905e+04 1.729241e+04  
3.381101e-02 4.906614e+03 8.723564e+03 1.162597e+04 1.702331e+04  
3.428231e-02 4.829620e+03 8.586443e+03 1.144287e+04 1.675421e+04  
3.476019e-02 4.752711e+03 8.449495e+03 1.126001e+04 1.648551e+04  
3.524473e-02 4.675995e+03 8.312915e+03 1.107766e+04 1.621759e+04  
3.573602e-02 4.599568e+03 8.176870e+03 1.089605e+04 1.595078e+04  
3.623416e-02 4.523526e+03 8.041534e+03 1.071539e+04 1.568542e+04  
3.673925e-02 4.447974e+03 7.907089e+03 1.053595e+04 1.542186e+04  
3.725137e-02 4.373022e+03 7.773733e+03 1.035797e+04 1.516049e+04  
3.777064e-02 4.298787e+03 7.641672e+03 1.018174e+04 1.490171e+04  
3.829714e-02 4.225394e+03 7.511128e+03 1.000754e+04 1.464595e+04  
3.883098e-02 4.152958e+03 7.382304e+03 9.835660e+03 1.439362e+04  
3.937226e-02 4.081547e+03 7.255318e+03 9.666241e+03 1.414493e+04  
3.992109e-02 4.011217e+03 7.130271e+03 9.499424e+03 1.390009e+04  
4.047757e-02 3.942027e+03 7.007268e+03 9.335346e+03 1.365930e+04  
4.104181e-02 3.874039e+03 6.886414e+03 9.174147e+03 1.342276e+04  
4.161391e-02 3.807312e+03 6.767818e+03 9.015973e+03 1.319069e+04  
4.219398e-02 3.741912e+03 6.651591e+03 8.860970e+03 1.296331e+04  
4.278214e-02 3.677906e+03 6.537853e+03 8.709297e+03 1.274083e+04  
4.337850e-02 3.615383e+03 6.426761e+03 8.561163e+03 1.252357e+04  
4.398317e-02 3.554445e+03 6.318493e+03 8.416802e+03 1.231187e+04  
4.459628e-02 3.495196e+03 6.213233e+03 8.276461e+03 1.210610e+04  
4.521792e-02 3.437748e+03 6.111173e+03 8.140393e+03 1.190661e+04  
4.584824e-02 3.382213e+03 6.012516e+03 8.008865e+03 1.171381e+04  
4.648734e-02 3.328712e+03 5.917467e+03 7.882153e+03 1.152808e+04  
4.713535e-02 3.277345e+03 5.826204e+03 7.760488e+03 1.134978e+04  
4.779239e-02 3.228108e+03 5.738718e+03 7.643858e+03 1.117888e+04  
4.845859e-02 3.180960e+03 5.654935e+03 7.532165e+03 1.101524e+04  
4.913407e-02 3.135854e+03 5.574767e+03 7.425289e+03 1.085869e+04  
4.981898e-02 3.092730e+03 5.498109e+03 7.323090e+03 1.070901e+04  
5.051342e-02 3.051520e+03 5.424837e+03 7.225404e+03 1.056596e+04  
5.121755e-02 3.012148e+03 5.354817e+03 7.132049e+03 1.042929e+04  
5.193150e-02 2.974569e+03 5.287964e+03 7.042913e+03 1.029883e+04  
5.265540e-02 2.938752e+03 5.224226e+03 6.957924e+03 1.017446e+04  
5.338938e-02 2.904664e+03 5.163537e+03 6.876996e+03 1.005607e+04  
5.413360e-02 2.872261e+03 5.105822e+03 6.800025e+03 9.943507e+03  
5.488820e-02 2.841492e+03 5.050988e+03 6.726889e+03 9.836586e+03  
5.565331e-02 2.812297e+03 4.998924e+03 6.657439e+03 9.735093e+03  
5.642908e-02 2.784587e+03 4.949474e+03 6.591466e+03 9.638722e+03  
5.721568e-02 2.758257e+03 4.902449e+03 6.528719e+03 9.547108e+03  
5.801323e-02 2.733189e+03 4.857641e+03 6.468921e+03 9.459846e+03  
5.882190e-02 2.709252e+03 4.814818e+03 6.411763e+03 9.376485e+03  
5.964185e-02 2.686301e+03 4.773723e+03 6.356906e+03 9.296531e+03  
6.047322e-02 2.664190e+03 4.734099e+03 6.304005e+03 9.219480e+03  
6.131619e-02 2.642769e+03 4.695679e+03 6.252708e+03 9.144820e+03  
6.217090e-02 2.621874e+03 4.658175e+03 6.202632e+03 9.071990e+03  
6.303753e-02 2.601323e+03 4.621270e+03 6.153357e+03 9.000378e+03  
6.391624e-02 2.580924e+03 4.584623e+03 6.104431e+03 8.929324e+03  
6.480720e-02 2.560495e+03 4.547919e+03 6.055437e+03 8.858219e+03  
6.571058e-02 2.539870e+03 4.510865e+03 6.005987e+03 8.786497e+03  
6.662655e-02 2.518867e+03 4.473146e+03 5.955666e+03 8.713549e+03  
6.755528e-02 2.497293e+03 4.434423e+03 5.904023e+03 8.638718e+03  
6.849697e-02 2.474945e+03 4.394344e+03 5.850594e+03 8.561323e+03  
6.945178e-02 2.451655e+03 4.352619e+03 5.794996e+03 8.480803e+03  
7.041990e-02 2.427262e+03 4.308967e+03 5.736859e+03 8.396616e+03  
7.140151e-02 2.401591e+03 4.263088e+03 5.675786e+03 8.308178e+03  
7.239681e-02 2.374458e+03 4.214664e+03 5.611359e+03 8.214875e+03  
7.340598e-02 2.345726e+03 4.163460e+03 5.543267e+03 8.116250e+03  
7.442922e-02 2.315306e+03 4.109326e+03 5.471313e+03 8.012008e+03  
7.546673e-02 2.283106e+03 4.052106e+03 5.395294e+03 7.901851e+03  
7.651869e-02 2.249032e+03 3.991643e+03 5.315001e+03 7.785468e+03  
7.758532e-02 2.213037e+03 3.927858e+03 5.230336e+03 7.662708e+03  
7.866682e-02 2.175144e+03 3.860799e+03 5.141359e+03 7.533659e+03  
7.976339e-02 2.135388e+03 3.790530e+03 5.048158e+03 7.398444e+03  
8.087525e-02 2.093810e+03 3.717127e+03 4.950837e+03 7.257209e+03  
8.200261e-02 2.050497e+03 3.640748e+03 4.849604e+03 7.110257e+03  
8.314568e-02 2.005589e+03 3.561638e+03 4.744786e+03 6.958065e+03  
8.430468e-02 1.959241e+03 3.480074e+03 4.636748e+03 6.801164e+03  
8.547985e-02 1.911628e+03 3.396360e+03 4.525896e+03 6.640145e+03  
8.667139e-02 1.862962e+03 3.310868e+03 4.412719e+03 6.475727e+03  
8.787954e-02 1.813484e+03 3.224017e+03 4.297775e+03 6.308726e+03  
8.910453e-02 1.763457e+03 3.136267e+03 4.181670e+03 6.140029e+03  
9.034660e-02 1.713157e+03 3.048097e+03 4.065037e+03 5.970565e+03  
9.160598e-02 1.662862e+03 2.959989e+03 3.948514e+03 5.801270e+03  
9.288292e-02 1.612871e+03 2.872461e+03 3.832787e+03 5.633147e+03  
9.417766e-02 1.563508e+03 2.786074e+03 3.718592e+03 5.467279e+03  
9.549045e-02 1.515101e+03 2.701393e+03 3.606675e+03 5.304759e+03  
9.682153e-02 1.467930e+03 2.618902e+03 3.497678e+03 5.146525e+03  
9.817117e-02 1.422284e+03 2.539099e+03 3.392253e+03 4.993534e+03  
9.953962e-02 1.378471e+03 2.462513e+03 3.291098e+03 4.846808e+03  
1.009272e-01 1.336778e+03 2.389636e+03 3.194860e+03 4.707294e+03  
1.023340e-01 1.297386e+03 2.320778e+03 3.103946e+03 4.575583e+03  
1.037605e-01 1.260464e+03 2.256226e+03 3.018730e+03 4.452226e+03  
1.052069e-01 1.226188e+03 2.196279e+03 2.939606e+03 4.337794e+03  
1.066734e-01 1.194669e+03 2.141125e+03 2.866819e+03 4.232644e+03  
1.081604e-01 1.165921e+03 2.090780e+03 2.800386e+03 4.136803e+03  
1.096681e-01 1.139943e+03 2.045238e+03 2.740296e+03 4.050253e+03  
1.111968e-01 1.116717e+03 2.004460e+03 2.686496e+03 3.972916e+03  
1.127468e-01 1.096134e+03 1.968252e+03 2.638727e+03 3.904416e+03  
1.143184e-01 1.078033e+03 1.936331e+03 2.596614e+03 3.844206e+03  
1.159120e-01 1.062233e+03 1.908380e+03 2.559737e+03 3.791674e+03  
1.175277e-01 1.048520e+03 1.884021e+03 2.527598e+03 3.746096e+03  
1.191660e-01 1.036637e+03 1.862810e+03 2.499608e+03 3.706616e+03  
1.208271e-01 1.026300e+03 1.844254e+03 2.475119e+03 3.672288e+03  
1.225114e-01 1.017198e+03 1.827812e+03 2.453417e+03 3.642072e+03  
1.242191e-01 1.008982e+03 1.812883e+03 2.433712e+03 3.614809e+03  
1.259506e-01 1.001270e+03 1.798813e+03 2.415141e+03 3.589239e+03  
1.277063e-01 9.936672e+02 1.784922e+03 2.396810e+03 3.564048e+03  
1.294865e-01 9.858002e+02 1.770574e+03 2.377882e+03 3.538001e+03  
1.312915e-01 9.772771e+02 1.755101e+03 2.357477e+03 3.509800e+03  
1.331216e-01 9.677160e+02 1.737853e+03 2.334742e+03 3.478180e+03  
1.349772e-01 9.568305e+02 1.718348e+03 2.309040e+03 3.442192e+03  
1.368587e-01 9.443367e+02 1.696107e+03 2.279740e+03 3.400894e+03  
1.387665e-01 9.300120e+02 1.670757e+03 2.246353e+03 3.353550e+03  
1.407008e-01 9.137832e+02 1.642180e+03 2.208723e+03 3.299919e+03  
1.426621e-01 8.955980e+02 1.610295e+03 2.166744e+03 3.239830e+03  
1.446507e-01 8.755010e+02 1.575183e+03 2.120523e+03 3.173436e+03  
1.466671e-01 8.536431e+02 1.537108e+03 2.070410e+03 3.101246e+03  
1.487115e-01 8.302077e+02 1.496386e+03 2.016820e+03 3.023874e+03  
1.507845e-01 8.054720e+02 1.453493e+03 1.960382e+03 2.942250e+03  
1.528864e-01 7.797687e+02 1.408996e+03 1.901844e+03 2.857486e+03  
1.550175e-01 7.534775e+02 1.363541e+03 1.842058e+03 2.770845e+03  
1.571784e-01 7.270403e+02 1.317880e+03 1.782013e+03 2.683795e+03  
1.593694e-01 7.009300e+02 1.272813e+03 1.722763e+03 2.597898e+03  
1.615909e-01 6.755940e+02 1.229098e+03 1.665302e+03 2.514625e+03  
1.638434e-01 6.514849e+02 1.187498e+03 1.610634e+03 2.435458e+03  
1.661273e-01 6.289865e+02 1.148661e+03 1.559605e+03 2.361644e+03  
1.684430e-01 6.083880e+02 1.113071e+03 1.512850e+03 2.294114e+03  
1.707910e-01 5.899240e+02 1.081120e+03 1.470879e+03 2.233616e+03  
1.731717e-01 5.736584e+02 1.052911e+03 1.433823e+03 2.180340e+03  
1.755856e-01 5.596045e+02 1.028459e+03 1.401701e+03 2.134307e+03  
1.780332e-01 5.476605e+02 1.007585e+03 1.374276e+03 2.095170e+03  
1.805149e-01 5.376682e+02 9.900172e+02 1.351186e+03 2.062399e+03  
1.830312e-01 5.294039e+02 9.753710e+02 1.331928e+03 2.035257e+03  
1.855825e-01 5.225925e+02 9.631772e+02 1.315886e+03 2.012841e+03  
1.881694e-01 5.169013e+02 9.528712e+02 1.302318e+03 1.994066e+03  
1.907924e-01 5.119439e+02 9.437996e+02 1.290369e+03 1.977672e+03  
1.934520e-01 5.072954e+02 9.352463e+02 1.279100e+03 1.962277e+03  
1.961486e-01 5.024951e+02 9.264383e+02 1.267496e+03 1.946379e+03  
1.988828e-01 4.971154e+02 9.166600e+02 1.254621e+03 1.928584e+03  
2.016551e-01 4.907642e+02 9.052578e+02 1.239615e+03 1.907613e+03  
2.044661e-01 4.831676e+02 8.917780e+02 1.221883e+03 1.882574e+03  
2.073162e-01 4.741538e+02 8.759387e+02 1.201056e+03 1.852907e+03  
2.102061e-01 4.637137e+02 8.577303e+02 1.177120e+03 1.818590e+03  
2.131362e-01 4.519478e+02 8.373263e+02 1.150306e+03 1.779960e+03  
2.161073e-01 4.390721e+02 8.150917e+02 1.121093e+03 1.737733e+03  
2.191197e-01 4.253735e+02 7.915092e+02 1.090116e+03 1.692859e+03  
2.221741e-01 4.112144e+02 7.671853e+02 1.058174e+03 1.646527e+03  
2.252711e-01 3.969908e+02 7.427811e+02 1.026133e+03 1.600030e+03  
2.284112e-01 3.831174e+02 7.189868e+02 9.948972e+02 1.554711e+03  
2.315951e-01 3.699711e+02 6.964281e+02 9.652857e+02 1.511783e+03  
2.348235e-01 3.578832e+02 6.756533e+02 9.380133e+02 1.472298e+03  
2.380968e-01 3.470885e+02 6.570483e+02 9.135815e+02 1.436992e+03  
2.414157e-01 3.377238e+02 6.408357e+02 8.922780e+02 1.406285e+03  
2.447809e-01 3.298018e+02 6.270310e+02 8.741200e+02 1.380195e+03  
2.481930e-01 3.232208e+02 6.154605e+02 8.588783e+02 1.358382e+03  
2.516527e-01 3.177850e+02 6.057942e+02 8.461207e+02 1.340209e+03  
2.551606e-01 3.132047e+02 5.975492e+02 8.352156e+02 1.324746e+03  
2.587174e-01 3.091325e+02 5.901476e+02 8.254089e+02 1.310882e+03  
2.623238e-01 3.051959e+02 5.829733e+02 8.158959e+02 1.297429e+03  
2.659804e-01 3.010443e+02 5.754480e+02 8.059223e+02 1.283271e+03  
2.696881e-01 2.963870e+02 5.670941e+02 7.948645e+02 1.267485e+03  
2.734474e-01 2.910169e+02 5.575739e+02 7.822822e+02 1.249417e+03  
2.772591e-01 2.848407e+02 5.467371e+02 7.679800e+02 1.228777e+03  
2.811239e-01 2.778834e+02 5.346289e+02 7.520185e+02 1.205657e+03  
2.850426e-01 2.702766e+02 5.214691e+02 7.346865e+02 1.180489e+03  
2.890160e-01 2.622473e+02 5.076328e+02 7.164750e+02 1.154004e+03  
2.930447e-01 2.540925e+02 4.936085e+02 6.980222e+02 1.127150e+03  
2.971296e-01 2.461225e+02 4.799050e+02 6.799912e+02 1.100908e+03  
3.012714e-01 2.386179e+02 4.669801e+02 6.629771e+02 1.076153e+03  
3.054710e-01 2.317954e+02 4.551858e+02 6.474357e+02 1.053553e+03  
3.097291e-01 2.257821e+02 4.447263e+02 6.336299e+02 1.033486e+03  
3.140465e-01 2.205954e+02 4.356262e+02 6.215890e+02 1.015992e+03  
3.184242e-01 2.161558e+02 4.277521e+02 6.111379e+02 1.000809e+03  
3.228628e-01 2.122962e+02 4.208287e+02 6.019180e+02 9.874083e+02  
3.273634e-01 2.087877e+02 4.144815e+02 5.934425e+02 9.750764e+02  
3.319266e-01 2.053829e+02 4.083074e+02 5.851885e+02 9.630472e+02  
3.365535e-01 2.018531e+02 4.019358e+02 5.766760e+02 9.506175e+02  
3.412449e-01 1.980221e+02 3.950822e+02 5.675366e+02 9.372493e+02  
3.460016e-01 1.937977e+02 3.875995e+02 5.575811e+02 9.226677e+02  
3.508247e-01 1.891846e+02 3.794978e+02 5.468240e+02 9.068978e+02  
3.557150e-01 1.842832e+02 3.709415e+02 5.354798e+02 8.902578e+02  
3.606735e-01 1.792632e+02 3.622059e+02 5.239058e+02 8.732734e+02  
3.657011e-01 1.743137e+02 3.535964e+02 5.124972e+02 8.565228e+02  
3.707988e-01 1.696049e+02 3.453860e+02 5.016061e+02 8.405180e+02  
3.759675e-01 1.652674e+02 3.377833e+02 4.915004e+02 8.256454e+02  
3.812083e-01 1.613712e+02 3.308983e+02 4.823202e+02 8.121039e+02  
3.865221e-01 1.579102e+02 3.247186e+02 4.740478e+02 7.998638e+02  
3.919100e-01 1.547978e+02 3.191037e+02 4.665007e+02 7.886577e+02  
3.973730e-01 1.518923e+02 3.138251e+02 4.593844e+02 7.780583e+02  
4.029122e-01 1.490433e+02 3.086419e+02 4.523893e+02 7.676184e+02  
4.085286e-01 1.461283e+02 3.033594e+02 4.452653e+02 7.569788e+02  
4.142232e-01 1.430720e+02 2.978586e+02 4.378607e+02 7.459227e+02  
4.199973e-01 1.398531e+02 2.921068e+02 4.301345e+02 7.343947e+02  
4.258518e-01 1.365131e+02 2.861712e+02 4.221742e+02 7.225235e+02  
4.317880e-01 1.331463e+02 2.802021e+02 4.141726e+02 7.105881e+02  
4.378069e-01 1.298650e+02 2.743775e+02 4.063578e+02 6.989153e+02  
4.439097e-01 1.267560e+02 2.688338e+02 3.989034e+02 6.877518e+02  
4.500975e-01 1.238709e+02 2.636509e+02 3.919103e+02 6.772390e+02  
4.563716e-01 1.212153e+02 2.588365e+02 3.853871e+02 6.673863e+02  
4.627332e-01 1.187491e+02 2.543259e+02 3.792507e+02 6.580731e+02  
4.691835e-01 1.163941e+02 2.499956e+02 3.733433e+02 6.490749e+02  
4.757236e-01 1.140692e+02 2.457181e+02 3.675028e+02 6.401628e+02  
4.823549e-01 1.117175e+02 2.414047e+02 3.616171e+02 6.311800e+02  
4.890787e-01 1.093175e+02 2.370223e+02 3.556448e+02 6.220702e+02  
4.958962e-01 1.068809e+02 2.325901e+02 3.496110e+02 6.128703e+02  
5.028087e-01 1.044544e+02 2.281807e+02 3.436080e+02 6.037112e+02  
5.098176e-01 1.020958e+02 2.238841e+02 3.377490e+02 5.947512e+02  
5.169242e-01 9.984271e+01 2.197578e+02 3.321067e+02 5.860904e+02  
5.241298e-01 9.771397e+01 2.158304e+02 3.267159e+02 5.777754e+02  
5.314359e-01 9.570268e+01 2.120903e+02 3.215616e+02 5.697837e+02  
5.388438e-01 9.377085e+01 2.084782e+02 3.165690e+02 5.620110e+02  
5.463550e-01 9.187562e+01 2.049281e+02 3.116550e+02 5.543433e+02  
5.539709e-01 8.999216e+01 2.014018e+02 3.067723e+02 5.467160e+02  
5.616930e-01 8.810838e+01 1.978812e+02 3.018984e+02 5.390993e+02  
5.695227e-01 8.623267e+01 1.943793e+02 2.970497e+02 5.315169e+02  
5.774615e-01 8.439404e+01 1.909402e+02 2.922816e+02 5.240438e+02  
5.855110e-01 8.261481e+01 1.875977e+02 2.876355e+02 5.167362e+02  
5.936727e-01 8.090339e+01 1.843640e+02 2.831266e+02 5.096135e+02  
6.019482e-01 7.926264e+01 1.812430e+02 2.787590e+02 5.026805e+02  
6.103390e-01 7.767510e+01 1.782079e+02 2.744995e+02 4.958919e+02  
6.188468e-01 7.611918e+01 1.752261e+02 2.703077e+02 4.891938e+02  
6.274732e-01 7.458606e+01 1.722842e+02 2.661672e+02 4.825649e+02  
6.362198e-01 7.307120e+01 1.693755e+02 2.620699e+02 4.759947e+02  
6.450884e-01 7.158126e+01 1.665099e+02 2.580281e+02 4.694998e+02  
6.540806e-01 7.012853e+01 1.637057e+02 2.540638e+02 4.631090e+02  
6.631981e-01 6.872254e+01 1.609766e+02 2.501939e+02 4.568437e+02  
6.724427e-01 6.735933e+01 1.583165e+02 2.464106e+02 4.506933e+02  
6.818162e-01 6.603274e+01 1.557160e+02 2.427024e+02 4.446427e+02  
6.913204e-01 6.473618e+01 1.531654e+02 2.390572e+02 4.386763e+02  
7.009570e-01 6.346355e+01 1.506555e+02 2.354641e+02 4.327801e+02  
7.107280e-01 6.221505e+01 1.481866e+02 2.319235e+02 4.269544e+02  
7.206351e-01 6.099361e+01 1.457628e+02 2.284402e+02 4.212060e+02  
7.306804e-01 5.980231e+01 1.433885e+02 2.250194e+02 4.155406e+02  
7.408657e-01 5.864262e+01 1.410656e+02 2.216632e+02 4.099608e+02  
7.511929e-01 5.751234e+01 1.387907e+02 2.183675e+02 4.044612e+02  
7.616642e-01 5.640858e+01 1.365596e+02 2.151271e+02 3.990351e+02  
7.722814e-01 5.532832e+01 1.343677e+02 2.119366e+02 3.936761e+02  
7.830465e-01 5.427054e+01 1.322135e+02 2.087942e+02 3.883816e+02  
7.939618e-01 5.323577e+01 1.300977e+02 2.057006e+02 3.831526e+02  
8.050292e-01 5.222459e+01 1.280210e+02 2.026565e+02 3.779897e+02  
8.162509e-01 5.123728e+01 1.259835e+02 1.996622e+02 3.728931e+02  
8.276289e-01 5.027305e+01 1.239841e+02 1.967160e+02 3.678607e+02  
8.391656e-01 4.933073e+01 1.220210e+02 1.938159e+02 3.628899e+02  
8.508632e-01 4.840901e+01 1.200922e+02 1.909595e+02 3.579778e+02  
8.627237e-01 4.750703e+01 1.181965e+02 1.881453e+02 3.531226e+02  
8.747496e-01 4.662458e+01 1.163334e+02 1.853728e+02 3.483236e+02  
8.869432e-01 4.576144e+01 1.145025e+02 1.826414e+02 3.435800e+02  
8.993067e-01 4.491731e+01 1.127033e+02 1.799505e+02 3.388909e+02  
9.118425e-01 4.409175e+01 1.109351e+02 1.772991e+02 3.342553e+02  
9.245531e-01 4.328424e+01 1.091971e+02 1.746863e+02 3.296720e+02  
9.374409e-01 4.249415e+01 1.074883e+02 1.721110e+02 3.251394e+02  
9.505083e-01 4.172089e+01 1.058078e+02 1.695721e+02 3.206565e+02  
9.637579e-01 4.096409e+01 1.041550e+02 1.670688e+02 3.162222e+02  
9.771921e-01 4.022335e+01 1.025293e+02 1.646005e+02 3.118357e+02  
9.908137e-01 3.949820e+01 1.009300e+02 1.621662e+02 3.074960e+02  
1.004625e+00 3.878827e+01 9.935641e+01 1.597652e+02 3.032023e+02  
1.018629e+00 3.809317e+01 9.780804e+01 1.573969e+02 2.989537e+02  
1.032828e+00 3.741249e+01 9.628423e+01 1.550604e+02 2.947493e+02  
1.047225e+00 3.674579e+01 9.478432e+01 1.527551e+02 2.905883e+02  
1.061823e+00 3.609275e+01 9.330779e+01 1.504804e+02 2.864700e+02  
1.076624e+00 3.545304e+01 9.185414e+01 1.482356e+02 2.823938e+02  
1.091632e+00 3.482628e+01 9.042281e+01 1.460200e+02 2.783589e+02  
1.106848e+00 3.421211e+01 8.901328e+01 1.438331e+02 2.743646e+02  
1.122277e+00 3.361029e+01 8.762512e+01 1.416745e+02 2.704105e+02  
1.137921e+00 3.302049e+01 8.625787e+01 1.395435e+02 2.664959e+02  
1.153783e+00 3.244239e+01 8.491105e+01 1.374395e+02 2.626203e+02  
1.169866e+00 3.187570e+01 8.358420e+01 1.353622e+02 2.587830e+02  
1.186174e+00 3.132011e+01 8.227690e+01 1.335272e+02 2.549837e+02  
1.202708e+00 3.077531e+01 8.098868e+01 1.312853e+02 2.512217e+02  
1.219473e+00 3.024098e+01 7.971909e+01 1.292847e+02 2.474967e+02  
1.236472e+00 2.971690e+01 7.846778e+01 1.273088e+02 2.438082e+02  
1.253708e+00 2.920284e+01 7.723443e+01 1.253571e+02 2.401557e+02  
1.271184e+00 2.869856e+01 7.601866e+01 1.234294e+02 2.365391e+02  
1.288904e+00 2.820381e+01 7.482013e+01 1.215252e+02 2.329578e+02  
1.306870e+00 2.773499e+01 7.363850e+01 1.196442e+02 2.294115e+02  
1.325087e+00 2.724197e+01 7.247341e+01 1.177858e+02 2.258999e+02  
1.343558e+00 2.677435e+01 7.132450e+01 1.159499e+02 2.224227e+02  
1.362287e+00 2.631531e+01 7.019147e+01 1.141360e+02 2.189795e+02  
1.381276e+00 2.586469e+01 6.907408e+01 1.123438e+02 2.155702e+02  
1.400531e+00 2.542228e+01 6.797202e+01 1.105730e+02 2.121944e+02  
1.420053e+00 2.498786e+01 6.688502e+01 1.088234e+02 2.088519e+02  
1.439848e+00 2.456127e+01 6.581282e+01 1.070947e+02 2.055426e+02  
1.459919e+00 2.414231e+01 6.475514e+01 1.053865e+02 2.022661e+02  
1.480269e+00 2.373074e+01 6.371169e+01 1.036986e+02 1.990222e+02  
1.500903e+00 2.332642e+01 6.268223e+01 1.020306e+02 1.958109e+02  
1.521825e+00 2.292916e+01 6.166656e+01 1.003825e+02 1.926318e+02  
1.543038e+00 2.253882e+01 6.066443e+01 9.875389e+01 1.894850e+02  
1.564548e+00 2.215523e+01 5.967561e+01 9.714458e+01 1.863701e+02  
1.586357e+00 2.177824e+01 5.869993e+01 9.555437e+01 1.832871e+02  
1.608469e+00 2.140772e+01 5.773717e+01 9.398304e+01 1.802358e+02  
1.630891e+00 2.104351e+01 5.678713e+01 9.243038e+01 1.772162e+02  
1.653624e+00 2.068546e+01 5.584962e+01 9.089619e+01 1.742281e+02  
1.676675e+00 2.033344e+01 5.492446e+01 8.938029e+01 1.712714e+02  
1.700047e+00 1.998733e+01 5.401145e+01 8.788248e+01 1.683461e+02  
1.723745e+00 1.964696e+01 5.311042e+01 8.640257e+01 1.654519e+02  
1.747773e+00 1.931222e+01 5.222119e+01 8.494039e+01 1.625890e+02  
1.772136e+00 1.898300e+01 5.134362e+01 8.349579e+01 1.597571e+02  
1.796838e+00 1.865917e+01 5.047755e+01 8.206860e+01 1.569563e+02  
1.821885e+00 1.834062e+01 4.962280e+01 8.065865e+01 1.541864e+02  
1.847281e+00 1.802723e+01 4.877926e+01 7.926581e+01 1.514474e+02  
1.873032e+00 1.771891e+01 4.794676e+01 7.788992e+01 1.487393e+02  
1.899141e+00 1.741553e+01 4.712516e+01 7.653084e+01 1.460620e+02  
1.925614e+00 1.711699e+01 4.631432e+01 7.518843e+01 1.434155e+02  
1.952456e+00 1.682321e+01 4.551413e+01 7.386255e+01 1.407998e+02  
1.979672e+00 1.653409e+01 4.472446e+01 7.255309e+01 1.382147e+02  
2.007267e+00 1.624953e+01 4.394517e+01 7.125991e+01 1.356603e+02  
2.035248e+00 1.596945e+01 4.317617e+01 6.998289e+01 1.331365e+02  
2.063618e+00 1.569377e+01 4.241731e+01 6.872191e+01 1.306433e+02  
2.092383e+00 1.542238e+01 4.166850e+01 6.747685e+01 1.281807e+02  
2.121550e+00 1.515522e+01 4.092962e+01 6.624760e+01 1.257487e+02  
2.151123e+00 1.489219e+01 4.020056e+01 6.503405e+01 1.233471e+02  
2.181109e+00 1.463323e+01 3.948122e+01 6.383608e+01 1.209760e+02  
2.211512e+00 1.437824e+01 3.877149e+01 6.265359e+01 1.186354e+02  
2.242340e+00 1.412717e+01 3.807127e+01 6.148648e+01 1.163251e+02  
2.273597e+00 1.387993e+01 3.738047e+01 6.033465e+01 1.140452e+02  
2.305289e+00 1.363648e+01 3.669900e+01 5.919799e+01 1.117956e+02  
2.337424e+00 1.339673e+01 3.602676e+01 5.807641e+01 1.095764e+02  
2.370006e+00 1.316062e+01 3.536367e+01 5.696981e+01 1.073873e+02  
2.403043e+00 1.292810e+01 3.470963e+01 5.587809e+01 1.052284e+02  
2.436540e+00 1.269910e+01 3.406455e+01 5.480117e+01 1.030996e+02  
2.470504e+00 1.247355e+01 3.342835e+01 5.373894e+01 1.010009e+02  
2.504942e+00 1.225141e+01 3.280096e+01 5.269132e+01 9.893216e+01  
2.539859e+00 1.203261e+01 3.218228e+01 5.165822e+01 9.689334e+01  
2.575263e+00 1.181710e+01 3.157224e+01 5.063954e+01 9.488436e+01  
2.611161e+00 1.160483e+01 3.097075e+01 4.963521e+01 9.290513e+01  
2.647559e+00 1.139574e+01 3.037775e+01 4.864513e+01 9.095555e+01  
2.684465e+00 1.118980e+01 2.979315e+01 4.766921e+01 8.903554e+01  
2.721885e+00 1.098694e+01 2.921688e+01 4.670737e+01 8.714497e+01  
2.759826e+00 1.078712e+01 2.864886e+01 4.575952e+01 8.528375e+01  
2.798297e+00 1.059030e+01 2.808904e+01 4.482558e+01 8.345175e+01  
2.837304e+00 1.039643e+01 2.753732e+01 4.390545e+01 8.164883e+01  
2.876854e+00 1.020547e+01 2.699365e+01 4.299906e+01 7.987488e+01  
2.916956e+00 1.001738e+01 2.645794e+01 4.210632e+01 7.812974e+01  
2.957617e+00 9.832105e+00 2.593014e+01 4.122712e+01 7.641325e+01  
2.998844e+00 9.649615e+00 2.541017e+01 4.036141e+01 7.472527e+01  
3.040646e+00 9.469869e+00 2.489796e+01 3.950908e+01 7.306563e+01  
3.083031e+00 9.292831e+00 2.439346e+01 3.867006e+01 7.143415e+01  
3.126007e+00 9.118460e+00 2.389659e+01 3.784424e+01 6.983064e+01  
3.169582e+00 8.946728e+00 2.340729e+01 3.703155e+01 6.825493e+01  
3.213764e+00 8.777583e+00 2.292549e+01 3.623189e+01 6.670680e+01  
3.258562e+00 8.611007e+00 2.245112e+01 3.544517e+01 6.518594e+01  
3.303985e+00 8.446959e+00 2.198413e+01 3.467130e+01 6.369248e+01  
3.350041e+00 8.285407e+00 2.152445e+01 3.391019e+01 6.222587e+01  
3.396739e+00 8.126321e+00 2.107202e+01 3.316175e+01 6.078618e+01  
3.444087e+00 7.969666e+00 2.062677e+01 3.242588e+01 5.937261e+01  
3.492096e+00 7.815412e+00 2.018864e+01 3.170248e+01 5.798547e+01  
3.540774e+00 7.663529e+00 1.975757e+01 3.099146e+01 5.662435e+01  
3.590130e+00 7.513988e+00 1.933349e+01 3.029272e+01 5.528898e+01  
3.640175e+00 7.366760e+00 1.891635e+01 2.960617e+01 5.397910e+01  
3.690917e+00 7.221815e+00 1.850608e+01 2.893169e+01 5.269447e+01  
3.742366e+00 7.079128e+00 1.810261e+01 2.826918e+01 5.143480e+01  
3.794533e+00 6.938670e+00 1.770590e+01 2.761853e+01 5.019982e+01  
3.847427e+00 6.800414e+00 1.731587e+01 2.697967e+01 4.898925e+01  
3.901058e+00 6.664334e+00 1.693247e+01 2.635245e+01 4.780282e+01  
3.955436e+00 6.530404e+00 1.655563e+01 2.573679e+01 4.664023e+01  
4.010573e+00 6.398599e+00 1.618529e+01 2.513256e+01 4.550120e+01  
4.066478e+00 6.268893e+00 1.582139e+01 2.453968e+01 4.438542e+01  
4.123163e+00 6.141262e+00 1.546387e+01 2.395796e+01 4.329261e+01  
4.180637e+00 6.015681e+00 1.511267e+01 2.338736e+01 4.222246e+01  
4.238913e+00 5.892127e+00 1.476772e+01 2.282774e+01 4.117467e+01  
4.298001e+00 5.770576e+00 1.442896e+01 2.227897e+01 4.014893e+01  
4.357913e+00 5.651004e+00 1.409633e+01 2.174094e+01 3.914493e+01  
4.418660e+00 5.533389e+00 1.376977e+01 2.121353e+01 3.816237e+01  
4.480254e+00 5.417708e+00 1.344920e+01 2.069661e+01 3.720094e+01  
4.542706e+00 5.303938e+00 1.313459e+01 2.019006e+01 3.626032e+01  
4.606029e+00 5.192058e+00 1.282585e+01 1.969375e+01 3.534019e+01  
4.670234e+00 5.082045e+00 1.252293e+01 1.920756e+01 3.444025e+01  
4.735335e+00 4.973878e+00 1.222576e+01 1.873135e+01 3.356020e+01  
4.801343e+00 4.867535e+00 1.193427e+01 1.826500e+01 3.269960e+01  
4.868271e+00 4.762995e+00 1.164840e+01 1.780838e+01 3.185839e+01  
4.936132e+00 4.660236e+00 1.136810e+01 1.736136e+01 3.103604e+01  
5.004939e+00 4.559239e+00 1.109328e+01 1.692380e+01 3.023230e+01  
5.074705e+00 4.459982e+00 1.082389e+01 1.649557e+01 2.944686e+01  
5.145444e+00 4.362446e+00 1.055987e+01 1.607655e+01 2.867940e+01  
5.217169e+00 4.266609e+00 1.030113e+01 1.566656e+01 2.792962e+01  
5.289893e+00 4.172451e+00 1.004763e+01 1.526556e+01 2.719720e+01  
5.363631e+00 4.079953e+00 9.799284e+00 1.487334e+01 2.648184e+01  
5.438397e+00 3.989094e+00 9.556036e+00 1.448975e+01 2.578322e+01  
5.514206e+00 3.899859e+00 9.317816e+00 1.411470e+01 2.510105e+01  
5.591071e+00 3.812219e+00 9.084556e+00 1.374805e+01 2.443501e+01  
5.669007e+00 3.726163e+00 8.856189e+00 1.338966e+01 2.378481e+01  
5.748030e+00 3.641668e+00 8.632647e+00 1.303938e+01 2.315015e+01  
5.828155e+00 3.558715e+00 8.413862e+00 1.269710e+01 2.253073e+01  
5.909396e+00 3.477287e+00 8.199766e+00 1.236266e+01 2.192625e+01  
5.991770e+00 3.397363e+00 7.990292e+00 1.203595e+01 2.133644e+01  
6.075292e+00 3.318925e+00 7.785370e+00 1.171682e+01 2.076090e+01  
6.159978e+00 3.241954e+00 7.584932e+00 1.140514e+01 2.019967e+01  
6.245845e+00 3.166432e+00 7.388909e+00 1.110079e+01 1.965205e+01  
6.332908e+00 3.092339e+00 7.197233e+00 1.080362e+01 1.911800e+01  
6.421186e+00 3.019659e+00 7.009836e+00 1.051351e+01 1.859719e+01  
6.510694e+00 2.948372e+00 6.826647e+00 1.023033e+01 1.808934e+01  
6.601449e+00 2.878460e+00 6.647597e+00 9.953941e+00 1.759420e+01  
6.693470e+00 2.809905e+00 6.472627e+00 9.684174e+00 1.711149e+01  
6.786773e+00 2.742689e+00 6.301660e+00 9.421067e+00 1.664094e+01  
6.881377e+00 2.676795e+00 6.134626e+00 9.164328e+00 1.618231e+01  
6.977300e+00 2.612204e+00 5.971464e+00 8.913819e+00 1.573532e+01  
7.074559e+00 2.548899e+00 5.812106e+00 8.720956e+00 1.529974e+01  
7.173175e+00 2.486862e+00 5.656485e+00 8.380969e+00 1.487530e+01  
7.273165e+00 2.426075e+00 5.504534e+00 8.198929e+00 1.446178e+01  
7.374549e+00 2.366522e+00 5.356186e+00 7.972395e+00 1.405892e+01  
7.477346e+00 2.308184e+00 5.211377e+00 7.751543e+00 1.366646e+01  
7.581576e+00 2.251045e+00 5.070039e+00 7.536255e+00 1.328387e+01  
7.687260e+00 2.195087e+00 4.932108e+00 7.326416e+00 1.291192e+01  
7.794416e+00 2.140293e+00 4.797522e+00 7.121912e+00 1.254936e+01  
7.903066e+00 2.086648e+00 4.666211e+00 6.922626e+00 1.219630e+01  
8.013230e+00 2.034131e+00 4.538116e+00 6.728449e+00 1.185254e+01  
8.124930e+00 1.982729e+00 4.413172e+00 6.539303e+00 1.151785e+01  
8.238187e+00 1.932422e+00 4.291319e+00 6.354982e+00 1.119203e+01  
8.353023e+00 1.883196e+00 4.172494e+00 6.175428e+00 1.087485e+01  
8.469460e+00 1.835034e+00 4.056637e+00 6.000634e+00 1.056611e+01  
8.587519e+00 1.787918e+00 3.943687e+00 5.830368e+00 1.026566e+01  
8.707225e+00 1.741833e+00 3.833587e+00 5.664575e+00 9.973225e+00  
8.828599e+00 1.696762e+00 3.726274e+00 5.503098e+00 9.688657e+00  
8.951665e+00 1.652688e+00 3.621693e+00 5.345962e+00 9.411757e+00  
9.076446e+00 1.609597e+00 3.519783e+00 5.192981e+00 9.143134e+00  
9.202967e+00 1.567471e+00 3.420488e+00 5.044078e+00 8.880219e+00  
9.331251e+00 1.526296e+00 3.323751e+00 4.899231e+00 8.625220e+00  
9.461324e+00 1.486054e+00 3.229517e+00 4.758038e+00 8.377165e+00  
9.593209e+00 1.446726e+00 3.137730e+00 4.620812e+00 8.135883e+00  
9.726934e+00 1.408305e+00 3.048339e+00 4.487309e+00 7.901205e+00  
9.862522e+00 1.370775e+00 2.961289e+00 4.357295e+00 7.672962e+00  
1.000000e+01 1.334113e+00 2.876530e+00 4.231006e+00 7.451004e+00  
