1.000000e-02 6.054409e+03 1.093602e+04 1.474168e+04 2.196299e+04  
1.013939e-02 6.088530e+03 1.099744e+04 1.482425e+04 2.208544e+04  
1.028073e-02 6.122139e+03 1.105792e+04 1.490555e+04 2.220600e+04  
1.042404e-02 6.155215e+03 1.111744e+04 1.498555e+04 2.232459e+04  
1.056935e-02 6.187736e+03 1.117594e+04 1.506418e+04 2.244113e+04  
1.071668e-02 6.219680e+03 1.123340e+04 1.514138e+04 2.255555e+04  
1.086606e-02 6.251022e+03 1.128977e+04 1.521711e+04 2.266774e+04  
1.101753e-02 6.281738e+03 1.134500e+04 1.529131e+04 2.277764e+04  
1.117111e-02 6.311806e+03 1.139905e+04 1.536391e+04 2.288514e+04  
1.132683e-02 6.341200e+03 1.145188e+04 1.543485e+04 2.299017e+04  
1.148472e-02 6.369897e+03 1.150344e+04 1.550408e+04 2.309263e+04  
1.164481e-02 6.397871e+03 1.155369e+04 1.557154e+04 2.319244e+04  
1.180713e-02 6.425099e+03 1.160259e+04 1.563717e+04 2.328950e+04  
1.197171e-02 6.451554e+03 1.165008e+04 1.570090e+04 2.338373e+04  
1.213859e-02 6.477210e+03 1.169613e+04 1.576267e+04 2.347502e+04  
1.230780e-02 6.502040e+03 1.174068e+04 1.582242e+04 2.356328e+04  
1.247936e-02 6.526019e+03 1.178368e+04 1.588008e+04 2.364842e+04  
1.265332e-02 6.549118e+03 1.182509e+04 1.593558e+04 2.373034e+04  
1.282970e-02 6.571313e+03 1.186486e+04 1.598887e+04 2.380894e+04  
1.300854e-02 6.592576e+03 1.190293e+04 1.603987e+04 2.388412e+04  
1.318987e-02 6.612880e+03 1.193928e+04 1.608852e+04 2.395580e+04  
1.337373e-02 6.632197e+03 1.197383e+04 1.613476e+04 2.402386e+04  
1.356015e-02 6.650500e+03 1.200654e+04 1.617851e+04 2.408821e+04  
1.374917e-02 6.667761e+03 1.203737e+04 1.621972e+04 2.414874e+04  
1.394083e-02 6.683952e+03 1.206625e+04 1.625830e+04 2.420537e+04  
1.413516e-02 6.699047e+03 1.209315e+04 1.629420e+04 2.425799e+04  
1.433219e-02 6.713019e+03 1.211802e+04 1.632736e+04 2.430650e+04  
1.453198e-02 6.725839e+03 1.214080e+04 1.635770e+04 2.435081e+04  
1.473454e-02 6.737481e+03 1.216145e+04 1.638515e+04 2.439081e+04  
1.493993e-02 6.747914e+03 1.217991e+04 1.640965e+04 2.442640e+04  
1.514819e-02 6.757112e+03 1.219613e+04 1.643113e+04 2.445748e+04  
1.535935e-02 6.765048e+03 1.221007e+04 1.644953e+04 2.448396e+04  
1.557345e-02 6.771694e+03 1.222167e+04 1.646477e+04 2.450574e+04  
1.579053e-02 6.777025e+03 1.223089e+04 1.647680e+04 2.452272e+04  
1.601064e-02 6.781015e+03 1.223768e+04 1.648556e+04 2.453481e+04  
1.623382e-02 6.783636e+03 1.224200e+04 1.649097e+04 2.454192e+04  
1.646012e-02 6.784862e+03 1.224380e+04 1.649298e+04 2.454395e+04  
1.668956e-02 6.784669e+03 1.224302e+04 1.649152e+04 2.454082e+04  
1.692220e-02 6.783033e+03 1.223964e+04 1.648654e+04 2.453243e+04  
1.715809e-02 6.779929e+03 1.223360e+04 1.647798e+04 2.451870e+04  
1.739726e-02 6.775336e+03 1.222487e+04 1.646579e+04 2.449956e+04  
1.763977e-02 6.769232e+03 1.221341e+04 1.644991e+04 2.447493e+04  
1.788566e-02 6.761593e+03 1.219917e+04 1.643029e+04 2.444472e+04  
1.813498e-02 6.752396e+03 1.218211e+04 1.640687e+04 2.440885e+04  
1.838777e-02 6.741619e+03 1.216220e+04 1.637960e+04 2.436724e+04  
1.864409e-02 6.729242e+03 1.213940e+04 1.634844e+04 2.431983e+04  
1.890397e-02 6.715246e+03 1.211368e+04 1.631333e+04 2.426655e+04  
1.916748e-02 6.699614e+03 1.208500e+04 1.627423e+04 2.420733e+04  
1.943467e-02 6.682330e+03 1.205333e+04 1.623112e+04 2.414213e+04  
1.970558e-02 6.663379e+03 1.201866e+04 1.618395e+04 2.407088e+04  
1.998026e-02 6.642747e+03 1.198095e+04 1.613269e+04 2.399356e+04  
2.025878e-02 6.620423e+03 1.194018e+04 1.607731e+04 2.391010e+04  
2.054117e-02 6.596398e+03 1.189635e+04 1.601780e+04 2.382049e+04  
2.082751e-02 6.570665e+03 1.184943e+04 1.595413e+04 2.372471e+04  
2.111783e-02 6.543220e+03 1.179943e+04 1.588631e+04 2.362274e+04  
2.141220e-02 6.514062e+03 1.174634e+04 1.581433e+04 2.351458e+04  
2.171068e-02 6.483189e+03 1.169015e+04 1.573817e+04 2.340023e+04  
2.201331e-02 6.450596e+03 1.163086e+04 1.565785e+04 2.327967e+04  
2.232016e-02 6.416286e+03 1.156848e+04 1.557336e+04 2.315292e+04  
2.263130e-02 6.380261e+03 1.150301e+04 1.548471e+04 2.301998e+04  
2.294676e-02 6.342529e+03 1.143446e+04 1.539192e+04 2.288090e+04  
2.326663e-02 6.303100e+03 1.136286e+04 1.529502e+04 2.273571e+04  
2.359095e-02 6.261990e+03 1.128822e+04 1.519405e+04 2.258447e+04  
2.391980e-02 6.219212e+03 1.121059e+04 1.508903e+04 2.242723e+04  
2.425323e-02 6.174781e+03 1.112998e+04 1.498002e+04 2.226406e+04  
2.459130e-02 6.128716e+03 1.104644e+04 1.486706e+04 2.209501e+04  
2.493409e-02 6.081039e+03 1.095999e+04 1.475020e+04 2.192019e+04  
2.528166e-02 6.031778e+03 1.087070e+04 1.462951e+04 2.173968e+04  
2.563407e-02 5.980966e+03 1.077862e+04 1.450508e+04 2.155362e+04  
2.599140e-02 5.928641e+03 1.068382e+04 1.437699e+04 2.136215e+04  
2.635371e-02 5.874840e+03 1.058637e+04 1.424535e+04 2.116540e+04  
2.672106e-02 5.819597e+03 1.048634e+04 1.411023e+04 2.096350e+04  
2.709354e-02 5.762951e+03 1.038379e+04 1.397173e+04 2.075660e+04  
2.747121e-02 5.704946e+03 1.027880e+04 1.382996e+04 2.054485e+04  
2.785414e-02 5.645631e+03 1.017147e+04 1.368505e+04 2.032845e+04  
2.824241e-02 5.585062e+03 1.006189e+04 1.353713e+04 2.010759e+04  
2.863610e-02 5.523303e+03 9.950178e+03 1.338634e+04 1.988250e+04  
2.903527e-02 5.460416e+03 9.836454e+03 1.323286e+04 1.965342e+04  
2.944000e-02 5.396458e+03 9.720816e+03 1.307682e+04 1.942056e+04  
2.985038e-02 5.331489e+03 9.603374e+03 1.291836e+04 1.918414e+04  
3.026648e-02 5.265574e+03 9.484246e+03 1.275765e+04 1.894439e+04  
3.068838e-02 5.198786e+03 9.363563e+03 1.259486e+04 1.870157e+04  
3.111616e-02 5.131204e+03 9.241470e+03 1.243019e+04 1.845598e+04  
3.154990e-02 5.062914e+03 9.118123e+03 1.226384e+04 1.820794e+04  
3.198969e-02 4.994009e+03 8.993686e+03 1.209604e+04 1.795777e+04  
3.243561e-02 4.924562e+03 8.868295e+03 1.192698e+04 1.770574e+04  
3.288774e-02 4.854649e+03 8.742086e+03 1.175683e+04 1.745213e+04  
3.334618e-02 4.784351e+03 8.615204e+03 1.158579e+04 1.719723e+04  
3.381101e-02 4.713754e+03 8.487806e+03 1.141408e+04 1.694136e+04  
3.428231e-02 4.642952e+03 8.360062e+03 1.124192e+04 1.668485e+04  
3.476019e-02 4.572047e+03 8.232154e+03 1.106955e+04 1.642807e+04  
3.524473e-02 4.501147e+03 8.104276e+03 1.089724e+04 1.617141e+04  
3.573602e-02 4.430345e+03 7.976598e+03 1.072522e+04 1.591521e+04  
3.623416e-02 4.359728e+03 7.849273e+03 1.055369e+04 1.565977e+04  
3.673925e-02 4.289387e+03 7.722468e+03 1.038288e+04 1.540543e+04  
3.725137e-02 4.219421e+03 7.596359e+03 1.021302e+04 1.515255e+04  
3.777064e-02 4.149935e+03 7.471134e+03 1.004437e+04 1.490149e+04  
3.829714e-02 4.081040e+03 7.346993e+03 9.877191e+03 1.465265e+04  
3.883098e-02 4.012853e+03 7.224146e+03 9.711771e+03 1.440646e+04  
3.937226e-02 3.945465e+03 7.102757e+03 9.548329e+03 1.416325e+04  
3.992109e-02 3.878935e+03 6.982928e+03 9.387001e+03 1.392321e+04  
4.047757e-02 3.813319e+03 6.864762e+03 9.227927e+03 1.368655e+04  
4.104181e-02 3.748677e+03 6.748366e+03 9.071247e+03 1.345348e+04  
4.161391e-02 3.685070e+03 6.633849e+03 8.917110e+03 1.322422e+04  
4.219398e-02 3.622562e+03 6.521324e+03 8.765667e+03 1.299900e+04  
4.278214e-02 3.561218e+03 6.410908e+03 8.617074e+03 1.277805e+04  
4.337850e-02 3.501112e+03 6.302732e+03 8.471507e+03 1.256163e+04  
4.398317e-02 3.442334e+03 6.196955e+03 8.329180e+03 1.235005e+04  
4.459628e-02 3.384979e+03 6.093748e+03 8.190319e+03 1.214365e+04  
4.521792e-02 3.329145e+03 5.993286e+03 8.055160e+03 1.194279e+04  
4.584824e-02 3.274937e+03 5.895752e+03 7.923949e+03 1.174782e+04  
4.648734e-02 3.222461e+03 5.801339e+03 7.796941e+03 1.155913e+04  
4.713535e-02 3.171830e+03 5.710243e+03 7.674402e+03 1.137710e+04  
4.779239e-02 3.123109e+03 5.622580e+03 7.556483e+03 1.120197e+04  
4.845859e-02 3.076287e+03 5.538329e+03 7.443157e+03 1.103369e+04  
4.913407e-02 3.031343e+03 5.457451e+03 7.334369e+03 1.087217e+04  
4.981898e-02 2.988248e+03 5.379891e+03 7.230047e+03 1.071733e+04  
5.051342e-02 2.946967e+03 5.305586e+03 7.130102e+03 1.056901e+04  
5.121755e-02 2.907457e+03 5.234455e+03 7.034427e+03 1.042706e+04  
5.193150e-02 2.869670e+03 5.166413e+03 6.942907e+03 1.029132e+04  
5.265540e-02 2.833569e+03 5.101390e+03 6.855446e+03 1.016164e+04  
5.338938e-02 2.799110e+03 5.039306e+03 6.771937e+03 1.003786e+04  
5.413360e-02 2.766242e+03 4.980069e+03 6.692254e+03 9.919790e+03  
5.488820e-02 2.734907e+03 4.923570e+03 6.616252e+03 9.807224e+03  
5.565331e-02 2.705035e+03 4.869687e+03 6.543766e+03 9.699913e+03  
5.642908e-02 2.676562e+03 4.818301e+03 6.474635e+03 9.597621e+03  
5.721568e-02 2.649435e+03 4.769315e+03 6.408728e+03 9.500155e+03  
5.801323e-02 2.623594e+03 4.722621e+03 6.345902e+03 9.407301e+03  
5.882190e-02 2.598972e+03 4.678099e+03 6.285992e+03 9.318818e+03  
5.964185e-02 2.575493e+03 4.635609e+03 6.228813e+03 9.234433e+03  
6.047322e-02 2.553066e+03 4.594988e+03 6.174145e+03 9.153819e+03  
6.131619e-02 2.531556e+03 4.555997e+03 6.121665e+03 9.076500e+03  
6.217090e-02 2.510807e+03 4.518354e+03 6.070999e+03 9.001923e+03  
6.303753e-02 2.490647e+03 4.481752e+03 6.021736e+03 8.929477e+03  
6.391624e-02 2.470887e+03 4.445857e+03 5.973426e+03 8.858498e+03  
6.480720e-02 2.451333e+03 4.410323e+03 5.925607e+03 8.788299e+03  
6.571058e-02 2.431824e+03 4.374863e+03 5.877897e+03 8.718316e+03  
6.662655e-02 2.412201e+03 4.339197e+03 5.829919e+03 8.647989e+03  
6.755528e-02 2.392291e+03 4.303017e+03 5.781266e+03 8.576713e+03  
6.849697e-02 2.371908e+03 4.265995e+03 5.731494e+03 8.503830e+03  
6.945178e-02 2.350870e+03 4.227811e+03 5.680181e+03 8.428710e+03  
7.041990e-02 2.329022e+03 4.188194e+03 5.626964e+03 8.350813e+03  
7.140151e-02 2.306203e+03 4.146858e+03 5.571460e+03 8.269569e+03  
7.239681e-02 2.282236e+03 4.103496e+03 5.513261e+03 8.184368e+03  
7.340598e-02 2.256949e+03 4.057803e+03 5.451961e+03 8.094603e+03  
7.442922e-02 2.230227e+03 4.009585e+03 5.387301e+03 7.999884e+03  
7.546673e-02 2.201977e+03 3.958678e+03 5.319063e+03 7.899883e+03  
7.651869e-02 2.172098e+03 3.904909e+03 5.247018e+03 7.794254e+03  
7.758532e-02 2.140493e+03 3.848112e+03 5.170946e+03 7.682663e+03  
7.866682e-02 2.107139e+03 3.788249e+03 5.090796e+03 7.565031e+03  
7.976339e-02 2.072047e+03 3.725349e+03 5.006608e+03 7.441408e+03  
8.087525e-02 2.035237e+03 3.659447e+03 4.918431e+03 7.311863e+03  
8.200261e-02 1.996738e+03 3.590602e+03 4.826345e+03 7.176511e+03  
8.314568e-02 1.956642e+03 3.518978e+03 4.730568e+03 7.035670e+03  
8.430468e-02 1.915067e+03 3.444788e+03 4.631388e+03 6.889764e+03  
8.547985e-02 1.872145e+03 3.368270e+03 4.529121e+03 6.739261e+03  
8.667139e-02 1.828029e+03 3.289693e+03 4.424130e+03 6.584698e+03  
8.787954e-02 1.782902e+03 3.209383e+03 4.316849e+03 6.426721e+03  
8.910453e-02 1.736967e+03 3.127700e+03 4.207760e+03 6.266044e+03  
9.034660e-02 1.690445e+03 3.045034e+03 4.097382e+03 6.103441e+03  
9.160598e-02 1.643569e+03 2.961795e+03 3.986264e+03 5.939730e+03  
9.288292e-02 1.596589e+03 2.878421e+03 3.874991e+03 5.775783e+03  
9.417766e-02 1.549772e+03 2.795386e+03 3.764194e+03 5.612539e+03  
9.549045e-02 1.503410e+03 2.713197e+03 3.654550e+03 5.451010e+03  
9.682153e-02 1.457781e+03 2.632344e+03 3.546711e+03 5.292169e+03  
9.817117e-02 1.413154e+03 2.553295e+03 3.441301e+03 5.136945e+03  
9.953962e-02 1.369814e+03 2.476550e+03 3.338984e+03 4.986327e+03  
1.009272e-01 1.328064e+03 2.402635e+03 3.240462e+03 4.841362e+03  
1.023340e-01 1.288150e+03 2.331979e+03 3.146304e+03 4.702897e+03  
1.037605e-01 1.250269e+03 2.264925e+03 3.056964e+03 4.571608e+03  
1.052069e-01 1.214630e+03 2.201831e+03 2.972919e+03 4.448204e+03  
1.066734e-01 1.181432e+03 2.143044e+03 2.894627e+03 4.333366e+03  
1.081604e-01 1.150763e+03 2.088712e+03 2.822282e+03 4.227384e+03  
1.096681e-01 1.122664e+03 2.038901e+03 2.755972e+03 4.130385e+03  
1.111968e-01 1.097171e+03 1.993670e+03 2.695771e+03 4.042483e+03  
1.127468e-01 1.074271e+03 1.952988e+03 2.641636e+03 3.963615e+03  
1.143184e-01 1.053861e+03 1.916669e+03 2.593316e+03 3.893410e+03  
1.159120e-01 1.035814e+03 1.884488e+03 2.550510e+03 3.831423e+03  
1.175277e-01 1.019982e+03 1.856179e+03 2.512863e+03 3.777129e+03  
1.191660e-01 1.006160e+03 1.831378e+03 2.479888e+03 3.729811e+03  
1.208271e-01 9.941084e+02 1.809665e+03 2.451027e+03 3.688640e+03  
1.225114e-01 9.835662e+02 1.790578e+03 2.425663e+03 3.652705e+03  
1.242191e-01 9.742491e+02 1.773619e+03 2.403135e+03 3.621024e+03  
1.259506e-01 9.658491e+02 1.758250e+03 2.382725e+03 3.592533e+03  
1.277063e-01 9.580323e+02 1.743889e+03 2.363661e+03 3.566077e+03  
1.294865e-01 9.504617e+02 1.729949e+03 2.345161e+03 3.540493e+03  
1.312915e-01 9.427903e+02 1.715829e+03 2.326427e+03 3.514581e+03  
1.331216e-01 9.346492e+02 1.700893e+03 2.306610e+03 3.487066e+03  
1.349772e-01 9.257130e+02 1.684578e+03 2.284965e+03 3.456822e+03  
1.368587e-01 9.156788e+02 1.666365e+03 2.260799e+03 3.422799e+03  
1.387665e-01 9.042407e+02 1.645730e+03 2.233416e+03 3.383936e+03  
1.407008e-01 8.912070e+02 1.622348e+03 2.202381e+03 3.339567e+03  
1.426621e-01 8.764301e+02 1.595970e+03 2.167363e+03 3.289177e+03  
1.446507e-01 8.598044e+02 1.566420e+03 2.128130e+03 3.232402e+03  
1.466671e-01 8.413748e+02 1.533783e+03 2.084791e+03 3.169399e+03  
1.487115e-01 8.212261e+02 1.498210e+03 2.037551e+03 3.100464e+03  
1.507845e-01 7.995217e+02 1.459987e+03 1.986791e+03 3.026170e+03  
1.528864e-01 7.765197e+02 1.419565e+03 1.933110e+03 2.947420e+03  
1.550175e-01 7.525134e+02 1.377450e+03 1.877185e+03 2.865237e+03  
1.571784e-01 7.278589e+02 1.334257e+03 1.819836e+03 2.780862e+03  
1.593694e-01 7.029545e+02 1.290673e+03 1.761975e+03 2.695677e+03  
1.615909e-01 6.782137e+02 1.247409e+03 1.704549e+03 2.611114e+03  
1.638434e-01 6.540629e+02 1.205195e+03 1.648530e+03 2.528640e+03  
1.661273e-01 6.309258e+02 1.164757e+03 1.594879e+03 2.449706e+03  
1.684430e-01 6.091456e+02 1.126682e+03 1.544375e+03 2.375481e+03  
1.707910e-01 5.890501e+02 1.091528e+03 1.497756e+03 2.307073e+03  
1.731717e-01 5.708416e+02 1.059637e+03 1.455473e+03 2.245156e+03  
1.755856e-01 5.546588e+02 1.031240e+03 1.417832e+03 2.190185e+03  
1.780332e-01 5.405460e+02 1.006410e+03 1.384921e+03 2.142292e+03  
1.805149e-01 5.284568e+02 9.850586e+02 1.356626e+03 2.101303e+03  
1.830312e-01 5.182812e+02 9.669928e+02 1.332686e+03 2.066830e+03  
1.855825e-01 5.098252e+02 9.518744e+02 1.312652e+03 2.038203e+03  
1.881694e-01 5.028432e+02 9.392784e+02 1.295961e+03 2.014583e+03  
1.907924e-01 4.970190e+02 9.286606e+02 1.281891e+03 1.994891e+03  
1.934520e-01 4.919980e+02 9.194124e+02 1.269637e+03 1.977921e+03  
1.961486e-01 4.873840e+02 9.108573e+02 1.258300e+03 1.962325e+03  
1.988828e-01 4.827643e+02 9.022922e+02 1.246950e+03 1.946697e+03  
2.016551e-01 4.777267e+02 8.930173e+02 1.234658e+03 1.929632e+03  
2.044661e-01 4.719005e+02 8.824059e+02 1.220593e+03 1.909862e+03  
2.073162e-01 4.649997e+02 8.699763e+02 1.204114e+03 1.886410e+03  
2.102061e-01 4.568357e+02 8.554137e+02 1.184803e+03 1.858631e+03  
2.131362e-01 4.473386e+02 8.386050e+02 1.162510e+03 1.826290e+03  
2.161073e-01 4.365562e+02 8.196361e+02 1.137351e+03 1.789556e+03  
2.191197e-01 4.246381e+02 7.987652e+02 1.109668e+03 1.748952e+03  
2.221741e-01 4.118339e+02 7.764185e+02 1.080030e+03 1.705344e+03  
2.252711e-01 3.984617e+02 7.531363e+02 1.049155e+03 1.659828e+03  
2.284112e-01 3.849041e+02 7.295667e+02 1.017903e+03 1.613715e+03  
2.315951e-01 3.715580e+02 7.063797e+02 9.871636e+02 1.568355e+03  
2.348235e-01 3.588088e+02 6.842245e+02 9.577955e+02 1.525050e+03  
2.380968e-01 3.469725e+02 6.636312e+02 9.304985e+02 1.484852e+03  
2.414157e-01 3.362958e+02 6.450118e+02 9.058147e+02 1.448577e+03  
2.447809e-01 3.269212e+02 6.286018e+02 8.840523e+02 1.416681e+03  
2.481930e-01 3.188993e+02 6.144812e+02 8.653143e+02 1.389315e+03  
2.516527e-01 3.121842e+02 6.025678e+02 8.494894e+02 1.366307e+03  
2.551606e-01 3.066269e+02 5.926062e+02 8.362386e+02 1.347148e+03  
2.587174e-01 3.019929e+02 5.841988e+02 8.250364e+02 1.331048e+03  
2.623238e-01 2.979694e+02 5.768180e+02 8.151861e+02 1.316958e+03  
2.659804e-01 2.941940e+02 5.698555e+02 8.058844e+02 1.303669e+03  
2.696881e-01 2.903098e+02 5.627139e+02 7.963427e+02 1.289992e+03  
2.734474e-01 2.860071e+02 5.548770e+02 7.858797e+02 1.274894e+03  
2.772591e-01 2.810736e+02 5.459933e+02 7.740311e+02 1.257672e+03  
2.811239e-01 2.754019e+02 5.358869e+02 7.605655e+02 1.237974e+03  
2.850426e-01 2.689840e+02 5.245478e+02 7.454708e+02 1.215783e+03  
2.890160e-01 2.619024e+02 5.121176e+02 7.289356e+02 1.191389e+03  
2.930447e-01 2.543335e+02 4.988920e+02 7.113524e+02 1.165390e+03  
2.971296e-01 2.465342e+02 4.853007e+02 6.932894e+02 1.138649e+03  
3.012714e-01 2.388085e+02 4.718488e+02 6.754132e+02 1.112176e+03  
3.054710e-01 2.314531e+02 4.590279e+02 6.583707e+02 1.086946e+03  
3.097291e-01 2.247068e+02 4.472316e+02 6.426780e+02 1.063729e+03  
3.140465e-01 2.187110e+02 4.366908e+02 6.286368e+02 1.042974e+03  
3.184242e-01 2.135027e+02 4.274632e+02 6.163199e+02 1.024783e+03  
3.228628e-01 2.090297e+02 4.194587e+02 6.056069e+02 1.008972e+03  
3.273634e-01 2.051694e+02 4.124717e+02 5.962262e+02 9.951304e+02  
3.319266e-01 2.017319e+02 4.061865e+02 5.877628e+02 9.826368e+02  
3.365535e-01 1.984803e+02 4.002118e+02 5.797030e+02 9.707219e+02  
3.412449e-01 1.951707e+02 3.941460e+02 5.715203e+02 9.585985e+02  
3.460016e-01 1.916061e+02 3.876668e+02 5.627927e+02 9.456362e+02  
3.508247e-01 1.876725e+02 3.805888e+02 5.532781e+02 9.314753e+02  
3.557150e-01 1.833556e+02 3.728913e+02 5.429508e+02 9.160808e+02  
3.606735e-01 1.787320e+02 3.647019e+02 5.319797e+02 8.997097e+02  
3.657011e-01 1.739341e+02 3.562388e+02 5.206517e+02 8.827948e+02  
3.707988e-01 1.691324e+02 3.477814e+02 5.093330e+02 8.658847e+02  
3.759675e-01 1.645114e+02 3.396305e+02 4.984166e+02 8.495639e+02  
3.812083e-01 1.602247e+02 3.320348e+02 4.882259e+02 8.343100e+02  
3.865221e-01 1.563586e+02 3.251326e+02 4.789395e+02 8.203833e+02  
3.919100e-01 1.529199e+02 3.189326e+02 4.705670e+02 8.077932e+02  
3.973730e-01 1.498435e+02 3.133266e+02 4.629658e+02 7.963255e+02  
4.029122e-01 1.470149e+02 3.081274e+02 4.558917e+02 7.856175e+02  
4.085286e-01 1.442950e+02 3.031090e+02 4.490502e+02 7.752346e+02  
4.142232e-01 1.415437e+02 2.980450e+02 4.421477e+02 7.647453e+02  
4.199973e-01 1.386585e+02 2.927710e+02 4.349714e+02 7.538393e+02  
4.258518e-01 1.356087e+02 2.872388e+02 4.274597e+02 7.424292e+02  
4.317880e-01 1.324279e+02 2.815036e+02 4.196857e+02 7.306259e+02  
4.378069e-01 1.291900e+02 2.756856e+02 4.118055e+02 7.186608e+02  
4.439097e-01 1.259931e+02 2.699419e+02 4.040232e+02 7.068333e+02  
4.500975e-01 1.229372e+02 2.644327e+02 3.965450e+02 6.954433e+02  
4.563716e-01 1.200962e+02 2.592743e+02 3.895205e+02 6.847055e+02  
4.627332e-01 1.174864e+02 2.544918e+02 3.829804e+02 6.746614e+02  
4.691835e-01 1.150720e+02 2.500264e+02 3.768482e+02 6.651973e+02  
4.757236e-01 1.127907e+02 2.457781e+02 3.709944e+02 6.561248e+02  
4.823549e-01 1.105659e+02 2.416247e+02 3.652620e+02 6.472171e+02  
4.890787e-01 1.083265e+02 2.374537e+02 3.595067e+02 6.382682e+02  
4.958962e-01 1.060332e+02 2.332037e+02 3.536506e+02 6.291681e+02  
5.028087e-01 1.036947e+02 2.288887e+02 3.477124e+02 6.199461e+02  
5.098176e-01 1.013530e+02 2.245759e+02 3.417786e+02 6.107272e+02  
5.169242e-01 9.905476e+01 2.203384e+02 3.359424e+02 6.016448e+02  
5.241298e-01 9.684899e+01 2.162528e+02 3.303015e+02 5.928367e+02  
5.314359e-01 9.476699e+01 2.123675e+02 3.249165e+02 5.843869e+02  
5.388438e-01 9.280583e+01 2.086768e+02 3.197796e+02 5.762826e+02  
5.463550e-01 9.093154e+01 2.051271e+02 3.148223e+02 5.684258e+02  
5.539709e-01 8.910706e+01 2.016603e+02 3.099706e+02 5.607129e+02  
5.616930e-01 8.729851e+01 1.982237e+02 3.051582e+02 5.530516e+02  
5.695227e-01 8.548638e+01 1.947874e+02 3.003475e+02 5.453907e+02  
5.774615e-01 8.367604e+01 1.913599e+02 2.955498e+02 5.377470e+02  
5.855110e-01 8.189288e+01 1.879806e+02 2.908145e+02 5.301896e+02  
5.936727e-01 8.015822e+01 1.846820e+02 2.861826e+02 5.227747e+02  
6.019482e-01 7.849092e+01 1.814927e+02 2.816896e+02 5.155501e+02  
6.103390e-01 7.689524e+01 1.784186e+02 2.773424e+02 5.085243e+02  
6.188468e-01 7.535609e+01 1.754363e+02 2.731115e+02 5.016561e+02  
6.274732e-01 7.385337e+01 1.725148e+02 2.689582e+02 4.948930e+02  
6.362198e-01 7.237436e+01 1.696349e+02 2.648585e+02 4.882029e+02  
6.450884e-01 7.090990e+01 1.667827e+02 2.607953e+02 4.815633e+02  
6.540806e-01 6.946681e+01 1.639684e+02 2.567816e+02 4.749920e+02  
6.631981e-01 6.805566e+01 1.612081e+02 2.528369e+02 4.685150e+02  
6.724427e-01 6.668714e+01 1.585174e+02 2.489805e+02 4.621575e+02  
6.818162e-01 6.536303e+01 1.558987e+02 2.452151e+02 4.559224e+02  
6.913204e-01 6.407722e+01 1.533426e+02 2.415289e+02 4.497940e+02  
7.009570e-01 6.282275e+01 1.508386e+02 2.379090e+02 4.437546e+02  
7.107280e-01 6.159224e+01 1.483756e+02 2.343418e+02 4.377872e+02  
7.206351e-01 6.038320e+01 1.459498e+02 2.308227e+02 4.318861e+02  
7.306804e-01 5.919855e+01 1.435656e+02 2.273570e+02 4.260578e+02  
7.408657e-01 5.804166e+01 1.412277e+02 2.239504e+02 4.203095e+02  
7.511929e-01 5.691535e+01 1.389400e+02 2.206075e+02 4.146468e+02  
7.616642e-01 5.581842e+01 1.367006e+02 2.173259e+02 4.090663e+02  
7.722814e-01 5.474800e+01 1.345052e+02 2.141001e+02 4.035611e+02  
7.830465e-01 5.370095e+01 1.323491e+02 2.109247e+02 3.981241e+02  
7.939618e-01 5.267524e+01 1.302292e+02 2.077959e+02 3.927508e+02  
8.050292e-01 5.167132e+01 1.281462e+02 2.047143e+02 3.874419e+02  
8.162509e-01 5.068988e+01 1.261008e+02 2.016809e+02 3.821985e+02  
8.276289e-01 4.973154e+01 1.240939e+02 1.986966e+02 3.770212e+02  
8.391656e-01 4.879588e+01 1.221246e+02 1.957603e+02 3.719086e+02  
8.508632e-01 4.788168e+01 1.201912e+02 1.928697e+02 3.668585e+02  
8.627237e-01 4.698759e+01 1.182916e+02 1.900226e+02 3.618671e+02  
8.747496e-01 4.611242e+01 1.164240e+02 1.872167e+02 3.569323e+02  
8.869432e-01 4.525590e+01 1.145880e+02 1.844514e+02 3.520531e+02  
8.993067e-01 4.441795e+01 1.127833e+02 1.817265e+02 3.472292e+02  
9.118425e-01 4.359841e+01 1.110097e+02 1.790416e+02 3.424599e+02  
9.245531e-01 4.279699e+01 1.092665e+02 1.763958e+02 3.377442e+02  
9.374409e-01 4.201315e+01 1.075529e+02 1.737883e+02 3.330811e+02  
9.505083e-01 4.124630e+01 1.058681e+02 1.712178e+02 3.284689e+02  
9.637579e-01 4.049577e+01 1.042111e+02 1.686833e+02 3.239065e+02  
9.771921e-01 3.976114e+01 1.025810e+02 1.661839e+02 3.193927e+02  
9.908137e-01 3.904201e+01 1.009774e+02 1.637189e+02 3.149268e+02  
1.004625e+00 3.833793e+01 9.939956e+01 1.612874e+02 3.105076e+02  
1.018629e+00 3.764847e+01 9.784678e+01 1.588886e+02 3.061344e+02  
1.032828e+00 3.697335e+01 9.631859e+01 1.565220e+02 3.018063e+02  
1.047225e+00 3.631221e+01 9.481446e+01 1.541870e+02 2.975227e+02  
1.061823e+00 3.566470e+01 9.333382e+01 1.518828e+02 2.932827e+02  
1.076624e+00 3.503046e+01 9.187614e+01 1.496088e+02 2.890858e+02  
1.091632e+00 3.440917e+01 9.044091e+01 1.473645e+02 2.849311e+02  
1.106848e+00 3.380046e+01 8.902756e+01 1.451492e+02 2.808180e+02  
1.122277e+00 3.320394e+01 8.763554e+01 1.429622e+02 2.767457e+02  
1.137921e+00 3.261933e+01 8.626440e+01 1.408030e+02 2.727138e+02  
1.153783e+00 3.204634e+01 8.491371e+01 1.386712e+02 2.687217e+02  
1.169866e+00 3.148465e+01 8.358298e+01 1.365661e+02 2.647688e+02  
1.186174e+00 3.093396e+01 8.227178e+01 1.344873e+02 2.608546e+02  
1.202708e+00 3.039405e+01 8.097975e+01 1.324344e+02 2.569787e+02  
1.219473e+00 2.986465e+01 7.970650e+01 1.304069e+02 2.531406e+02  
1.236472e+00 2.934549e+01 7.845162e+01 1.284043e+02 2.493399e+02  
1.253708e+00 2.883629e+01 7.721472e+01 1.262103e+02 2.455762e+02  
1.271184e+00 2.833682e+01 7.599544e+01 1.244724e+02 2.418490e+02  
1.288904e+00 2.784677e+01 7.479335e+01 1.225422e+02 2.381580e+02  
1.306870e+00 2.736587e+01 7.360808e+01 1.206352e+02 2.345029e+02  
1.325087e+00 2.687732e+01 7.243935e+01 1.187512e+02 2.308832e+02  
1.343558e+00 2.643079e+01 7.128688e+01 1.168898e+02 2.272988e+02  
1.362287e+00 2.597620e+01 7.015036e+01 1.150507e+02 2.237494e+02  
1.381276e+00 2.552998e+01 6.902950e+01 1.132336e+02 2.202347e+02  
1.400531e+00 2.509193e+01 6.792402e+01 1.114382e+02 2.167545e+02  
1.420053e+00 2.466182e+01 6.683361e+01 1.096642e+02 2.133085e+02  
1.439848e+00 2.423942e+01 6.575796e+01 1.079111e+02 2.098964e+02  
1.459919e+00 2.382458e+01 6.469684e+01 1.061789e+02 2.065182e+02  
1.480269e+00 2.341712e+01 6.365001e+01 1.044672e+02 2.031737e+02  
1.500903e+00 2.301688e+01 6.261723e+01 1.027757e+02 1.998626e+02  
1.521825e+00 2.262368e+01 6.159826e+01 1.011043e+02 1.965848e+02  
1.543038e+00 2.223736e+01 6.059289e+01 9.945271e+01 1.933401e+02  
1.564548e+00 2.185776e+01 5.960089e+01 9.782066e+01 1.901285e+02  
1.586357e+00 2.148468e+01 5.862201e+01 9.620794e+01 1.869498e+02  
1.608469e+00 2.111800e+01 5.765606e+01 9.461433e+01 1.838039e+02  
1.630891e+00 2.075758e+01 5.670287e+01 9.303967e+01 1.806907e+02  
1.653624e+00 2.040330e+01 5.576225e+01 9.148374e+01 1.776102e+02  
1.676675e+00 2.005499e+01 5.483400e+01 8.994637e+01 1.745621e+02  
1.700047e+00 1.971255e+01 5.391796e+01 8.842738e+01 1.715465e+02  
1.723745e+00 1.937583e+01 5.301396e+01 8.692658e+01 1.685633e+02  
1.747773e+00 1.904470e+01 5.212180e+01 8.544379e+01 1.656124e+02  
1.772136e+00 1.871902e+01 5.124132e+01 8.397886e+01 1.626939e+02  
1.796838e+00 1.839869e+01 5.037238e+01 8.253162e+01 1.598075e+02  
1.821885e+00 1.808360e+01 4.951482e+01 8.110194e+01 1.569533e+02  
1.847281e+00 1.777362e+01 4.866849e+01 7.968965e+01 1.541313e+02  
1.873032e+00 1.746866e+01 4.783326e+01 7.829462e+01 1.513414e+02  
1.899141e+00 1.716863e+01 4.700900e+01 7.691671e+01 1.485836e+02  
1.925614e+00 1.687341e+01 4.619557e+01 7.555579e+01 1.458579e+02  
1.952456e+00 1.658291e+01 4.539283e+01 7.421173e+01 1.431642e+02  
1.979672e+00 1.629704e+01 4.460068e+01 7.288441e+01 1.405026e+02  
2.007267e+00 1.601569e+01 4.381898e+01 7.157369e+01 1.378729e+02  
2.035248e+00 1.573879e+01 4.304760e+01 7.027946e+01 1.352753e+02  
2.063618e+00 1.546622e+01 4.228644e+01 6.900159e+01 1.327096e+02  
2.092383e+00 1.519793e+01 4.153539e+01 6.773998e+01 1.301758e+02  
2.121550e+00 1.493382e+01 4.079433e+01 6.649452e+01 1.276740e+02  
2.151123e+00 1.467381e+01 4.006316e+01 6.526509e+01 1.252040e+02  
2.181109e+00 1.441783e+01 3.934178e+01 6.405160e+01 1.227660e+02  
2.211512e+00 1.416581e+01 3.863008e+01 6.285393e+01 1.203597e+02  
2.242340e+00 1.391766e+01 3.792797e+01 6.167198e+01 1.179854e+02  
2.273597e+00 1.367332e+01 3.723536e+01 6.050566e+01 1.156427e+02  
2.305289e+00 1.343273e+01 3.655214e+01 5.935486e+01 1.133319e+02  
2.337424e+00 1.319581e+01 3.587824e+01 5.821950e+01 1.110527e+02  
2.370006e+00 1.296251e+01 3.521355e+01 5.709946e+01 1.088052e+02  
2.403043e+00 1.273275e+01 3.455799e+01 5.599467e+01 1.065893e+02  
2.436540e+00 1.250649e+01 3.391148e+01 5.490502e+01 1.044049e+02  
2.470504e+00 1.228365e+01 3.327393e+01 5.383043e+01 1.022521e+02  
2.504942e+00 1.206419e+01 3.264526e+01 5.277080e+01 1.001306e+02  
2.539859e+00 1.184804e+01 3.202538e+01 5.172605e+01 9.804043e+01  
2.575263e+00 1.163515e+01 3.141423e+01 5.069607e+01 9.598152e+01  
2.611161e+00 1.142548e+01 3.081171e+01 4.968079e+01 9.395375e+01  
2.647559e+00 1.121896e+01 3.021776e+01 4.868012e+01 9.195702e+01  
2.684465e+00 1.101555e+01 2.963230e+01 4.769396e+01 8.999123e+01  
2.721885e+00 1.081521e+01 2.905525e+01 4.672223e+01 8.805625e+01  
2.759826e+00 1.061788e+01 2.848653e+01 4.576484e+01 8.615196e+01  
2.798297e+00 1.042352e+01 2.792609e+01 4.482170e+01 8.427822e+01  
2.837304e+00 1.023209e+01 2.737383e+01 4.389273e+01 8.243489e+01  
2.876854e+00 1.004353e+01 2.682971e+01 4.297783e+01 8.062181e+01  
2.916956e+00 9.857822e+00 2.629363e+01 4.207691e+01 7.883882e+01  
2.957617e+00 9.674911e+00 2.576554e+01 4.118989e+01 7.708576e+01  
2.998844e+00 9.494760e+00 2.524537e+01 4.031668e+01 7.536244e+01  
3.040646e+00 9.317328e+00 2.473304e+01 3.945718e+01 7.366867e+01  
3.083031e+00 9.142580e+00 2.422849e+01 3.861131e+01 7.200426e+01  
3.126007e+00 8.970478e+00 2.373165e+01 3.777897e+01 7.036900e+01  
3.169582e+00 8.800986e+00 2.324246e+01 3.696007e+01 6.876269e+01  
3.213764e+00 8.634067e+00 2.276085e+01 3.615451e+01 6.718509e+01  
3.258562e+00 8.469690e+00 2.228675e+01 3.536219e+01 6.563599e+01  
3.303985e+00 8.307820e+00 2.182011e+01 3.458304e+01 6.411513e+01  
3.350041e+00 8.148425e+00 2.136084e+01 3.381693e+01 6.262228e+01  
3.396739e+00 7.991472e+00 2.090890e+01 3.306378e+01 6.115719e+01  
3.444087e+00 7.836932e+00 2.046420e+01 3.232349e+01 5.971961e+01  
3.492096e+00 7.684771e+00 2.002670e+01 3.159594e+01 5.830925e+01  
3.540774e+00 7.534960e+00 1.959633e+01 3.088105e+01 5.692585e+01  
3.590130e+00 7.387470e+00 1.917302e+01 3.017870e+01 5.556913e+01  
3.640175e+00 7.242273e+00 1.875670e+01 2.948879e+01 5.423882e+01  
3.690917e+00 7.099341e+00 1.834732e+01 2.881121e+01 5.293461e+01  
3.742366e+00 6.958644e+00 1.794481e+01 2.814585e+01 5.165622e+01  
3.794533e+00 6.820158e+00 1.754911e+01 2.749259e+01 5.040335e+01  
3.847427e+00 6.683854e+00 1.716016e+01 2.685133e+01 4.917569e+01  
3.901058e+00 6.549707e+00 1.677788e+01 2.622195e+01 4.797294e+01  
3.955436e+00 6.417690e+00 1.640222e+01 2.560434e+01 4.679479e+01  
4.010573e+00 6.287778e+00 1.603312e+01 2.499837e+01 4.564091e+01  
4.066478e+00 6.159947e+00 1.567050e+01 2.440393e+01 4.451100e+01  
4.123163e+00 6.034171e+00 1.531431e+01 2.382089e+01 4.340473e+01  
4.180637e+00 5.910426e+00 1.496449e+01 2.324914e+01 4.232177e+01  
4.238913e+00 5.788690e+00 1.462096e+01 2.268854e+01 4.126181e+01  
4.298001e+00 5.668938e+00 1.428366e+01 2.213897e+01 4.022451e+01  
4.357913e+00 5.551146e+00 1.395253e+01 2.165914e+01 3.920954e+01  
4.418660e+00 5.435293e+00 1.362751e+01 2.107242e+01 3.821658e+01  
4.480254e+00 5.321356e+00 1.330852e+01 2.055518e+01 3.724530e+01  
4.542706e+00 5.209311e+00 1.299550e+01 2.004845e+01 3.629535e+01  
4.606029e+00 5.099137e+00 1.268841e+01 1.955210e+01 3.536641e+01  
4.670234e+00 4.990811e+00 1.238715e+01 1.906600e+01 3.445814e+01  
4.735335e+00 4.884314e+00 1.209167e+01 1.859002e+01 3.357021e+01  
4.801343e+00 4.779621e+00 1.180190e+01 1.812401e+01 3.270230e+01  
4.868271e+00 4.676714e+00 1.151777e+01 1.766784e+01 3.185404e+01  
4.936132e+00 4.575570e+00 1.123922e+01 1.722137e+01 3.102514e+01  
5.004939e+00 4.476169e+00 1.096618e+01 1.678448e+01 3.021524e+01  
5.074705e+00 4.378490e+00 1.069858e+01 1.635701e+01 2.942403e+01  
5.145444e+00 4.282513e+00 1.043636e+01 1.593882e+01 2.865118e+01  
5.217169e+00 4.188217e+00 1.017944e+01 1.552979e+01 2.789635e+01  
5.289893e+00 4.095582e+00 9.927763e+00 1.512975e+01 2.715922e+01  
5.363631e+00 4.004589e+00 9.681256e+00 1.473863e+01 2.643947e+01  
5.438397e+00 3.915217e+00 9.439850e+00 1.435621e+01 2.573677e+01  
5.514206e+00 3.827447e+00 9.203477e+00 1.398238e+01 2.505082e+01  
5.591071e+00 3.741259e+00 8.972067e+00 1.361700e+01 2.438129e+01  
5.669007e+00 3.656633e+00 8.745552e+00 1.325994e+01 2.372786e+01  
5.748030e+00 3.573551e+00 8.523861e+00 1.291105e+01 2.309023e+01  
5.828155e+00 3.491994e+00 8.306926e+00 1.257020e+01 2.246809e+01  
5.909396e+00 3.411941e+00 8.094677e+00 1.223724e+01 2.186113e+01  
5.991770e+00 3.333375e+00 7.887044e+00 1.191204e+01 2.126904e+01  
6.075292e+00 3.256276e+00 7.683958e+00 1.159446e+01 2.069155e+01  
6.159978e+00 3.180626e+00 7.485349e+00 1.128437e+01 2.012838e+01  
6.245845e+00 3.106406e+00 7.291146e+00 1.098163e+01 1.957911e+01  
6.332908e+00 3.033598e+00 7.101281e+00 1.068610e+01 1.904359e+01  
6.421186e+00 2.962183e+00 6.915684e+00 1.039765e+01 1.852148e+01  
6.510694e+00 2.892143e+00 6.734285e+00 1.011615e+01 1.801251e+01  
6.601449e+00 2.823460e+00 6.557015e+00 9.841463e+00 1.751639e+01  
6.693470e+00 2.756115e+00 6.383804e+00 9.573461e+00 1.703285e+01  
6.786773e+00 2.690091e+00 6.214585e+00 9.311961e+00 1.656162e+01  
6.881377e+00 2.625371e+00 6.049287e+00 9.057001e+00 1.610243e+01  
6.977300e+00 2.561935e+00 5.887843e+00 8.808263e+00 1.565502e+01  
7.074559e+00 2.499767e+00 5.730186e+00 8.565717e+00 1.521912e+01  
7.173175e+00 2.438848e+00 5.576248e+00 8.329212e+00 1.479448e+01  
7.273165e+00 2.379162e+00 5.425961e+00 8.098630e+00 1.438087e+01  
7.374549e+00 2.320691e+00 5.279260e+00 7.873849e+00 1.397800e+01  
7.477346e+00 2.263417e+00 5.136076e+00 7.654749e+00 1.358566e+01  
7.581576e+00 2.207324e+00 4.996346e+00 7.441208e+00 1.342069e+01  
7.687260e+00 2.152394e+00 4.860002e+00 7.233112e+00 1.283193e+01  
7.794416e+00 2.098611e+00 4.726980e+00 7.030343e+00 1.246934e+01  
7.903066e+00 2.045957e+00 4.597217e+00 6.832785e+00 1.211669e+01  
8.013230e+00 1.994415e+00 4.470646e+00 6.640325e+00 1.177341e+01  
8.124930e+00 1.943969e+00 4.347206e+00 6.452856e+00 1.143926e+01  
8.238187e+00 1.894602e+00 4.226835e+00 6.270258e+00 1.111402e+01  
8.353023e+00 1.846298e+00 4.109469e+00 6.092431e+00 1.079750e+01  
8.469460e+00 1.799040e+00 3.995049e+00 5.919265e+00 1.048947e+01  
8.587519e+00 1.752812e+00 3.883514e+00 5.750656e+00 1.018973e+01  
8.707225e+00 1.707597e+00 3.774805e+00 5.586496e+00 9.898096e+00  
8.828599e+00 1.663379e+00 3.668861e+00 5.426693e+00 9.614339e+00  
8.951665e+00 1.620142e+00 3.565625e+00 5.271137e+00 9.338292e+00  
9.076446e+00 1.577871e+00 3.465041e+00 5.119721e+00 9.069758e+00  
9.202967e+00 1.536549e+00 3.367045e+00 4.972378e+00 8.807639e+00  
9.331251e+00 1.496160e+00 3.271588e+00 4.829098e+00 8.554489e+00  
9.461324e+00 1.456689e+00 3.178610e+00 4.689468e+00 8.307394e+00  
9.593209e+00 1.418121e+00 3.088059e+00 4.553720e+00 8.067091e+00  
9.726934e+00 1.380437e+00 2.999879e+00 4.421681e+00 7.833410e+00  
9.862522e+00 1.343626e+00 2.914019e+00 4.293197e+00 7.606184e+00  
1.000000e+01 1.307674e+00 2.830427e+00 4.168205e+00 7.385253e+00  
