1.000000e-02 3.560378e+03 6.273612e+03 8.349702e+03 1.226285e+04  
1.013939e-02 3.580915e+03 6.309686e+03 8.397603e+03 1.233293e+04  
1.028073e-02 3.601190e+03 6.345294e+03 8.444883e+03 1.240208e+04  
1.042404e-02 3.621191e+03 6.380418e+03 8.491515e+03 1.247029e+04  
1.056935e-02 3.640908e+03 6.415039e+03 8.537474e+03 1.253750e+04  
1.071668e-02 3.660330e+03 6.449136e+03 8.582734e+03 1.260367e+04  
1.086606e-02 3.679444e+03 6.482689e+03 8.627265e+03 1.266877e+04  
1.101753e-02 3.698238e+03 6.515675e+03 8.671041e+03 1.273275e+04  
1.117111e-02 3.716702e+03 6.548075e+03 8.714034e+03 1.279558e+04  
1.132683e-02 3.734822e+03 6.579867e+03 8.756215e+03 1.285720e+04  
1.148472e-02 3.752587e+03 6.611031e+03 8.797556e+03 1.291759e+04  
1.164481e-02 3.769985e+03 6.641545e+03 8.838031e+03 1.297670e+04  
1.180713e-02 3.787005e+03 6.671390e+03 8.877611e+03 1.303449e+04  
1.197171e-02 3.803635e+03 6.700544e+03 8.916271e+03 1.309092e+04  
1.213859e-02 3.819864e+03 6.728989e+03 8.953982e+03 1.314596e+04  
1.230780e-02 3.835680e+03 6.756704e+03 8.990720e+03 1.319955e+04  
1.247936e-02 3.851073e+03 6.783669e+03 9.026457e+03 1.325167e+04  
1.265332e-02 3.866031e+03 6.809866e+03 9.061170e+03 1.330229e+04  
1.282970e-02 3.880545e+03 6.835277e+03 9.094833e+03 1.335135e+04  
1.300854e-02 3.894601e+03 6.859880e+03 9.127417e+03 1.339882e+04  
1.318987e-02 3.908187e+03 6.883650e+03 9.158892e+03 1.344466e+04  
1.337373e-02 3.921290e+03 6.906566e+03 9.189226e+03 1.348882e+04  
1.356015e-02 3.933896e+03 6.928603e+03 9.218389e+03 1.353125e+04  
1.374917e-02 3.945992e+03 6.949740e+03 9.246350e+03 1.357192e+04  
1.394083e-02 3.957565e+03 6.969952e+03 9.273079e+03 1.361077e+04  
1.413516e-02 3.968604e+03 6.989220e+03 9.298547e+03 1.364776e+04  
1.433219e-02 3.979095e+03 7.007519e+03 9.322725e+03 1.368285e+04  
1.453198e-02 3.989026e+03 7.024829e+03 9.345583e+03 1.371600e+04  
1.473454e-02 3.998385e+03 7.041129e+03 9.367094e+03 1.374717e+04  
1.493993e-02 4.007160e+03 7.056397e+03 9.387230e+03 1.377631e+04  
1.514819e-02 4.015339e+03 7.070614e+03 9.405965e+03 1.380339e+04  
1.535935e-02 4.022913e+03 7.083760e+03 9.423272e+03 1.382837e+04  
1.557345e-02 4.029870e+03 7.095818e+03 9.439129e+03 1.385122e+04  
1.579053e-02 4.036201e+03 7.106768e+03 9.453510e+03 1.387189e+04  
1.601064e-02 4.041892e+03 7.116590e+03 9.466386e+03 1.389035e+04  
1.623382e-02 4.046932e+03 7.125262e+03 9.477732e+03 1.390657e+04  
1.646012e-02 4.051310e+03 7.132766e+03 9.487520e+03 1.392049e+04  
1.668956e-02 4.055015e+03 7.139082e+03 9.495724e+03 1.393208e+04  
1.692220e-02 4.058036e+03 7.144192e+03 9.502323e+03 1.394131e+04  
1.715809e-02 4.060365e+03 7.148079e+03 9.507293e+03 1.394815e+04  
1.739726e-02 4.061993e+03 7.150728e+03 9.510613e+03 1.395257e+04  
1.763977e-02 4.062909e+03 7.152122e+03 9.512262e+03 1.395453e+04  
1.788566e-02 4.063104e+03 7.152246e+03 9.512218e+03 1.395400e+04  
1.813498e-02 4.062572e+03 7.151084e+03 9.510463e+03 1.395095e+04  
1.838777e-02 4.061303e+03 7.148625e+03 9.506979e+03 1.394537e+04  
1.864409e-02 4.059292e+03 7.144856e+03 9.501752e+03 1.393723e+04  
1.890397e-02 4.056533e+03 7.139768e+03 9.494768e+03 1.392651e+04  
1.916748e-02 4.053021e+03 7.133353e+03 9.486018e+03 1.391319e+04  
1.943467e-02 4.048752e+03 7.125602e+03 9.475489e+03 1.389727e+04  
1.970558e-02 4.043718e+03 7.116504e+03 9.463167e+03 1.387871e+04  
1.998026e-02 4.037915e+03 7.106050e+03 9.449039e+03 1.385750e+04  
2.025878e-02 4.031339e+03 7.094233e+03 9.433098e+03 1.383363e+04  
2.054117e-02 4.023987e+03 7.081050e+03 9.415338e+03 1.380709e+04  
2.082751e-02 4.015859e+03 7.066497e+03 9.395757e+03 1.377787e+04  
2.111783e-02 4.006954e+03 7.050577e+03 9.374354e+03 1.374599e+04  
2.141220e-02 3.997271e+03 7.033286e+03 9.351129e+03 1.371143e+04  
2.171068e-02 3.986809e+03 7.014623e+03 9.326078e+03 1.367420e+04  
2.201331e-02 3.975566e+03 6.994586e+03 9.299199e+03 1.363428e+04  
2.232016e-02 3.963545e+03 6.973178e+03 9.270496e+03 1.359169e+04  
2.263130e-02 3.950747e+03 6.950402e+03 9.239973e+03 1.354643e+04  
2.294676e-02 3.937176e+03 6.926266e+03 9.207642e+03 1.349853e+04  
2.326663e-02 3.922839e+03 6.900781e+03 9.173518e+03 1.344799e+04  
2.359095e-02 3.907742e+03 6.873959e+03 9.137615e+03 1.339485e+04  
2.391980e-02 3.891891e+03 6.845811e+03 9.099949e+03 1.333912e+04  
2.425323e-02 3.875294e+03 6.816350e+03 9.060538e+03 1.328084e+04  
2.459130e-02 3.857961e+03 6.785594e+03 9.019405e+03 1.322003e+04  
2.493409e-02 3.839903e+03 6.753564e+03 8.976579e+03 1.315675e+04  
2.528166e-02 3.821135e+03 6.720286e+03 8.932094e+03 1.309104e+04  
2.563407e-02 3.801674e+03 6.685789e+03 8.885990e+03 1.302295e+04  
2.599140e-02 3.781536e+03 6.650103e+03 8.838306e+03 1.295256e+04  
2.635371e-02 3.760735e+03 6.613251e+03 8.789074e+03 1.287990e+04  
2.672106e-02 3.739283e+03 6.575257e+03 8.738323e+03 1.280501e+04  
2.709354e-02 3.717196e+03 6.536147e+03 8.686091e+03 1.272797e+04  
2.747121e-02 3.694491e+03 6.495952e+03 8.632419e+03 1.264881e+04  
2.785414e-02 3.671189e+03 6.454710e+03 8.577356e+03 1.256762e+04  
2.824241e-02 3.647312e+03 6.412459e+03 8.520955e+03 1.248448e+04  
2.863610e-02 3.622886e+03 6.369245e+03 8.463275e+03 1.239947e+04  
2.903527e-02 3.597931e+03 6.325104e+03 8.404365e+03 1.231266e+04  
2.944000e-02 3.572469e+03 6.280073e+03 8.344275e+03 1.222413e+04  
2.985038e-02 3.546523e+03 6.234195e+03 8.283061e+03 1.213396e+04  
3.026648e-02 3.520119e+03 6.187515e+03 8.220785e+03 1.204224e+04  
3.068838e-02 3.493286e+03 6.140084e+03 8.157514e+03 1.194907e+04  
3.111616e-02 3.466056e+03 6.091960e+03 8.093324e+03 1.185456e+04  
3.154990e-02 3.438464e+03 6.043203e+03 8.028296e+03 1.175884e+04  
3.198969e-02 3.410539e+03 5.993863e+03 7.962498e+03 1.166199e+04  
3.243561e-02 3.382305e+03 5.943985e+03 7.895987e+03 1.156411e+04  
3.288774e-02 3.353789e+03 5.893615e+03 7.828827e+03 1.146528e+04  
3.334618e-02 3.325020e+03 5.842806e+03 7.761087e+03 1.136562e+04  
3.381101e-02 3.296031e+03 5.791614e+03 7.692842e+03 1.126523e+04  
3.428231e-02 3.266856e+03 5.740101e+03 7.624174e+03 1.116423e+04  
3.476019e-02 3.237534e+03 5.688332e+03 7.555171e+03 1.106274e+04  
3.524473e-02 3.208097e+03 5.636367e+03 7.485913e+03 1.096090e+04  
3.573602e-02 3.178576e+03 5.584260e+03 7.416469e+03 1.085879e+04  
3.623416e-02 3.149002e+03 5.532063e+03 7.346910e+03 1.075654e+04  
3.673925e-02 3.119407e+03 5.479835e+03 7.277316e+03 1.065424e+04  
3.725137e-02 3.089827e+03 5.427638e+03 7.207768e+03 1.055202e+04  
3.777064e-02 3.060300e+03 5.375540e+03 7.138356e+03 1.045001e+04  
3.829714e-02 3.030867e+03 5.323612e+03 7.069174e+03 1.034836e+04  
3.883098e-02 3.001562e+03 5.271912e+03 7.000300e+03 1.024717e+04  
3.937226e-02 2.972393e+03 5.220457e+03 6.931758e+03 1.014648e+04  
3.992109e-02 2.943367e+03 5.169259e+03 6.863562e+03 1.004632e+04  
4.047757e-02 2.914492e+03 5.118329e+03 6.795729e+03 9.946705e+03  
4.104181e-02 2.885772e+03 5.067678e+03 6.728271e+03 9.847656e+03  
4.161391e-02 2.857214e+03 5.017317e+03 6.661204e+03 9.749195e+03  
4.219398e-02 2.828824e+03 4.967254e+03 6.594540e+03 9.651342e+03  
4.278214e-02 2.800611e+03 4.917509e+03 6.528303e+03 9.554132e+03  
4.337850e-02 2.772609e+03 4.868138e+03 6.462569e+03 9.457677e+03  
4.398317e-02 2.744857e+03 4.819212e+03 6.397432e+03 9.362117e+03  
4.459628e-02 2.717400e+03 4.770807e+03 6.332995e+03 9.267601e+03  
4.521792e-02 2.690283e+03 4.723005e+03 6.269363e+03 9.174284e+03  
4.584824e-02 2.663555e+03 4.675889e+03 6.206649e+03 9.082335e+03  
4.648734e-02 2.637268e+03 4.629550e+03 6.144973e+03 8.991930e+03  
4.713535e-02 2.611469e+03 4.584071e+03 6.084446e+03 8.903229e+03  
4.779239e-02 2.586144e+03 4.539427e+03 6.025034e+03 8.816188e+03  
4.845859e-02 2.561244e+03 4.495530e+03 5.966621e+03 8.730634e+03  
4.913407e-02 2.536711e+03 4.452282e+03 5.909076e+03 8.646376e+03  
4.981898e-02 2.512483e+03 4.409574e+03 5.852255e+03 8.563204e+03  
5.051342e-02 2.488492e+03 4.367285e+03 5.795998e+03 8.480883e+03  
5.121755e-02 2.464663e+03 4.325283e+03 5.740130e+03 8.399158e+03  
5.193150e-02 2.440922e+03 4.283441e+03 5.684482e+03 8.317779e+03  
5.265540e-02 2.417246e+03 4.241720e+03 5.629002e+03 8.236672e+03  
5.338938e-02 2.393633e+03 4.200114e+03 5.573683e+03 8.155827e+03  
5.413360e-02 2.370079e+03 4.158617e+03 5.518518e+03 8.075234e+03  
5.488820e-02 2.346580e+03 4.117223e+03 5.463498e+03 7.994879e+03  
5.565331e-02 2.323131e+03 4.075922e+03 5.408610e+03 7.914744e+03  
5.642908e-02 2.299725e+03 4.034702e+03 5.353839e+03 7.834807e+03  
5.721568e-02 2.276335e+03 3.993518e+03 5.299124e+03 7.754980e+03  
5.801323e-02 2.252919e+03 3.952294e+03 5.244365e+03 7.675116e+03  
5.882190e-02 2.229428e+03 3.910947e+03 5.189453e+03 7.595053e+03  
5.964185e-02 2.205811e+03 3.869386e+03 5.134266e+03 7.514614e+03  
6.047322e-02 2.182010e+03 3.827513e+03 5.078676e+03 7.433607e+03  
6.131619e-02 2.157967e+03 3.785227e+03 5.022547e+03 7.351834e+03  
6.217090e-02 2.133647e+03 3.742464e+03 4.965796e+03 7.269174e+03  
6.303753e-02 2.109022e+03 3.699179e+03 4.908363e+03 7.185534e+03  
6.391624e-02 2.084063e+03 3.655322e+03 4.850181e+03 7.100817e+03  
6.480720e-02 2.058739e+03 3.610839e+03 4.791180e+03 7.014918e+03  
6.571058e-02 2.033017e+03 3.565673e+03 4.731284e+03 6.927724e+03  
6.662655e-02 2.006873e+03 3.519785e+03 4.670439e+03 6.839156e+03  
6.755528e-02 1.980298e+03 3.473155e+03 4.608622e+03 6.749176e+03  
6.849697e-02 1.953278e+03 3.425765e+03 4.545809e+03 6.657747e+03  
6.945178e-02 1.925804e+03 3.377597e+03 4.481974e+03 6.564830e+03  
7.041990e-02 1.897865e+03 3.328632e+03 4.417093e+03 6.470388e+03  
7.140151e-02 1.869469e+03 3.278889e+03 4.351191e+03 6.374455e+03  
7.239681e-02 1.840654e+03 3.228430e+03 4.284351e+03 6.277151e+03  
7.340598e-02 1.811459e+03 3.177326e+03 4.216666e+03 6.178614e+03  
7.442922e-02 1.781928e+03 3.125655e+03 4.148240e+03 6.078993e+03  
7.546673e-02 1.752111e+03 3.073503e+03 4.079186e+03 5.978455e+03  
7.651869e-02 1.722071e+03 3.020979e+03 4.009651e+03 5.877213e+03  
7.758532e-02 1.691880e+03 2.968211e+03 3.939802e+03 5.775512e+03  
7.866682e-02 1.661616e+03 2.915334e+03 3.869819e+03 5.673619e+03  
7.976339e-02 1.631365e+03 2.862496e+03 3.799898e+03 5.571821e+03  
8.087525e-02 1.601207e+03 2.809838e+03 3.730227e+03 5.470394e+03  
8.200261e-02 1.571219e+03 2.757494e+03 3.660980e+03 5.369597e+03  
8.314568e-02 1.541483e+03 2.705603e+03 3.592345e+03 5.269705e+03  
8.430468e-02 1.512085e+03 2.654317e+03 3.524521e+03 5.171013e+03  
8.547985e-02 1.483102e+03 2.603769e+03 3.457685e+03 5.073782e+03  
8.667139e-02 1.454591e+03 2.554055e+03 3.391965e+03 4.978202e+03  
8.787954e-02 1.426607e+03 2.505272e+03 3.327488e+03 4.884461e+03  
8.910453e-02 1.399210e+03 2.457522e+03 3.264389e+03 4.792758e+03  
9.034660e-02 1.372453e+03 2.410898e+03 3.202791e+03 4.703277e+03  
9.160598e-02 1.346382e+03 2.365479e+03 3.142799e+03 4.616173e+03  
9.288292e-02 1.321046e+03 2.321345e+03 3.084520e+03 4.531606e+03  
9.417766e-02 1.296492e+03 2.278580e+03 3.028062e+03 4.449739e+03  
9.549045e-02 1.272756e+03 2.237246e+03 2.973509e+03 4.370695e+03  
9.682153e-02 1.249869e+03 2.197392e+03 2.920927e+03 4.294574e+03  
9.817117e-02 1.227859e+03 2.159069e+03 2.870380e+03 4.221474e+03  
9.953962e-02 1.206742e+03 2.122300e+03 2.821901e+03 4.151445e+03  
1.009272e-01 1.186490e+03 2.087038e+03 2.775427e+03 4.084395e+03  
1.023340e-01 1.167067e+03 2.053218e+03 2.730871e+03 4.020197e+03  
1.037605e-01 1.148429e+03 2.020765e+03 2.688134e+03 3.958706e+03  
1.052069e-01 1.130521e+03 1.989581e+03 2.647085e+03 3.899731e+03  
1.066734e-01 1.113247e+03 1.959500e+03 2.607507e+03 3.842947e+03  
1.081604e-01 1.096495e+03 1.930328e+03 2.569138e+03 3.787968e+03  
1.096681e-01 1.080139e+03 1.901849e+03 2.531695e+03 3.734372e+03  
1.111968e-01 1.064054e+03 1.873844e+03 2.494886e+03 3.681723e+03  
1.127468e-01 1.048129e+03 1.846124e+03 2.458459e+03 3.629646e+03  
1.143184e-01 1.032249e+03 1.818490e+03 2.422153e+03 3.577747e+03  
1.159120e-01 1.016290e+03 1.790731e+03 2.385684e+03 3.525602e+03  
1.175277e-01 1.000157e+03 1.762679e+03 2.348831e+03 3.472876e+03  
1.191660e-01 9.837995e+02 1.734253e+03 2.311483e+03 3.419401e+03  
1.208271e-01 9.671701e+02 1.705368e+03 2.273531e+03 3.365008e+03  
1.225114e-01 9.502227e+02 1.675948e+03 2.234871e+03 3.309537e+03  
1.242191e-01 9.329502e+02 1.645981e+03 2.195486e+03 3.252959e+03  
1.259506e-01 9.153639e+02 1.615486e+03 2.155402e+03 3.195309e+03  
1.277063e-01 8.974769e+02 1.584487e+03 2.114649e+03 3.136628e+03  
1.294865e-01 8.793215e+02 1.553040e+03 2.073302e+03 3.077024e+03  
1.312915e-01 8.609541e+02 1.521243e+03 2.031489e+03 3.016687e+03  
1.331216e-01 8.424373e+02 1.489203e+03 1.989353e+03 2.955828e+03  
1.349772e-01 8.238477e+02 1.457052e+03 1.947068e+03 2.894708e+03  
1.368587e-01 8.052877e+02 1.424965e+03 1.904868e+03 2.833676e+03  
1.387665e-01 7.868702e+02 1.393138e+03 1.863009e+03 2.773117e+03  
1.407008e-01 7.687072e+02 1.361760e+03 1.821746e+03 2.713414e+03  
1.426621e-01 7.508916e+02 1.330990e+03 1.781289e+03 2.654884e+03  
1.446507e-01 7.335181e+02 1.300992e+03 1.741852e+03 2.597851e+03  
1.466671e-01 7.166736e+02 1.271911e+03 1.703633e+03 2.542612e+03  
1.487115e-01 7.004137e+02 1.243844e+03 1.666755e+03 2.489357e+03  
1.507845e-01 6.847917e+02 1.216879e+03 1.631340e+03 2.438267e+03  
1.528864e-01 6.698464e+02 1.191082e+03 1.597473e+03 2.389476e+03  
1.550175e-01 6.555909e+02 1.166475e+03 1.565182e+03 2.343029e+03  
1.571784e-01 6.420334e+02 1.143070e+03 1.534485e+03 2.298953e+03  
1.593694e-01 6.291532e+02 1.120830e+03 1.505334e+03 2.257178e+03  
1.615909e-01 6.169039e+02 1.099677e+03 1.477621e+03 2.217544e+03  
1.638434e-01 6.052260e+02 1.079506e+03 1.451211e+03 2.179849e+03  
1.661273e-01 5.940218e+02 1.060150e+03 1.425880e+03 2.143756e+03  
1.684430e-01 5.831748e+02 1.041411e+03 1.401365e+03 2.108866e+03  
1.707910e-01 5.725677e+02 1.023087e+03 1.377398e+03 2.074774e+03  
1.731717e-01 5.620847e+02 1.004981e+03 1.353717e+03 2.041080e+03  
1.755856e-01 5.516133e+02 9.869018e+02 1.330067e+03 2.007397e+03  
1.780332e-01 5.410912e+02 9.687429e+02 1.306305e+03 1.973506e+03  
1.805149e-01 5.304694e+02 9.504214e+02 1.282322e+03 1.939237e+03  
1.830312e-01 5.197224e+02 9.318943e+02 1.258060e+03 1.904499e+03  
1.855825e-01 5.088456e+02 9.131537e+02 1.233507e+03 1.869274e+03  
1.881694e-01 4.978460e+02 8.942125e+02 1.208680e+03 1.833586e+03  
1.907924e-01 4.867534e+02 8.751211e+02 1.183647e+03 1.797535e+03  
1.934520e-01 4.756094e+02 8.559510e+02 1.158502e+03 1.761264e+03  
1.961486e-01 4.644864e+02 8.368249e+02 1.133409e+03 1.725023e+03  
1.988828e-01 4.534679e+02 8.178847e+02 1.108556e+03 1.689101e+03  
2.016551e-01 4.426438e+02 7.992829e+02 1.084146e+03 1.653808e+03  
2.044661e-01 4.321064e+02 7.811755e+02 1.060387e+03 1.619462e+03  
2.073162e-01 4.219204e+02 7.636719e+02 1.037424e+03 1.586287e+03  
2.102061e-01 4.121351e+02 7.468546e+02 1.015368e+03 1.554454e+03  
2.131362e-01 4.027671e+02 7.307513e+02 9.942557e+02 1.524019e+03  
2.161073e-01 3.938131e+02 7.153556e+02 9.740780e+02 1.494971e+03  
2.191197e-01 3.852537e+02 7.006337e+02 9.547899e+02 1.467242e+03  
2.221741e-01 3.770568e+02 6.865309e+02 9.363191e+02 1.440724e+03  
2.252711e-01 3.691734e+02 6.729634e+02 9.185539e+02 1.415245e+03  
2.284112e-01 3.615428e+02 6.598282e+02 9.013570e+02 1.390596e+03  
2.315951e-01 3.540936e+02 6.470044e+02 8.845677e+02 1.366531e+03  
2.348235e-01 3.467568e+02 6.343753e+02 8.680303e+02 1.342811e+03  
2.380968e-01 3.394860e+02 6.218623e+02 8.516401e+02 1.319275e+03  
2.414157e-01 3.322482e+02 6.094100e+02 8.353231e+02 1.295810e+03  
2.447809e-01 3.250286e+02 5.969932e+02 8.190459e+02 1.272363e+03  
2.481930e-01 3.178230e+02 5.846049e+02 8.027992e+02 1.248921e+03  
2.516527e-01 3.106370e+02 5.722549e+02 7.865958e+02 1.225503e+03  
2.551606e-01 3.034884e+02 5.599732e+02 7.704759e+02 1.202172e+03  
2.587174e-01 2.964098e+02 5.478146e+02 7.545124e+02 1.179040e+03  
2.623238e-01 2.894557e+02 5.358706e+02 7.388277e+02 1.156298e+03  
2.659804e-01 2.826821e+02 5.242353e+02 7.235467e+02 1.134137e+03  
2.696881e-01 2.761359e+02 5.129871e+02 7.087742e+02 1.112720e+03  
2.734474e-01 2.698300e+02 5.021472e+02 6.945384e+02 1.092092e+03  
2.772591e-01 2.637545e+02 4.916985e+02 6.808166e+02 1.072219e+03  
2.811239e-01 2.578839e+02 4.815977e+02 6.675510e+02 1.053011e+03  
2.850426e-01 2.521989e+02 4.718121e+02 6.546982e+02 1.034403e+03  
2.890160e-01 2.466821e+02 4.623120e+02 6.422187e+02 1.016335e+03  
2.930447e-01 2.413121e+02 4.530617e+02 6.300648e+02 9.987333e+02  
2.971296e-01 2.360563e+02 4.440059e+02 6.181631e+02 9.814855e+02  
3.012714e-01 2.308794e+02 4.350858e+02 6.064352e+02 9.644711e+02  
3.054710e-01 2.257566e+02 4.262595e+02 5.948255e+02 9.476053e+02  
3.097291e-01 2.206901e+02 4.175311e+02 5.833396e+02 9.308970e+02  
3.140465e-01 2.156947e+02 4.089251e+02 5.720101e+02 9.143974e+02  
3.184242e-01 2.107876e+02 4.004701e+02 5.608753e+02 8.981661e+02  
3.228628e-01 2.059818e+02 3.921878e+02 5.499640e+02 8.822483e+02  
3.273634e-01 2.012850e+02 3.840906e+02 5.392929e+02 8.666704e+02  
3.319266e-01 1.967095e+02 3.761990e+02 5.288894e+02 8.514750e+02  
3.365535e-01 1.922691e+02 3.685354e+02 5.187832e+02 8.367087e+02  
3.412449e-01 1.879695e+02 3.611094e+02 5.089871e+02 8.223914e+02  
3.460016e-01 1.838008e+02 3.539040e+02 4.994784e+02 8.084887e+02  
3.508247e-01 1.797390e+02 3.468789e+02 4.902038e+02 7.949191e+02  
3.557150e-01 1.757703e+02 3.400116e+02 4.811331e+02 7.816366e+02  
3.606735e-01 1.718864e+02 3.332875e+02 4.722474e+02 7.686124e+02  
3.657011e-01 1.680804e+02 3.266955e+02 4.635318e+02 7.558245e+02  
3.707988e-01 1.643486e+02 3.202292e+02 4.549778e+02 7.432604e+02  
3.759675e-01 1.606864e+02 3.138808e+02 4.465755e+02 7.309052e+02  
3.812083e-01 1.570996e+02 3.076601e+02 4.383375e+02 7.187790e+02  
3.865221e-01 1.535978e+02 3.015825e+02 4.302847e+02 7.069144e+02  
3.919100e-01 1.501834e+02 2.956520e+02 4.224222e+02 6.953195e+02  
3.973730e-01 1.468556e+02 2.898670e+02 4.147480e+02 6.839918e+02  
4.029122e-01 1.436137e+02 2.842260e+02 4.072602e+02 6.729285e+02  
4.085286e-01 1.404587e+02 2.787307e+02 3.999609e+02 6.621335e+02  
4.142232e-01 1.373865e+02 2.733742e+02 3.928411e+02 6.515930e+02  
4.199973e-01 1.343847e+02 2.681357e+02 3.858733e+02 6.412658e+02  
4.258518e-01 1.314469e+02 2.630048e+02 3.790439e+02 6.311311e+02  
4.317880e-01 1.285767e+02 2.579871e+02 3.723602e+02 6.212008e+02  
4.378069e-01 1.257739e+02 2.530825e+02 3.658222e+02 6.114749e+02  
4.439097e-01 1.230341e+02 2.482833e+02 3.594197e+02 6.019387e+02  
4.500975e-01 1.203571e+02 2.435891e+02 3.531524e+02 5.925918e+02  
4.563716e-01 1.177473e+02 2.390071e+02 3.470297e+02 5.834488e+02  
4.627332e-01 1.152052e+02 2.345379e+02 3.410523e+02 5.745109e+02  
4.691835e-01 1.127239e+02 2.301701e+02 3.352054e+02 5.657560e+02  
4.757236e-01 1.103021e+02 2.259014e+02 3.294857e+02 5.571796e+02  
4.823549e-01 1.079415e+02 2.217345e+02 3.238971e+02 5.487874e+02  
4.890787e-01 1.056376e+02 2.176619e+02 3.184295e+02 5.405647e+02  
4.958962e-01 1.033849e+02 2.136745e+02 3.130713e+02 5.324940e+02  
5.028087e-01 1.011847e+02 2.097746e+02 3.078252e+02 5.245800e+02  
5.098176e-01 9.904063e+01 2.059676e+02 3.026984e+02 5.168335e+02  
5.169242e-01 9.694646e+01 2.022435e+02 2.976779e+02 5.092351e+02  
5.241298e-01 9.490208e+01 1.986019e+02 2.927631e+02 5.017842e+02  
5.314359e-01 9.290933e+01 1.950457e+02 2.879578e+02 4.944865e+02  
5.388438e-01 9.096457e+01 1.915689e+02 2.832542e+02 4.873305e+02  
5.463550e-01 8.906498e+01 1.881669e+02 2.786462e+02 4.803075e+02  
5.539709e-01 8.721147e+01 1.848410e+02 2.741357e+02 4.734201e+02  
5.616930e-01 8.540336e+01 1.815900e+02 2.697209e+02 4.666660e+02  
5.695227e-01 8.363626e+01 1.784067e+02 2.653927e+02 4.600318e+02  
5.774615e-01 8.191235e+01 1.752946e+02 2.611554e+02 4.535241e+02  
5.855110e-01 8.023100e+01 1.722526e+02 2.570075e+02 4.471404e+02  
5.936727e-01 7.858750e+01 1.692729e+02 2.529393e+02 4.408668e+02  
6.019482e-01 7.698545e+01 1.663613e+02 2.489579e+02 4.347137e+02  
6.103390e-01 7.542084e+01 1.635113e+02 2.450550e+02 4.286689e+02  
6.188468e-01 7.389259e+01 1.607211e+02 2.412282e+02 4.227293e+02  
6.274732e-01 7.240217e+01 1.579928e+02 2.374804e+02 4.168987e+02  
6.362198e-01 7.094646e+01 1.553215e+02 2.338051e+02 4.111680e+02  
6.450884e-01 6.952562e+01 1.527073e+02 2.302024e+02 4.055373e+02  
6.540806e-01 6.813836e+01 1.501480e+02 2.266697e+02 4.000027e+02  
6.631981e-01 6.678329e+01 1.476415e+02 2.232039e+02 3.945602e+02  
6.724427e-01 6.546025e+01 1.451874e+02 2.198047e+02 3.892088e+02  
6.818162e-01 6.416870e+01 1.427846e+02 2.164707e+02 3.839470e+02  
6.913204e-01 6.290776e+01 1.404318e+02 2.132001e+02 3.787720e+02  
7.009570e-01 6.167642e+01 1.381274e+02 2.099908e+02 3.736806e+02  
7.107280e-01 6.047387e+01 1.358698e+02 2.068410e+02 3.686705e+02  
7.206351e-01 5.929942e+01 1.336580e+02 2.037492e+02 3.637395e+02  
7.306804e-01 5.815231e+01 1.314908e+02 2.007138e+02 3.588853e+02  
7.408657e-01 5.703170e+01 1.293667e+02 1.977330e+02 3.541054e+02  
7.511929e-01 5.593696e+01 1.272847e+02 1.948055e+02 3.493978e+02  
7.616642e-01 5.486745e+01 1.252437e+02 1.919298e+02 3.447606e+02  
7.722814e-01 5.382243e+01 1.232425e+02 1.891045e+02 3.401917e+02  
7.830465e-01 5.280121e+01 1.212799e+02 1.863281e+02 3.356889e+02  
7.939618e-01 5.180328e+01 1.193553e+02 1.835994e+02 3.312508e+02  
8.050292e-01 5.082805e+01 1.174674e+02 1.809174e+02 3.268756e+02  
8.162509e-01 4.987489e+01 1.156154e+02 1.782805e+02 3.225614e+02  
8.276289e-01 4.894323e+01 1.137982e+02 1.756877e+02 3.183065e+02  
8.391656e-01 4.803256e+01 1.120151e+02 1.731378e+02 3.141095e+02  
8.508632e-01 4.714230e+01 1.102651e+02 1.706297e+02 3.099687e+02  
8.627237e-01 4.627182e+01 1.085472e+02 1.681621e+02 3.058824e+02  
8.747496e-01 4.542068e+01 1.068606e+02 1.657341e+02 3.018491e+02  
8.869432e-01 4.458837e+01 1.052045e+02 1.633445e+02 2.978676e+02  
8.993067e-01 4.377435e+01 1.035781e+02 1.609924e+02 2.939363e+02  
9.118425e-01 4.297812e+01 1.019806e+02 1.586768e+02 2.900539e+02  
9.245531e-01 4.219930e+01 1.004113e+02 1.563967e+02 2.862192e+02  
9.374409e-01 4.143742e+01 9.886947e+01 1.541513e+02 2.824309e+02  
9.505083e-01 4.069201e+01 9.735436e+01 1.519397e+02 2.786878e+02  
9.637579e-01 3.996264e+01 9.586530e+01 1.497610e+02 2.749888e+02  
9.771921e-01 3.924891e+01 9.440163e+01 1.476143e+02 2.713327e+02  
9.908137e-01 3.855033e+01 9.296262e+01 1.454989e+02 2.677184e+02  
1.004625e+00 3.786647e+01 9.154754e+01 1.434137e+02 2.641448e+02  
1.018629e+00 3.719698e+01 9.015588e+01 1.413581e+02 2.606108e+02  
1.032828e+00 3.654150e+01 8.878704e+01 1.393315e+02 2.571157e+02  
1.047225e+00 3.589962e+01 8.744040e+01 1.373331e+02 2.536583e+02  
1.061823e+00 3.527098e+01 8.611540e+01 1.353621e+02 2.502380e+02  
1.076624e+00 3.465530e+01 8.481159e+01 1.334180e+02 2.468538e+02  
1.091632e+00 3.405222e+01 8.352841e+01 1.315002e+02 2.435050e+02  
1.106848e+00 3.346138e+01 8.226532e+01 1.296080e+02 2.401907e+02  
1.122277e+00 3.288250e+01 8.102187e+01 1.277408e+02 2.369103e+02  
1.137921e+00 3.231528e+01 7.979760e+01 1.258981e+02 2.336630e+02  
1.153783e+00 3.175938e+01 7.859200e+01 1.240793e+02 2.304482e+02  
1.169866e+00 3.121449e+01 7.740461e+01 1.222839e+02 2.272651e+02  
1.186174e+00 3.068038e+01 7.623506e+01 1.205113e+02 2.241133e+02  
1.202708e+00 3.015677e+01 7.508293e+01 1.187612e+02 2.209921e+02  
1.219473e+00 2.964337e+01 7.394778e+01 1.170329e+02 2.179009e+02  
1.236472e+00 2.913991e+01 7.282921e+01 1.153261e+02 2.148393e+02  
1.253708e+00 2.864613e+01 7.172686e+01 1.136403e+02 2.118066e+02  
1.271184e+00 2.816174e+01 7.064028e+01 1.119749e+02 2.088024e+02  
1.288904e+00 2.768646e+01 6.956909e+01 1.103296e+02 2.058262e+02  
1.306870e+00 2.722010e+01 6.851300e+01 1.087040e+02 2.028776e+02  
1.325087e+00 2.676248e+01 6.747171e+01 1.070978e+02 1.999562e+02  
1.343558e+00 2.631336e+01 6.644491e+01 1.055107e+02 1.970616e+02  
1.362287e+00 2.587255e+01 6.543230e+01 1.039422e+02 1.941936e+02  
1.381276e+00 2.543985e+01 6.443361e+01 1.023920e+02 1.913518e+02  
1.400531e+00 2.501506e+01 6.344853e+01 1.008600e+02 1.885358e+02  
1.420053e+00 2.459795e+01 6.247676e+01 9.934556e+01 1.857454e+02  
1.439848e+00 2.418835e+01 6.151803e+01 9.784857e+01 1.829802e+02  
1.459919e+00 2.378605e+01 6.057208e+01 9.636870e+01 1.802400e+02  
1.480269e+00 2.339086e+01 5.963864e+01 9.490566e+01 1.775246e+02  
1.500903e+00 2.300259e+01 5.871746e+01 9.345916e+01 1.748337e+02  
1.521825e+00 2.262110e+01 5.780832e+01 9.202900e+01 1.721671e+02  
1.543038e+00 2.224624e+01 5.691101e+01 9.061494e+01 1.695247e+02  
1.564548e+00 2.187784e+01 5.602532e+01 8.921674e+01 1.669063e+02  
1.586357e+00 2.151575e+01 5.515105e+01 8.783420e+01 1.643117e+02  
1.608469e+00 2.115984e+01 5.428800e+01 8.646711e+01 1.617408e+02  
1.630891e+00 2.080996e+01 5.343598e+01 8.511528e+01 1.591935e+02  
1.653624e+00 2.046595e+01 5.259477e+01 8.377848e+01 1.566696e+02  
1.676675e+00 2.012768e+01 5.176422e+01 8.245655e+01 1.541691e+02  
1.700047e+00 1.979503e+01 5.094415e+01 8.114930e+01 1.516918e+02  
1.723745e+00 1.946785e+01 5.013438e+01 7.985657e+01 1.492377e+02  
1.747773e+00 1.914601e+01 4.933474e+01 7.857818e+01 1.468066e+02  
1.772136e+00 1.882941e+01 4.854510e+01 7.731400e+01 1.443987e+02  
1.796838e+00 1.851795e+01 4.776531e+01 7.606387e+01 1.420137e+02  
1.821885e+00 1.821148e+01 4.699521e+01 7.482766e+01 1.396517e+02  
1.847281e+00 1.790993e+01 4.623468e+01 7.360523e+01 1.373127e+02  
1.873032e+00 1.761317e+01 4.548358e+01 7.239645e+01 1.349965e+02  
1.899141e+00 1.732110e+01 4.474178e+01 7.120120e+01 1.327033e+02  
1.925614e+00 1.703361e+01 4.400914e+01 7.001934e+01 1.304330e+02  
1.952456e+00 1.675062e+01 4.328555e+01 6.885078e+01 1.281856e+02  
1.979672e+00 1.647203e+01 4.257090e+01 6.769540e+01 1.259612e+02  
2.007267e+00 1.619775e+01 4.186508e+01 6.655310e+01 1.237596e+02  
2.035248e+00 1.592769e+01 4.116796e+01 6.542378e+01 1.215810e+02  
2.063618e+00 1.566177e+01 4.047946e+01 6.430734e+01 1.194254e+02  
2.092383e+00 1.539990e+01 3.979947e+01 6.320369e+01 1.172929e+02  
2.121550e+00 1.514200e+01 3.912789e+01 6.211274e+01 1.151833e+02  
2.151123e+00 1.488799e+01 3.846462e+01 6.103441e+01 1.130968e+02  
2.181109e+00 1.463780e+01 3.780958e+01 5.996861e+01 1.110335e+02  
2.211512e+00 1.439136e+01 3.716268e+01 5.891527e+01 1.089933e+02  
2.242340e+00 1.414859e+01 3.652382e+01 5.787431e+01 1.069763e+02  
2.273597e+00 1.390943e+01 3.589295e+01 5.684567e+01 1.049825e+02  
2.305289e+00 1.367382e+01 3.526996e+01 5.582927e+01 1.030120e+02  
2.337424e+00 1.344168e+01 3.465479e+01 5.482504e+01 1.010648e+02  
2.370006e+00 1.321296e+01 3.404736e+01 5.383292e+01 9.914101e+01  
2.403043e+00 1.298761e+01 3.344759e+01 5.285284e+01 9.724060e+01  
2.436540e+00 1.276554e+01 3.285542e+01 5.188475e+01 9.536362e+01  
2.470504e+00 1.254671e+01 3.227077e+01 5.092859e+01 9.351012e+01  
2.504942e+00 1.233107e+01 3.169358e+01 4.998429e+01 9.168011e+01  
2.539859e+00 1.211856e+01 3.112378e+01 4.905180e+01 8.987363e+01  
2.575263e+00 1.190913e+01 3.056132e+01 4.813108e+01 8.809071e+01  
2.611161e+00 1.170273e+01 3.000612e+01 4.722205e+01 8.633135e+01  
2.647559e+00 1.149932e+01 2.945812e+01 4.632468e+01 8.459559e+01  
2.684465e+00 1.129883e+01 2.891728e+01 4.543892e+01 8.288341e+01  
2.721885e+00 1.110123e+01 2.838353e+01 4.456470e+01 8.119484e+01  
2.759826e+00 1.090648e+01 2.785680e+01 4.370199e+01 7.952986e+01  
2.798297e+00 1.071452e+01 2.733706e+01 4.285073e+01 7.788847e+01  
2.837304e+00 1.052532e+01 2.682425e+01 4.201088e+01 7.627064e+01  
2.876854e+00 1.033883e+01 2.631830e+01 4.118238e+01 7.467637e+01  
2.916956e+00 1.015502e+01 2.581918e+01 4.036520e+01 7.310557e+01  
2.957617e+00 9.973853e+00 2.532682e+01 3.955928e+01 7.155832e+01  
2.998844e+00 9.795284e+00 2.484119e+01 3.876458e+01 7.003447e+01  
3.040646e+00 9.619280e+00 2.436222e+01 3.798105e+01 6.853401e+01  
3.083031e+00 9.445805e+00 2.388987e+01 3.720864e+01 6.705686e+01  
3.126007e+00 9.274824e+00 2.342410e+01 3.644731e+01 6.560296e+01  
3.169582e+00 9.106303e+00 2.296485e+01 3.569700e+01 6.417230e+01  
3.213764e+00 8.940211e+00 2.251209e+01 3.495767e+01 6.276460e+01  
3.258562e+00 8.776515e+00 2.206575e+01 3.422927e+01 6.137995e+01  
3.303985e+00 8.615184e+00 2.158133e+01 3.351175e+01 6.001819e+01  
3.350041e+00 8.456188e+00 2.119221e+01 3.280505e+01 5.867921e+01  
3.396739e+00 8.299499e+00 2.076490e+01 3.210913e+01 5.736290e+01  
3.444087e+00 8.145087e+00 2.034385e+01 3.142394e+01 5.606912e+01  
3.492096e+00 7.992923e+00 1.992901e+01 3.074940e+01 5.479774e+01  
3.540774e+00 7.842980e+00 1.952033e+01 3.008549e+01 5.354863e+01  
3.590130e+00 7.695232e+00 1.911778e+01 2.943213e+01 5.232162e+01  
3.640175e+00 7.549651e+00 1.872130e+01 2.878926e+01 5.111657e+01  
3.690917e+00 7.406212e+00 1.833086e+01 2.815684e+01 4.993331e+01  
3.742366e+00 7.264891e+00 1.794642e+01 2.753479e+01 4.877167e+01  
3.794533e+00 7.125663e+00 1.756792e+01 2.692305e+01 4.763148e+01  
3.847427e+00 6.988504e+00 1.719533e+01 2.632157e+01 4.651254e+01  
3.901058e+00 6.853390e+00 1.682861e+01 2.573027e+01 4.541468e+01  
3.955436e+00 6.720299e+00 1.646770e+01 2.514906e+01 4.433769e+01  
4.010573e+00 6.589208e+00 1.611258e+01 2.457791e+01 4.328137e+01  
4.066478e+00 6.460093e+00 1.576319e+01 2.401672e+01 4.224551e+01  
4.123163e+00 6.332934e+00 1.541949e+01 2.346544e+01 4.122991e+01  
4.180637e+00 6.207710e+00 1.508144e+01 2.292397e+01 4.023435e+01  
4.238913e+00 6.084398e+00 1.474900e+01 2.239224e+01 3.925859e+01  
4.298001e+00 5.962977e+00 1.442210e+01 2.187018e+01 3.830243e+01  
4.357913e+00 5.843429e+00 1.410074e+01 2.135769e+01 3.736562e+01  
4.418660e+00 5.725732e+00 1.378485e+01 2.085470e+01 3.644794e+01  
4.480254e+00 5.609866e+00 1.347438e+01 2.036111e+01 3.554910e+01  
4.542706e+00 5.495812e+00 1.316929e+01 1.987685e+01 3.466900e+01  
4.606029e+00 5.383550e+00 1.286955e+01 1.940182e+01 3.380730e+01  
4.670234e+00 5.273062e+00 1.257508e+01 1.893592e+01 3.296367e+01  
4.735335e+00 5.164329e+00 1.228587e+01 1.847907e+01 3.213799e+01  
4.801343e+00 5.057331e+00 1.200185e+01 1.803118e+01 3.132996e+01  
4.868271e+00 4.952050e+00 1.172297e+01 1.759213e+01 3.053935e+01  
4.936132e+00 4.848468e+00 1.144920e+01 1.716184e+01 2.976588e+01  
5.004939e+00 4.746568e+00 1.118048e+01 1.674019e+01 2.900931e+01  
5.074705e+00 4.646331e+00 1.091677e+01 1.632710e+01 2.826938e+01  
5.145444e+00 4.547739e+00 1.065801e+01 1.592247e+01 2.754583e+01  
5.217169e+00 4.450772e+00 1.040415e+01 1.552618e+01 2.683841e+01  
5.289893e+00 4.355421e+00 1.015514e+01 1.513813e+01 2.614685e+01  
5.363631e+00 4.261663e+00 9.910932e+00 1.475821e+01 2.547090e+01  
5.438397e+00 4.169479e+00 9.671473e+00 1.438630e+01 2.481029e+01  
5.514206e+00 4.078852e+00 9.436711e+00 1.402232e+01 2.416478e+01  
5.591071e+00 3.989769e+00 9.206591e+00 1.366614e+01 2.353410e+01  
5.669007e+00 3.902211e+00 8.981060e+00 1.331765e+01 2.291800e+01  
5.748030e+00 3.816162e+00 8.760064e+00 1.297674e+01 2.231622e+01  
5.828155e+00 3.731606e+00 8.543548e+00 1.264331e+01 2.172850e+01  
5.909396e+00 3.648525e+00 8.331458e+00 1.231724e+01 2.115461e+01  
5.991770e+00 3.566903e+00 8.123736e+00 1.199841e+01 2.059429e+01  
6.075292e+00 3.486725e+00 7.920328e+00 1.168671e+01 2.004714e+01  
6.159978e+00 3.407974e+00 7.721176e+00 1.138204e+01 1.951322e+01  
6.245845e+00 3.330634e+00 7.526224e+00 1.108428e+01 1.899205e+01  
6.332908e+00 3.254688e+00 7.335413e+00 1.079331e+01 1.848344e+01  
6.421186e+00 3.180121e+00 7.148687e+00 1.050902e+01 1.798715e+01  
6.510694e+00 3.106918e+00 6.965986e+00 1.023130e+01 1.750294e+01  
6.601449e+00 3.035061e+00 6.787251e+00 9.960039e+00 1.703057e+01  
6.693470e+00 2.964536e+00 6.612429e+00 9.695115e+00 1.656980e+01  
6.786773e+00 2.895327e+00 6.441463e+00 9.436419e+00 1.612039e+01  
6.881377e+00 2.827417e+00 6.274283e+00 9.183839e+00 1.568213e+01  
6.977300e+00 2.760792e+00 6.110835e+00 8.937264e+00 1.525476e+01  
7.074559e+00 2.695436e+00 5.951064e+00 8.696584e+00 1.483808e+01  
7.173175e+00 2.631333e+00 5.794908e+00 8.461689e+00 1.443186e+01  
7.273165e+00 2.568468e+00 5.642310e+00 8.232470e+00 1.403587e+01  
7.374549e+00 2.506825e+00 5.493210e+00 8.008820e+00 1.364989e+01  
7.477346e+00 2.446389e+00 5.347550e+00 7.790633e+00 1.309881e+01  
7.581576e+00 2.387145e+00 5.205270e+00 7.577801e+00 1.290729e+01  
7.687260e+00 2.329077e+00 5.066312e+00 7.370220e+00 1.254991e+01  
7.794416e+00 2.272171e+00 4.930613e+00 7.167784e+00 1.220187e+01  
7.903066e+00 2.216411e+00 4.798125e+00 6.970388e+00 1.186279e+01  
8.013230e+00 2.161781e+00 4.668783e+00 6.777929e+00 1.153250e+01  
8.124930e+00 2.108262e+00 4.542540e+00 6.590305e+00 1.121075e+01  
8.238187e+00 2.055848e+00 4.419323e+00 6.407414e+00 1.089740e+01  
8.353023e+00 2.004518e+00 4.299073e+00 6.229158e+00 1.059222e+01  
8.469460e+00 1.954257e+00 4.181740e+00 6.055438e+00 1.029505e+01  
8.587519e+00 1.905052e+00 4.067283e+00 5.886158e+00 1.000569e+01  
8.707225e+00 1.856885e+00 3.955657e+00 5.721224e+00 9.723953e+00  
8.828599e+00 1.809744e+00 3.846762e+00 5.560543e+00 9.449674e+00  
8.951665e+00 1.763612e+00 3.740556e+00 5.404023e+00 9.182671e+00  
9.076446e+00 1.718474e+00 3.637006e+00 5.251571e+00 8.922992e+00  
9.202967e+00 1.674316e+00 3.536047e+00 5.103096e+00 8.669812e+00  
9.331251e+00 1.631123e+00 3.437627e+00 4.958509e+00 8.423621e+00  
9.461324e+00 1.588880e+00 3.341691e+00 4.817720e+00 8.184037e+00  
9.593209e+00 1.547571e+00 3.248190e+00 4.680653e+00 7.950900e+00  
9.726934e+00 1.507183e+00 3.157073e+00 4.547184e+00 7.724049e+00  
9.862522e+00 1.467701e+00 3.068287e+00 4.417267e+00 7.503348e+00  
1.000000e+01 1.429109e+00 2.981786e+00 4.290809e+00 7.288623e+00  
