1.000000e-02 4.057504e+03 7.355567e+03 9.909521e+03 1.470211e+04  
1.013939e-02 4.081338e+03 7.398622e+03 9.967377e+03 1.478759e+04  
1.028073e-02 4.104872e+03 7.441127e+03 1.002449e+04 1.487197e+04  
1.042404e-02 4.128092e+03 7.483061e+03 1.008083e+04 1.495519e+04  
1.056935e-02 4.150985e+03 7.524398e+03 1.013636e+04 1.503720e+04  
1.071668e-02 4.173538e+03 7.565114e+03 1.019105e+04 1.511796e+04  
1.086606e-02 4.195736e+03 7.605184e+03 1.024487e+04 1.519741e+04  
1.101753e-02 4.217568e+03 7.644584e+03 1.029778e+04 1.527551e+04  
1.117111e-02 4.239018e+03 7.683289e+03 1.034976e+04 1.535221e+04  
1.132683e-02 4.260073e+03 7.721275e+03 1.040076e+04 1.542746e+04  
1.148472e-02 4.280720e+03 7.758516e+03 1.045075e+04 1.550120e+04  
1.164481e-02 4.300944e+03 7.794986e+03 1.049970e+04 1.557339e+04  
1.180713e-02 4.320730e+03 7.830659e+03 1.054757e+04 1.564398e+04  
1.197171e-02 4.340065e+03 7.865508e+03 1.059433e+04 1.571291e+04  
1.213859e-02 4.358933e+03 7.899508e+03 1.063994e+04 1.578012e+04  
1.230780e-02 4.377320e+03 7.932633e+03 1.068437e+04 1.584558e+04  
1.247936e-02 4.395213e+03 7.964856e+03 1.072758e+04 1.590922e+04  
1.265332e-02 4.412597e+03 7.996153e+03 1.076953e+04 1.597099e+04  
1.282970e-02 4.429455e+03 8.026493e+03 1.081020e+04 1.603084e+04  
1.300854e-02 4.445773e+03 8.055849e+03 1.084954e+04 1.608871e+04  
1.318987e-02 4.461534e+03 8.084192e+03 1.088750e+04 1.614455e+04  
1.337373e-02 4.476723e+03 8.111493e+03 1.092407e+04 1.619829e+04  
1.356015e-02 4.491324e+03 8.137726e+03 1.095918e+04 1.624988e+04  
1.374917e-02 4.505322e+03 8.162861e+03 1.099282e+04 1.629927e+04  
1.394083e-02 4.518702e+03 8.186871e+03 1.102494e+04 1.634641e+04  
1.413516e-02 4.531449e+03 8.209730e+03 1.105550e+04 1.639123e+04  
1.433219e-02 4.543547e+03 8.231410e+03 1.108447e+04 1.643368e+04  
1.453198e-02 4.554982e+03 8.251883e+03 1.111182e+04 1.647371e+04  
1.473454e-02 4.565740e+03 8.271125e+03 1.113750e+04 1.651127e+04  
1.493993e-02 4.575806e+03 8.289110e+03 1.116148e+04 1.654631e+04  
1.514819e-02 4.585167e+03 8.305813e+03 1.118374e+04 1.657878e+04  
1.535935e-02 4.593810e+03 8.321211e+03 1.120423e+04 1.660863e+04  
1.557345e-02 4.601720e+03 8.335277e+03 1.122293e+04 1.663582e+04  
1.579053e-02 4.608882e+03 8.347982e+03 1.123979e+04 1.666027e+04  
1.601064e-02 4.615280e+03 8.359302e+03 1.125478e+04 1.668195e+04  
1.623382e-02 4.620901e+03 8.369209e+03 1.126787e+04 1.670081e+04  
1.646012e-02 4.625731e+03 8.377678e+03 1.127901e+04 1.671678e+04  
1.668956e-02 4.629757e+03 8.384688e+03 1.128819e+04 1.672983e+04  
1.692220e-02 4.632966e+03 8.390213e+03 1.129537e+04 1.673991e+04  
1.715809e-02 4.635346e+03 8.394233e+03 1.130052e+04 1.674697e+04  
1.739726e-02 4.636883e+03 8.396723e+03 1.130360e+04 1.675098e+04  
1.763977e-02 4.637566e+03 8.397662e+03 1.130460e+04 1.675189e+04  
1.788566e-02 4.637383e+03 8.397030e+03 1.130347e+04 1.674965e+04  
1.813498e-02 4.636324e+03 8.394809e+03 1.130021e+04 1.674423e+04  
1.838777e-02 4.634381e+03 8.390982e+03 1.129477e+04 1.673561e+04  
1.864409e-02 4.631545e+03 8.385534e+03 1.128716e+04 1.672374e+04  
1.890397e-02 4.627807e+03 8.378450e+03 1.127734e+04 1.670861e+04  
1.916748e-02 4.623157e+03 8.369713e+03 1.126529e+04 1.669018e+04  
1.943467e-02 4.617587e+03 8.359307e+03 1.125100e+04 1.666841e+04  
1.970558e-02 4.611090e+03 8.347219e+03 1.123444e+04 1.664328e+04  
1.998026e-02 4.603659e+03 8.333438e+03 1.121559e+04 1.661478e+04  
2.025878e-02 4.595290e+03 8.317956e+03 1.119446e+04 1.658288e+04  
2.054117e-02 4.585979e+03 8.300767e+03 1.117102e+04 1.654757e+04  
2.082751e-02 4.575723e+03 8.281866e+03 1.114529e+04 1.650885e+04  
2.111783e-02 4.564519e+03 8.261245e+03 1.111723e+04 1.646670e+04  
2.141220e-02 4.552365e+03 8.238902e+03 1.108686e+04 1.642111e+04  
2.171068e-02 4.539258e+03 8.214834e+03 1.105416e+04 1.637209e+04  
2.201331e-02 4.525200e+03 8.189045e+03 1.101915e+04 1.631963e+04  
2.232016e-02 4.510195e+03 8.161538e+03 1.098182e+04 1.626376e+04  
2.263130e-02 4.494246e+03 8.132324e+03 1.094220e+04 1.620448e+04  
2.294676e-02 4.477361e+03 8.101413e+03 1.090029e+04 1.614182e+04  
2.326663e-02 4.459542e+03 8.068815e+03 1.085611e+04 1.607581e+04  
2.359095e-02 4.440797e+03 8.034539e+03 1.080968e+04 1.600645e+04  
2.391980e-02 4.421133e+03 7.998600e+03 1.076101e+04 1.593379e+04  
2.425323e-02 4.400561e+03 7.961017e+03 1.071012e+04 1.585785e+04  
2.459130e-02 4.379092e+03 7.921815e+03 1.065706e+04 1.577870e+04  
2.493409e-02 4.356744e+03 7.881021e+03 1.060186e+04 1.569638e+04  
2.528166e-02 4.333532e+03 7.838667e+03 1.054456e+04 1.561096e+04  
2.563407e-02 4.309472e+03 7.794778e+03 1.048519e+04 1.552249e+04  
2.599140e-02 4.284576e+03 7.749381e+03 1.042380e+04 1.543102e+04  
2.635371e-02 4.258862e+03 7.702505e+03 1.036042e+04 1.533662e+04  
2.672106e-02 4.232349e+03 7.654186e+03 1.029510e+04 1.523935e+04  
2.709354e-02 4.205060e+03 7.604466e+03 1.022790e+04 1.513931e+04  
2.747121e-02 4.177020e+03 7.553391e+03 1.015888e+04 1.503658e+04  
2.785414e-02 4.148257e+03 7.501013e+03 1.008811e+04 1.493126e+04  
2.824241e-02 4.118798e+03 7.447378e+03 1.001565e+04 1.482346e+04  
2.863610e-02 4.088666e+03 7.392530e+03 9.941561e+03 1.471325e+04  
2.903527e-02 4.057889e+03 7.336521e+03 9.865914e+03 1.460074e+04  
2.944000e-02 4.026498e+03 7.279405e+03 9.788783e+03 1.448605e+04  
2.985038e-02 3.994528e+03 7.221246e+03 9.710252e+03 1.436930e+04  
3.026648e-02 3.962015e+03 7.162112e+03 9.630414e+03 1.425062e+04  
3.068838e-02 3.929002e+03 7.102079e+03 9.549371e+03 1.413017e+04  
3.111616e-02 3.895525e+03 7.041212e+03 9.467211e+03 1.400808e+04  
3.154990e-02 3.861615e+03 6.979568e+03 9.384011e+03 1.388446e+04  
3.198969e-02 3.827305e+03 6.917209e+03 9.299854e+03 1.375943e+04  
3.243561e-02 3.792634e+03 6.854201e+03 9.214829e+03 1.363313e+04  
3.288774e-02 3.757640e+03 6.790617e+03 9.129037e+03 1.350571e+04  
3.334618e-02 3.722369e+03 6.726538e+03 9.042583e+03 1.337733e+04  
3.381101e-02 3.686867e+03 6.662050e+03 8.955585e+03 1.324815e+04  
3.428231e-02 3.651180e+03 6.597235e+03 8.868153e+03 1.311835e+04  
3.476019e-02 3.615349e+03 6.532165e+03 8.780386e+03 1.298807e+04  
3.524473e-02 3.579415e+03 6.466917e+03 8.692385e+03 1.285745e+04  
3.573602e-02 3.543424e+03 6.401573e+03 8.604262e+03 1.272667e+04  
3.623416e-02 3.507424e+03 6.336222e+03 8.516134e+03 1.259591e+04  
3.673925e-02 3.471468e+03 6.270956e+03 8.428130e+03 1.246534e+04  
3.725137e-02 3.435612e+03 6.205879e+03 8.340387e+03 1.233517e+04  
3.777064e-02 3.399904e+03 6.141078e+03 8.253021e+03 1.220559e+04  
3.829714e-02 3.364364e+03 6.076586e+03 8.166079e+03 1.207665e+04  
3.883098e-02 3.329005e+03 6.012430e+03 8.079595e+03 1.194841e+04  
3.937226e-02 3.293842e+03 5.948635e+03 7.993606e+03 1.182092e+04  
3.992109e-02 3.258890e+03 5.885229e+03 7.908146e+03 1.169424e+04  
4.047757e-02 3.224163e+03 5.822237e+03 7.823252e+03 1.156841e+04  
4.104181e-02 3.189677e+03 5.759687e+03 7.738961e+03 1.144350e+04  
4.161391e-02 3.155451e+03 5.697618e+03 7.655323e+03 1.131958e+04  
4.219398e-02 3.121536e+03 5.636114e+03 7.572455e+03 1.119682e+04  
4.278214e-02 3.087988e+03 5.575283e+03 7.490499e+03 1.107544e+04  
4.337850e-02 3.054871e+03 5.515236e+03 7.409607e+03 1.095566e+04  
4.398317e-02 3.022250e+03 5.456093e+03 7.329938e+03 1.083772e+04  
4.459628e-02 2.990197e+03 5.397980e+03 7.251663e+03 1.072187e+04  
4.521792e-02 2.958786e+03 5.341032e+03 7.174963e+03 1.060838e+04  
4.584824e-02 2.928088e+03 5.285376e+03 7.100009e+03 1.049751e+04  
4.648734e-02 2.898107e+03 5.231017e+03 7.026808e+03 1.038927e+04  
4.713535e-02 2.868805e+03 5.177890e+03 6.955273e+03 1.028353e+04  
4.779239e-02 2.840142e+03 5.125921e+03 6.885303e+03 1.018014e+04  
4.845859e-02 2.812071e+03 5.075024e+03 6.816785e+03 1.007894e+04  
4.913407e-02 2.784539e+03 5.025104e+03 6.749590e+03 9.979737e+03  
4.981898e-02 2.757488e+03 4.976057e+03 6.683578e+03 9.882321e+03  
5.051342e-02 2.730857e+03 4.927773e+03 6.618603e+03 9.786479e+03  
5.121755e-02 2.704611e+03 4.880190e+03 6.554580e+03 9.692084e+03  
5.193150e-02 2.678722e+03 4.833256e+03 6.491442e+03 9.599039e+03  
5.265540e-02 2.653159e+03 4.786916e+03 6.429112e+03 9.507231e+03  
5.338938e-02 2.627886e+03 4.741105e+03 6.367505e+03 9.416535e+03  
5.413360e-02 2.602865e+03 4.695754e+03 6.306528e+03 9.326812e+03  
5.488820e-02 2.578052e+03 4.650785e+03 6.246077e+03 9.237909e+03  
5.565331e-02 2.553411e+03 4.606133e+03 6.186065e+03 9.149697e+03  
5.642908e-02 2.528911e+03 4.561742e+03 6.126416e+03 9.062065e+03  
5.721568e-02 2.504518e+03 4.517551e+03 6.067049e+03 8.974893e+03  
5.801323e-02 2.480194e+03 4.473493e+03 6.007873e+03 8.888045e+03  
5.882190e-02 2.455897e+03 4.429493e+03 5.948789e+03 8.801374e+03  
5.964185e-02 2.431582e+03 4.385468e+03 5.889684e+03 8.714714e+03  
6.047322e-02 2.407188e+03 4.341312e+03 5.830417e+03 8.627851e+03  
6.131619e-02 2.382646e+03 4.296900e+03 5.770821e+03 8.540538e+03  
6.217090e-02 2.357882e+03 4.252100e+03 5.710716e+03 8.452507e+03  
6.303753e-02 2.332814e+03 4.206767e+03 5.649909e+03 8.363466e+03  
6.391624e-02 2.307356e+03 4.160744e+03 5.588191e+03 8.273102e+03  
6.480720e-02 2.281440e+03 4.113913e+03 5.525400e+03 8.181172e+03  
6.571058e-02 2.255022e+03 4.066196e+03 5.461433e+03 8.087519e+03  
6.662655e-02 2.228059e+03 4.017516e+03 5.396185e+03 7.991986e+03  
6.755528e-02 2.200504e+03 3.967790e+03 5.329546e+03 7.894400e+03  
6.849697e-02 2.172308e+03 3.916930e+03 5.261397e+03 7.794584e+03  
6.945178e-02 2.143439e+03 3.864882e+03 5.191666e+03 7.692423e+03  
7.041990e-02 2.113890e+03 3.811634e+03 5.120333e+03 7.587885e+03  
7.140151e-02 2.083653e+03 3.757172e+03 5.047383e+03 7.480943e+03  
7.239681e-02 2.052722e+03 3.701489e+03 4.972803e+03 7.371571e+03  
7.340598e-02 2.021097e+03 3.644582e+03 4.896592e+03 7.259764e+03  
7.442922e-02 1.988815e+03 3.586521e+03 4.818841e+03 7.145654e+03  
7.546673e-02 1.955935e+03 3.527411e+03 4.739692e+03 7.029448e+03  
7.651869e-02 1.922521e+03 3.467369e+03 4.659301e+03 6.911375e+03  
7.758532e-02 1.888643e+03 3.406521e+03 4.577837e+03 6.791688e+03  
7.866682e-02 1.854386e+03 3.345017e+03 4.495502e+03 6.670683e+03  
7.976339e-02 1.819847e+03 3.283033e+03 4.412532e+03 6.548712e+03  
8.087525e-02 1.785134e+03 3.220762e+03 4.329184e+03 6.426160e+03  
8.200261e-02 1.750363e+03 3.158409e+03 4.245738e+03 6.303443e+03  
8.314568e-02 1.715647e+03 3.096179e+03 4.162465e+03 6.180967e+03  
8.430468e-02 1.681088e+03 3.034252e+03 4.079608e+03 6.059097e+03  
8.547985e-02 1.646792e+03 2.972819e+03 3.997424e+03 5.938217e+03  
8.667139e-02 1.612874e+03 2.912083e+03 3.916186e+03 5.818739e+03  
8.787954e-02 1.579441e+03 2.852232e+03 3.836146e+03 5.701042e+03  
8.910453e-02 1.546580e+03 2.793426e+03 3.757518e+03 5.585449e+03  
9.034660e-02 1.514386e+03 2.735830e+03 3.680525e+03 5.472294e+03  
9.160598e-02 1.482957e+03 2.679616e+03 3.605399e+03 5.361932e+03  
9.288292e-02 1.452378e+03 2.624939e+03 3.532346e+03 5.254673e+03  
9.417766e-02 1.422730e+03 2.571939e+03 3.461555e+03 5.150806e+03  
9.549045e-02 1.394098e+03 2.520765e+03 3.393227e+03 5.050634e+03  
9.682153e-02 1.366556e+03 2.471551e+03 3.327542e+03 4.954434e+03  
9.817117e-02 1.340153e+03 2.424379e+03 3.264611e+03 4.862377e+03  
9.953962e-02 1.314933e+03 2.379327e+03 3.204536e+03 4.774622e+03  
1.009272e-01 1.290938e+03 2.336470e+03 3.147422e+03 4.691330e+03  
1.023340e-01 1.268198e+03 2.295857e+03 3.093333e+03 4.612605e+03  
1.037605e-01 1.246673e+03 2.257414e+03 3.042170e+03 4.538304e+03  
1.052069e-01 1.226298e+03 2.221028e+03 2.993781e+03 4.468200e+03  
1.066734e-01 1.207003e+03 2.186571e+03 2.947996e+03 4.402041e+03  
1.081604e-01 1.188697e+03 2.153880e+03 2.904594e+03 4.339497e+03  
1.096681e-01 1.171243e+03 2.122710e+03 2.863247e+03 4.280075e+03  
1.111968e-01 1.154482e+03 2.092780e+03 2.823576e+03 4.223203e+03  
1.127468e-01 1.138243e+03 2.063785e+03 2.785169e+03 4.168257e+03  
1.143184e-01 1.122359e+03 2.035426e+03 2.747627e+03 4.114628e+03  
1.159120e-01 1.106676e+03 2.007434e+03 2.710583e+03 4.061757e+03  
1.175277e-01 1.091029e+03 1.979514e+03 2.673642e+03 4.009041e+03  
1.191660e-01 1.075250e+03 1.951371e+03 2.636404e+03 3.955860e+03  
1.208271e-01 1.059225e+03 1.922801e+03 2.598592e+03 3.901791e+03  
1.225114e-01 1.042857e+03 1.893634e+03 2.559977e+03 3.846472e+03  
1.242191e-01 1.026043e+03 1.863689e+03 2.520313e+03 3.789518e+03  
1.259506e-01 1.008718e+03 1.832849e+03 2.479439e+03 3.730677e+03  
1.277063e-01 9.908567e+02 1.801073e+03 2.437300e+03 3.669852e+03  
1.294865e-01 9.724378e+02 1.768322e+03 2.393842e+03 3.606951e+03  
1.312915e-01 9.534618e+02 1.734600e+03 2.349065e+03 3.541969e+03  
1.331216e-01 9.339761e+02 1.699989e+03 2.303083e+03 3.475069e+03  
1.349772e-01 9.140379e+02 1.664593e+03 2.256031e+03 3.406457e+03  
1.368587e-01 8.937263e+02 1.628551e+03 2.208099e+03 3.336415e+03  
1.387665e-01 8.731665e+02 1.592085e+03 2.159584e+03 3.265402e+03  
1.407008e-01 8.525002e+02 1.555446e+03 2.110825e+03 3.193934e+03  
1.426621e-01 8.318757e+02 1.518895e+03 2.062175e+03 3.122558e+03  
1.446507e-01 8.114430e+02 1.482696e+03 2.013992e+03 3.051825e+03  
1.466671e-01 7.913619e+02 1.447132e+03 1.966656e+03 2.982323e+03  
1.487115e-01 7.717807e+02 1.412463e+03 1.920519e+03 2.914600e+03  
1.507845e-01 7.528255e+02 1.378910e+03 1.875881e+03 2.849122e+03  
1.528864e-01 7.346257e+02 1.346701e+03 1.833050e+03 2.786367e+03  
1.550175e-01 7.172752e+02 1.315999e+03 1.792247e+03 2.726682e+03  
1.571784e-01 7.008438e+02 1.286926e+03 1.753637e+03 2.670327e+03  
1.593694e-01 6.853890e+02 1.259582e+03 1.717356e+03 2.617517e+03  
1.615909e-01 6.709130e+02 1.233969e+03 1.683406e+03 2.568262e+03  
1.638434e-01 6.573998e+02 1.210057e+03 1.651749e+03 2.522507e+03  
1.661273e-01 6.447847e+02 1.187732e+03 1.622230e+03 2.480018e+03  
1.684430e-01 6.329466e+02 1.166778e+03 1.594560e+03 2.440351e+03  
1.707910e-01 6.217470e+02 1.146952e+03 1.568407e+03 2.402996e+03  
1.731717e-01 6.110213e+02 1.127964e+03 1.543381e+03 2.367345e+03  
1.755856e-01 6.005905e+02 1.109498e+03 1.519054e+03 2.332734e+03  
1.780332e-01 5.903004e+02 1.091284e+03 1.495059e+03 2.298589e+03  
1.805149e-01 5.800118e+02 1.073077e+03 1.471063e+03 2.264389e+03  
1.830312e-01 5.696037e+02 1.054664e+03 1.446779e+03 2.229677e+03  
1.855825e-01 5.589886e+02 1.035894e+03 1.421996e+03 2.194122e+03  
1.881694e-01 5.480925e+02 1.016635e+03 1.396538e+03 2.157441e+03  
1.907924e-01 5.368817e+02 9.968289e+02 1.370325e+03 2.119503e+03  
1.934520e-01 5.253411e+02 9.764504e+02 1.343319e+03 2.080245e+03  
1.961486e-01 5.135106e+02 9.555697e+02 1.315616e+03 2.039813e+03  
1.988828e-01 5.014575e+02 9.343053e+02 1.287376e+03 1.998459e+03  
2.016551e-01 4.893013e+02 9.128667e+02 1.258884e+03 1.956628e+03  
2.044661e-01 4.771863e+02 8.915071e+02 1.230484e+03 1.914865e+03  
2.073162e-01 4.652533e+02 8.704726e+02 1.202511e+03 1.873696e+03  
2.102061e-01 4.536401e+02 8.500042e+02 1.175292e+03 1.833642e+03  
2.131362e-01 4.424482e+02 8.302786e+02 1.149067e+03 1.795083e+03  
2.161073e-01 4.317595e+02 8.114385e+02 1.124032e+03 1.758328e+03  
2.191197e-01 4.216201e+02 7.935633e+02 1.100294e+03 1.723551e+03  
2.221741e-01 4.120553e+02 7.766962e+02 1.077912e+03 1.690846e+03  
2.252711e-01 4.030559e+02 7.608202e+02 1.056864e+03 1.660182e+03  
2.284112e-01 3.945862e+02 7.458721e+02 1.037064e+03 1.631426e+03  
2.315951e-01 3.865697e+02 7.317172e+02 1.018330e+03 1.604292e+03  
2.348235e-01 3.789060e+02 7.181801e+02 1.000422e+03 1.578405e+03  
2.380968e-01 3.714745e+02 7.050500e+02 9.830551e+02 1.553314e+03  
2.414157e-01 3.641712e+02 6.921452e+02 9.659812e+02 1.528625e+03  
2.447809e-01 3.569072e+02 6.793108e+02 9.489896e+02 1.504006e+03  
2.481930e-01 3.496161e+02 6.664311e+02 9.319226e+02 1.479206e+03  
2.516527e-01 3.422493e+02 6.534217e+02 9.146651e+02 1.454041e+03  
2.551606e-01 3.347823e+02 6.402401e+02 8.971590e+02 1.428418e+03  
2.587174e-01 3.272176e+02 6.268911e+02 8.794107e+02 1.402348e+03  
2.623238e-01 3.195886e+02 6.134332e+02 8.615001e+02 1.375958e+03  
2.659804e-01 3.119755e+02 6.000060e+02 8.436177e+02 1.349553e+03  
2.696881e-01 3.044753e+02 5.867782e+02 8.259935e+02 1.323499e+03  
2.734474e-01 2.971836e+02 5.739154e+02 8.088534e+02 1.298157e+03  
2.772591e-01 2.901593e+02 5.615197e+02 7.923366e+02 1.273749e+03  
2.811239e-01 2.834309e+02 5.496397e+02 7.765094e+02 1.250383e+03  
2.850426e-01 2.770020e+02 5.382813e+02 7.613802e+02 1.228073e+03  
2.890160e-01 2.708643e+02 5.274292e+02 7.469280e+02 1.206787e+03  
2.930447e-01 2.650020e+02 5.170557e+02 7.331153e+02 1.186465e+03  
2.971296e-01 2.593827e+02 5.071042e+02 7.198651e+02 1.166987e+03  
3.012714e-01 2.539454e+02 4.974686e+02 7.070332e+02 1.148125e+03  
3.054710e-01 2.486194e+02 4.880265e+02 6.944528e+02 1.129612e+03  
3.097291e-01 2.433440e+02 4.786727e+02 6.819810e+02 1.111225e+03  
3.140465e-01 2.380846e+02 4.693478e+02 6.695370e+02 1.092833e+03  
3.184242e-01 2.328404e+02 4.600506e+02 6.571192e+02 1.074437e+03  
3.228628e-01 2.276252e+02 4.508047e+02 6.447603e+02 1.056089e+03  
3.273634e-01 2.224587e+02 4.416444e+02 6.325072e+02 1.037866e+03  
3.319266e-01 2.173656e+02 4.326124e+02 6.204182e+02 1.019860e+03  
3.365535e-01 2.123790e+02 4.237655e+02 6.085708e+02 1.002197e+03  
3.412449e-01 2.075397e+02 4.151736e+02 5.970604e+02 9.850288e+02  
3.460016e-01 2.028776e+02 4.068879e+02 5.859567e+02 9.684666e+02  
3.508247e-01 1.983960e+02 3.989137e+02 5.752667e+02 9.525221e+02  
3.557150e-01 1.940753e+02 3.912169e+02 5.649442e+02 9.371226e+02  
3.606735e-01 1.898881e+02 3.837502e+02 5.549250e+02 9.221665e+02  
3.657011e-01 1.858115e+02 3.764739e+02 5.451552e+02 9.075695e+02  
3.707988e-01 1.818265e+02 3.693555e+02 5.355910e+02 8.932627e+02  
3.759675e-01 1.779107e+02 3.623564e+02 5.261799e+02 8.791640e+02  
3.812083e-01 1.740484e+02 3.554500e+02 5.168861e+02 8.652178e+02  
3.865221e-01 1.702361e+02 3.486302e+02 5.077018e+02 8.514129e+02  
3.919100e-01 1.664868e+02 3.419193e+02 4.986571e+02 8.377981e+02  
3.973730e-01 1.628180e+02 3.353469e+02 4.897926e+02 8.244379e+02  
4.029122e-01 1.592392e+02 3.289293e+02 4.811304e+02 8.113679e+02  
4.085286e-01 1.557573e+02 3.226779e+02 4.726860e+02 7.986132e+02  
4.142232e-01 1.523814e+02 3.166079e+02 4.644801e+02 7.862066e+02  
4.199973e-01 1.491101e+02 3.107169e+02 4.565093e+02 7.741429e+02  
4.258518e-01 1.459285e+02 3.049792e+02 4.487390e+02 7.623683e+02  
4.317880e-01 1.428232e+02 2.993719e+02 4.411385e+02 7.508350e+02  
4.378069e-01 1.397860e+02 2.938810e+02 4.336887e+02 7.395142e+02  
4.439097e-01 1.368137e+02 2.885012e+02 4.263828e+02 7.283954e+02  
4.500975e-01 1.338992e+02 2.832204e+02 4.192046e+02 7.174542e+02  
4.563716e-01 1.310419e+02 2.780373e+02 4.121524e+02 7.066888e+02  
4.627332e-01 1.282510e+02 2.729676e+02 4.052476e+02 6.961326e+02  
4.691835e-01 1.255300e+02 2.680169e+02 3.984977e+02 6.857980e+02  
4.757236e-01 1.228792e+02 2.631855e+02 3.919031e+02 6.756858e+02  
4.823549e-01 1.202968e+02 2.584704e+02 3.854600e+02 6.657901e+02  
4.890787e-01 1.177829e+02 2.538715e+02 3.791681e+02 6.561110e+02  
4.958962e-01 1.153327e+02 2.493806e+02 3.730164e+02 6.466317e+02  
5.028087e-01 1.129371e+02 2.449823e+02 3.669846e+02 6.373212e+02  
5.098176e-01 1.105934e+02 2.406722e+02 3.610667e+02 6.281710e+02  
5.169242e-01 1.083054e+02 2.364565e+02 3.552711e+02 6.191939e+02  
5.241298e-01 1.060690e+02 2.323282e+02 3.495885e+02 6.103762e+02  
5.314359e-01 1.038840e+02 2.282869e+02 3.440184e+02 6.017176e+02  
5.388438e-01 1.017536e+02 2.243378e+02 3.385678e+02 5.932285e+02  
5.463550e-01 9.967668e+01 2.204789e+02 3.332341e+02 5.849054e+02  
5.539709e-01 9.764905e+01 2.167031e+02 3.280078e+02 5.767339e+02  
5.616930e-01 9.566995e+01 2.130091e+02 3.228872e+02 5.687117e+02  
5.695227e-01 9.373948e+01 2.093969e+02 3.178723e+02 5.608390e+02  
5.774615e-01 9.185105e+01 2.058557e+02 3.129489e+02 5.530943e+02  
5.855110e-01 9.000744e+01 2.023898e+02 3.081227e+02 5.454867e+02  
5.936727e-01 8.820814e+01 1.989983e+02 3.033925e+02 5.380143e+02  
6.019482e-01 8.645010e+01 1.956761e+02 2.987516e+02 5.306674e+02  
6.103390e-01 8.473333e+01 1.924232e+02 2.942000e+02 5.234459e+02  
6.188468e-01 8.305961e+01 1.892423e+02 2.897413e+02 5.163549e+02  
6.274732e-01 8.142293e+01 1.861235e+02 2.853625e+02 5.093757e+02  
6.362198e-01 7.982584e+01 1.830710e+02 2.810689e+02 5.025161e+02  
6.450884e-01 7.826535e+01 1.800797e+02 2.768541e+02 4.957665e+02  
6.540806e-01 7.674082e+01 1.771485e+02 2.727166e+02 4.891249e+02  
6.631981e-01 7.525280e+01 1.742782e+02 2.686573e+02 4.825926e+02  
6.724427e-01 7.379986e+01 1.714665e+02 2.646732e+02 4.761650e+02  
6.818162e-01 7.237957e+01 1.687092e+02 2.607590e+02 4.698349e+02  
6.913204e-01 7.099161e+01 1.660058e+02 2.569141e+02 4.636010e+02  
7.009570e-01 6.963557e+01 1.633557e+02 2.531373e+02 4.574618e+02  
7.107280e-01 6.831092e+01 1.607577e+02 2.494275e+02 4.514156e+02  
7.206351e-01 6.701690e+01 1.582107e+02 2.457830e+02 4.454598e+02  
7.306804e-01 6.575255e+01 1.557129e+02 2.422015e+02 4.395914e+02  
7.408657e-01 6.451681e+01 1.532628e+02 2.386810e+02 4.338072e+02  
7.511929e-01 6.330884e+01 1.508587e+02 2.352196e+02 4.281046e+02  
7.616642e-01 6.212806e+01 1.484998e+02 2.318159e+02 4.224817e+02  
7.722814e-01 6.097384e+01 1.461850e+02 2.284686e+02 4.169364e+02  
7.830465e-01 5.984546e+01 1.439131e+02 2.251762e+02 4.114665e+02  
7.939618e-01 5.874228e+01 1.416829e+02 2.219371e+02 4.060701e+02  
8.050292e-01 5.766361e+01 1.394934e+02 2.187500e+02 4.007449e+02  
8.162509e-01 5.660869e+01 1.373432e+02 2.156133e+02 3.954888e+02  
8.276289e-01 5.557678e+01 1.352312e+02 2.125253e+02 3.902996e+02  
8.391656e-01 5.456739e+01 1.331565e+02 2.094850e+02 3.851757e+02  
8.508632e-01 5.358000e+01 1.311184e+02 2.064914e+02 3.801155e+02  
8.627237e-01 5.261400e+01 1.291156e+02 2.035430e+02 3.751172e+02  
8.747496e-01 5.166887e+01 1.271475e+02 2.006389e+02 3.701793e+02  
8.869432e-01 5.074411e+01 1.252131e+02 1.977780e+02 3.653003e+02  
8.993067e-01 4.983918e+01 1.233116e+02 1.949590e+02 3.604785e+02  
9.118425e-01 4.895349e+01 1.214420e+02 1.921809e+02 3.557123e+02  
9.245531e-01 4.808657e+01 1.196035e+02 1.894427e+02 3.510005e+02  
9.374409e-01 4.723794e+01 1.177955e+02 1.867433e+02 3.463415e+02  
9.505083e-01 4.640705e+01 1.160169e+02 1.840817e+02 3.417339e+02  
9.637579e-01 4.559341e+01 1.142670e+02 1.814569e+02 3.371764e+02  
9.771921e-01 4.479664e+01 1.125452e+02 1.788681e+02 3.326679e+02  
9.908137e-01 4.401632e+01 1.108508e+02 1.763145e+02 3.282072e+02  
1.004625e+00 4.325198e+01 1.091830e+02 1.737950e+02 3.237931e+02  
1.018629e+00 4.250321e+01 1.075413e+02 1.713091e+02 3.194246e+02  
1.032828e+00 4.176960e+01 1.059249e+02 1.688557e+02 3.151005e+02  
1.047225e+00 4.105069e+01 1.043331e+02 1.664342e+02 3.108199e+02  
1.061823e+00 4.034604e+01 1.027653e+02 1.643621e+02 3.065815e+02  
1.076624e+00 3.965530e+01 1.012209e+02 1.616832e+02 3.023846e+02  
1.091632e+00 3.897816e+01 9.969943e+01 1.593525e+02 2.982283e+02  
1.106848e+00 3.831422e+01 9.820026e+01 1.570508e+02 2.941118e+02  
1.122277e+00 3.766317e+01 9.672291e+01 1.547774e+02 2.900344e+02  
1.137921e+00 3.702473e+01 9.526694e+01 1.525319e+02 2.859953e+02  
1.153783e+00 3.639859e+01 9.383189e+01 1.503137e+02 2.819938e+02  
1.169866e+00 3.578443e+01 9.241726e+01 1.481222e+02 2.780293e+02  
1.186174e+00 3.518195e+01 9.102259e+01 1.459568e+02 2.741012e+02  
1.202708e+00 3.459084e+01 8.964742e+01 1.438170e+02 2.702087e+02  
1.219473e+00 3.398465e+01 8.829125e+01 1.417023e+02 2.663513e+02  
1.236472e+00 3.344137e+01 8.695362e+01 1.396120e+02 2.625283e+02  
1.253708e+00 3.288247e+01 8.563418e+01 1.375459e+02 2.587394e+02  
1.271184e+00 3.233380e+01 8.433256e+01 1.355035e+02 2.549840e+02  
1.288904e+00 3.179507e+01 8.304836e+01 1.334843e+02 2.512616e+02  
1.306870e+00 3.126605e+01 8.178123e+01 1.314880e+02 2.475720e+02  
1.325087e+00 3.074653e+01 8.053086e+01 1.295141e+02 2.439147e+02  
1.343558e+00 3.023625e+01 7.929690e+01 1.275624e+02 2.402894e+02  
1.362287e+00 2.973498e+01 7.807900e+01 1.256323e+02 2.366956e+02  
1.381276e+00 2.924251e+01 7.687688e+01 1.237237e+02 2.331332e+02  
1.400531e+00 2.875864e+01 7.569024e+01 1.218362e+02 2.296019e+02  
1.420053e+00 2.828313e+01 7.451878e+01 1.199694e+02 2.261013e+02  
1.439848e+00 2.781578e+01 7.336221e+01 1.181231e+02 2.226312e+02  
1.459919e+00 2.735643e+01 7.222029e+01 1.162970e+02 2.191915e+02  
1.480269e+00 2.690486e+01 7.109275e+01 1.144908e+02 2.157820e+02  
1.500903e+00 2.646088e+01 6.997933e+01 1.127042e+02 2.124025e+02  
1.521825e+00 2.602432e+01 6.887979e+01 1.109371e+02 2.090528e+02  
1.543038e+00 2.559502e+01 6.779392e+01 1.091891e+02 2.057329e+02  
1.564548e+00 2.517280e+01 6.672149e+01 1.074601e+02 2.024426e+02  
1.586357e+00 2.475748e+01 6.566228e+01 1.057498e+02 1.991818e+02  
1.608469e+00 2.434894e+01 6.461610e+01 1.040581e+02 1.959506e+02  
1.630891e+00 2.394703e+01 6.358276e+01 1.023847e+02 1.927487e+02  
1.653624e+00 2.355158e+01 6.256207e+01 1.007295e+02 1.895763e+02  
1.676675e+00 2.316246e+01 6.155384e+01 9.909225e+01 1.864333e+02  
1.700047e+00 2.277953e+01 6.055790e+01 9.747286e+01 1.833196e+02  
1.723745e+00 2.240264e+01 5.957407e+01 9.587113e+01 1.802354e+02  
1.747773e+00 2.203164e+01 5.860217e+01 9.428689e+01 1.771805e+02  
1.772136e+00 2.166643e+01 5.764206e+01 9.272003e+01 1.741551e+02  
1.796838e+00 2.130688e+01 5.669361e+01 9.117041e+01 1.711591e+02  
1.821885e+00 2.095289e+01 5.575666e+01 8.963789e+01 1.681928e+02  
1.847281e+00 2.060434e+01 5.483109e+01 8.812237e+01 1.652560e+02  
1.873032e+00 2.026112e+01 5.391676e+01 8.662373e+01 1.623489e+02  
1.899141e+00 1.992313e+01 5.301354e+01 8.514185e+01 1.594715e+02  
1.925614e+00 1.959025e+01 5.212131e+01 8.367663e+01 1.566240e+02  
1.952456e+00 1.926239e+01 5.123994e+01 8.222797e+01 1.538064e+02  
1.979672e+00 1.893945e+01 5.036932e+01 8.079577e+01 1.510189e+02  
2.007267e+00 1.862132e+01 4.950935e+01 7.937993e+01 1.482614e+02  
2.035248e+00 1.830791e+01 4.865989e+01 7.798038e+01 1.455342e+02  
2.063618e+00 1.799915e+01 4.782087e+01 7.659703e+01 1.428374e+02  
2.092383e+00 1.769494e+01 4.699218e+01 7.522981e+01 1.401709e+02  
2.121550e+00 1.739520e+01 4.617373e+01 7.387863e+01 1.375350e+02  
2.151123e+00 1.709986e+01 4.536541e+01 7.254344e+01 1.349298e+02  
2.181109e+00 1.680884e+01 4.456716e+01 7.122415e+01 1.323553e+02  
2.211512e+00 1.652206e+01 4.377887e+01 6.992071e+01 1.298116e+02  
2.242340e+00 1.623944e+01 4.300046e+01 6.863305e+01 1.272989e+02  
2.273597e+00 1.596092e+01 4.223185e+01 6.736110e+01 1.248171e+02  
2.305289e+00 1.568642e+01 4.147295e+01 6.610482e+01 1.223665e+02  
2.337424e+00 1.541588e+01 4.072370e+01 6.486414e+01 1.199471e+02  
2.370006e+00 1.514922e+01 3.998401e+01 6.363900e+01 1.175590e+02  
2.403043e+00 1.488640e+01 3.925381e+01 6.242935e+01 1.152022e+02  
2.436540e+00 1.462735e+01 3.853304e+01 6.123514e+01 1.128768e+02  
2.470504e+00 1.437201e+01 3.782162e+01 6.005633e+01 1.105828e+02  
2.504942e+00 1.412034e+01 3.711948e+01 5.889285e+01 1.083203e+02  
2.539859e+00 1.387227e+01 3.642657e+01 5.774465e+01 1.060892e+02  
2.575263e+00 1.362774e+01 3.574280e+01 5.661169e+01 1.038898e+02  
2.611161e+00 1.338670e+01 3.506812e+01 5.549392e+01 1.017218e+02  
2.647559e+00 1.314910e+01 3.440246e+01 5.439129e+01 9.958537e+01  
2.684465e+00 1.291490e+01 3.374577e+01 5.330374e+01 9.748045e+01  
2.721885e+00 1.268405e+01 3.309799e+01 5.223123e+01 9.540701e+01  
2.759826e+00 1.245650e+01 3.245905e+01 5.117371e+01 9.336502e+01  
2.798297e+00 1.223220e+01 3.182889e+01 5.013112e+01 9.135442e+01  
2.837304e+00 1.201112e+01 3.120746e+01 4.910341e+01 8.937515e+01  
2.876854e+00 1.179321e+01 3.059470e+01 4.809053e+01 8.742714e+01  
2.916956e+00 1.157842e+01 2.999055e+01 4.709242e+01 8.551029e+01  
2.957617e+00 1.136673e+01 2.939496e+01 4.610904e+01 8.362450e+01  
2.998844e+00 1.115808e+01 2.880786e+01 4.514031e+01 8.176966e+01  
3.040646e+00 1.095243e+01 2.822921e+01 4.418618e+01 7.994564e+01  
3.083031e+00 1.074976e+01 2.765896e+01 4.324659e+01 7.815229e+01  
3.126007e+00 1.055003e+01 2.709703e+01 4.232147e+01 7.638948e+01  
3.169582e+00 1.035320e+01 2.654339e+01 4.141076e+01 7.465704e+01  
3.213764e+00 1.015923e+01 2.599797e+01 4.051440e+01 7.295479e+01  
3.258562e+00 9.968091e+00 2.546073e+01 3.963230e+01 7.128271e+01  
3.303985e+00 9.779754e+00 2.493160e+01 3.876441e+01 6.964010e+01  
3.350041e+00 9.594181e+00 2.441054e+01 3.791063e+01 6.802726e+01  
3.396739e+00 9.411342e+00 2.389748e+01 3.707090e+01 6.644379e+01  
3.444087e+00 9.231206e+00 2.339238e+01 3.624512e+01 6.488947e+01  
3.492096e+00 9.053743e+00 2.289518e+01 3.543323e+01 6.336406e+01  
3.540774e+00 8.878923e+00 2.240582e+01 3.463513e+01 6.186731e+01  
3.590130e+00 8.706717e+00 2.192425e+01 3.385072e+01 6.039896e+01  
3.640175e+00 8.537095e+00 2.145041e+01 3.307993e+01 5.895875e+01  
3.690917e+00 8.370029e+00 2.098426e+01 3.232264e+01 5.754640e+01  
3.742366e+00 8.205491e+00 2.052572e+01 3.157876e+01 5.616163e+01  
3.794533e+00 8.043454e+00 2.007475e+01 3.084819e+01 5.480415e+01  
3.847427e+00 7.883891e+00 1.963128e+01 3.013083e+01 5.347366e+01  
3.901058e+00 7.726774e+00 1.919527e+01 2.942656e+01 5.216987e+01  
3.955436e+00 7.572079e+00 1.876664e+01 2.873529e+01 5.089246e+01  
4.010573e+00 7.419780e+00 1.834535e+01 2.805685e+01 4.964112e+01  
4.066478e+00 7.269851e+00 1.793132e+01 2.739118e+01 4.841553e+01  
4.123163e+00 7.122267e+00 1.752451e+01 2.673814e+01 4.721536e+01  
4.180637e+00 6.977003e+00 1.712485e+01 2.609760e+01 4.604028e+01  
4.238913e+00 6.834035e+00 1.673228e+01 2.546945e+01 4.488997e+01  
4.298001e+00 6.693339e+00 1.634673e+01 2.485355e+01 4.376409e+01  
4.357913e+00 6.554889e+00 1.596814e+01 2.424977e+01 4.266230e+01  
4.418660e+00 6.418663e+00 1.559645e+01 2.365797e+01 4.158425e+01  
4.480254e+00 6.284637e+00 1.523159e+01 2.307803e+01 4.052960e+01  
4.542706e+00 6.152788e+00 1.487350e+01 2.250981e+01 3.949801e+01  
4.606029e+00 6.023092e+00 1.452211e+01 2.195316e+01 3.848912e+01  
4.670234e+00 5.895527e+00 1.417735e+01 2.140794e+01 3.750259e+01  
4.735335e+00 5.770070e+00 1.383916e+01 2.087401e+01 3.653807e+01  
4.801343e+00 5.646699e+00 1.350746e+01 2.035122e+01 3.559520e+01  
4.868271e+00 5.525390e+00 1.318218e+01 1.983944e+01 3.467363e+01  
4.936132e+00 5.406123e+00 1.286325e+01 1.933850e+01 3.377301e+01  
5.004939e+00 5.288874e+00 1.255061e+01 1.884826e+01 3.289300e+01  
5.074705e+00 5.173621e+00 1.224418e+01 1.836858e+01 3.203323e+01  
5.145444e+00 5.060344e+00 1.194388e+01 1.789928e+01 3.119337e+01  
5.217169e+00 4.949020e+00 1.164965e+01 1.744024e+01 3.037305e+01  
5.289893e+00 4.839627e+00 1.136140e+01 1.699131e+01 2.957193e+01  
5.363631e+00 4.732145e+00 1.107906e+01 1.655230e+01 2.878967e+01  
5.438397e+00 4.626551e+00 1.080257e+01 1.612308e+01 2.802592e+01  
5.514206e+00 4.522825e+00 1.053183e+01 1.570350e+01 2.728034e+01  
5.591071e+00 4.420946e+00 1.026677e+01 1.529339e+01 2.655258e+01  
5.669007e+00 4.320891e+00 1.000733e+01 1.489261e+01 2.584231e+01  
5.748030e+00 4.222642e+00 9.753408e+00 1.450100e+01 2.514920e+01  
5.828155e+00 4.126175e+00 9.504939e+00 1.411840e+01 2.447291e+01  
5.909396e+00 4.031472e+00 9.261843e+00 1.374467e+01 2.381310e+01  
5.991770e+00 3.938511e+00 9.024040e+00 1.337965e+01 2.316946e+01  
6.075292e+00 3.847271e+00 8.791452e+00 1.302318e+01 2.254172e+01  
6.159978e+00 3.757731e+00 8.563999e+00 1.267511e+01 2.192938e+01  
6.245845e+00 3.669873e+00 8.341601e+00 1.233530e+01 2.133230e+01  
6.332908e+00 3.583674e+00 8.124181e+00 1.200359e+01 2.075011e+01  
6.421186e+00 3.499115e+00 7.911658e+00 1.167983e+01 2.018250e+01  
6.510694e+00 3.416175e+00 7.703953e+00 1.136388e+01 1.962915e+01  
6.601449e+00 3.334834e+00 7.500987e+00 1.105557e+01 1.908978e+01  
6.693470e+00 3.255072e+00 7.302681e+00 1.075478e+01 1.856408e+01  
6.786773e+00 3.176869e+00 7.108955e+00 1.046135e+01 1.805175e+01  
6.881377e+00 3.100205e+00 6.919732e+00 1.017513e+01 1.755251e+01  
6.977300e+00 3.025060e+00 6.734933e+00 9.895990e+00 1.706606e+01  
7.074559e+00 2.951413e+00 6.554479e+00 9.623782e+00 1.659213e+01  
7.173175e+00 2.879246e+00 6.378293e+00 9.358365e+00 1.613044e+01  
7.273165e+00 2.808538e+00 6.206298e+00 9.099601e+00 1.568072e+01  
7.374549e+00 2.739269e+00 6.038418e+00 8.847353e+00 1.524269e+01  
7.477346e+00 2.671419e+00 5.874574e+00 8.601484e+00 1.481608e+01  
7.581576e+00 2.604970e+00 5.714693e+00 8.361862e+00 1.440028e+01  
7.687260e+00 2.539901e+00 5.558698e+00 8.128352e+00 1.399611e+01  
7.794416e+00 2.476192e+00 5.406514e+00 7.900824e+00 1.360224e+01  
7.903066e+00 2.413825e+00 5.258067e+00 7.679149e+00 1.321878e+01  
8.013230e+00 2.352779e+00 5.113284e+00 7.463200e+00 1.284548e+01  
8.124930e+00 2.293036e+00 4.972093e+00 7.252849e+00 1.248211e+01  
8.238187e+00 2.234573e+00 4.834420e+00 7.047975e+00 1.212843e+01  
8.353023e+00 2.177379e+00 4.700195e+00 6.848453e+00 1.178420e+01  
8.469460e+00 2.121427e+00 4.569347e+00 6.654165e+00 1.144921e+01  
8.587519e+00 2.066699e+00 4.441807e+00 6.464991e+00 1.112323e+01  
8.707225e+00 2.013178e+00 4.317505e+00 6.280816e+00 1.080603e+01  
8.828599e+00 1.960844e+00 4.196374e+00 6.101524e+00 1.049741e+01  
8.951665e+00 1.909678e+00 4.078346e+00 5.926994e+00 1.019716e+01  
9.076446e+00 1.859660e+00 3.963353e+00 5.757134e+00 9.905733e+00  
9.202967e+00 1.810773e+00 3.851331e+00 5.591825e+00 9.620926e+00  
9.331251e+00 1.762998e+00 3.742215e+00 5.430951e+00 9.344550e+00  
9.461324e+00 1.716315e+00 3.635941e+00 5.274420e+00 9.075740e+00  
9.593209e+00 1.670706e+00 3.532446e+00 5.122126e+00 8.814306e+00  
9.726934e+00 1.626154e+00 3.431667e+00 4.973965e+00 8.560064e+00  
9.862522e+00 1.582639e+00 3.333545e+00 4.829763e+00 8.312824e+00  
1.000000e+01 1.540143e+00 3.238018e+00 4.689699e+00 8.072423e+00  
