1.000000e-02 6.997098e+03 1.284383e+04 1.743764e+04 2.605668e+04  
1.013939e-02 7.034440e+03 1.291210e+04 1.753004e+04 2.619405e+04  
1.028073e-02 7.071138e+03 1.297918e+04 1.762082e+04 2.632897e+04  
1.042404e-02 7.107165e+03 1.304502e+04 1.770991e+04 2.646136e+04  
1.056935e-02 7.142495e+03 1.310957e+04 1.779725e+04 2.659112e+04  
1.071668e-02 7.177102e+03 1.317279e+04 1.788277e+04 2.671813e+04  
1.086606e-02 7.210960e+03 1.323463e+04 1.796640e+04 2.684231e+04  
1.101753e-02 7.244040e+03 1.329503e+04 1.804808e+04 2.696356e+04  
1.117111e-02 7.276316e+03 1.335394e+04 1.812774e+04 2.708177e+04  
1.132683e-02 7.307762e+03 1.341133e+04 1.820530e+04 2.719684e+04  
1.148472e-02 7.338349e+03 1.346713e+04 1.828072e+04 2.730867e+04  
1.164481e-02 7.368052e+03 1.352130e+04 1.835391e+04 2.741717e+04  
1.180713e-02 7.396839e+03 1.357378e+04 1.842480e+04 2.752221e+04  
1.197171e-02 7.424679e+03 1.362452e+04 1.849331e+04 2.762368e+04  
1.213859e-02 7.451541e+03 1.367345e+04 1.855936e+04 2.772147e+04  
1.230780e-02 7.477393e+03 1.372052e+04 1.862288e+04 2.781545e+04  
1.247936e-02 7.502202e+03 1.376567e+04 1.868379e+04 2.790551e+04  
1.265332e-02 7.525936e+03 1.380884e+04 1.874200e+04 2.799153e+04  
1.282970e-02 7.548565e+03 1.384997e+04 1.879743e+04 2.807338e+04  
1.300854e-02 7.570056e+03 1.388901e+04 1.885001e+04 2.815096e+04  
1.318987e-02 7.590380e+03 1.392589e+04 1.889967e+04 2.822415e+04  
1.337373e-02 7.609508e+03 1.396058e+04 1.894633e+04 2.829285e+04  
1.356015e-02 7.627412e+03 1.399300e+04 1.898992e+04 2.835695e+04  
1.374917e-02 7.644063e+03 1.402312e+04 1.903037e+04 2.841635e+04  
1.394083e-02 7.659433e+03 1.405089e+04 1.906761e+04 2.847094e+04  
1.413516e-02 7.673496e+03 1.407624e+04 1.910158e+04 2.852062e+04  
1.433219e-02 7.686221e+03 1.409913e+04 1.913220e+04 2.856529e+04  
1.453198e-02 7.697574e+03 1.411950e+04 1.915938e+04 2.860481e+04  
1.473454e-02 7.707520e+03 1.413728e+04 1.918304e+04 2.863906e+04  
1.493993e-02 7.716025e+03 1.415241e+04 1.920310e+04 2.866791e+04  
1.514819e-02 7.723055e+03 1.416482e+04 1.921946e+04 2.869124e+04  
1.535935e-02 7.728577e+03 1.417445e+04 1.923206e+04 2.870892e+04  
1.557345e-02 7.732556e+03 1.418126e+04 1.924079e+04 2.872084e+04  
1.579053e-02 7.734962e+03 1.418516e+04 1.924560e+04 2.872686e+04  
1.601064e-02 7.735765e+03 1.418612e+04 1.924639e+04 2.872690e+04  
1.623382e-02 7.734938e+03 1.418408e+04 1.924312e+04 2.872084e+04  
1.646012e-02 7.732455e+03 1.417900e+04 1.923570e+04 2.870859e+04  
1.668956e-02 7.728291e+03 1.417083e+04 1.922409e+04 2.869006e+04  
1.692220e-02 7.722422e+03 1.415952e+04 1.920822e+04 2.866517e+04  
1.715809e-02 7.714826e+03 1.414505e+04 1.918804e+04 2.863384e+04  
1.739726e-02 7.705483e+03 1.412736e+04 1.916349e+04 2.859599e+04  
1.763977e-02 7.694366e+03 1.410641e+04 1.913452e+04 2.855152e+04  
1.788566e-02 7.681450e+03 1.408216e+04 1.910107e+04 2.850035e+04  
1.813498e-02 7.666712e+03 1.405456e+04 1.906307e+04 2.844239e+04  
1.838777e-02 7.650128e+03 1.402357e+04 1.902046e+04 2.837755e+04  
1.864409e-02 7.631677e+03 1.398916e+04 1.897321e+04 2.830577e+04  
1.890397e-02 7.611342e+03 1.395128e+04 1.892126e+04 2.822697e+04  
1.916748e-02 7.589106e+03 1.390992e+04 1.886457e+04 2.814111e+04  
1.943467e-02 7.564952e+03 1.386504e+04 1.880311e+04 2.804811e+04  
1.970558e-02 7.538866e+03 1.381661e+04 1.873683e+04 2.794794e+04  
1.998026e-02 7.510833e+03 1.376462e+04 1.866572e+04 2.784054e+04  
2.025878e-02 7.480846e+03 1.370904e+04 1.858974e+04 2.772588e+04  
2.054117e-02 7.448895e+03 1.364986e+04 1.850888e+04 2.760394e+04  
2.082751e-02 7.414979e+03 1.358708e+04 1.842313e+04 2.747471e+04  
2.111783e-02 7.379096e+03 1.352069e+04 1.833249e+04 2.733819e+04  
2.141220e-02 7.341245e+03 1.345070e+04 1.823697e+04 2.719439e+04  
2.171068e-02 7.301428e+03 1.337711e+04 1.813656e+04 2.704331e+04  
2.201331e-02 7.259647e+03 1.329993e+04 1.803128e+04 2.688496e+04  
2.232016e-02 7.215910e+03 1.321916e+04 1.792115e+04 2.671938e+04  
2.263130e-02 7.170229e+03 1.313483e+04 1.780619e+04 2.654662e+04  
2.294676e-02 7.122620e+03 1.304698e+04 1.768646e+04 2.636674e+04  
2.326663e-02 7.073103e+03 1.295564e+04 1.756200e+04 2.617982e+04  
2.359095e-02 7.021702e+03 1.286085e+04 1.743288e+04 2.598596e+04  
2.391980e-02 6.968433e+03 1.276265e+04 1.729913e+04 2.578522e+04  
2.425323e-02 6.913321e+03 1.266109e+04 1.716082e+04 2.557768e+04  
2.459130e-02 6.856390e+03 1.255620e+04 1.701802e+04 2.536347e+04  
2.493409e-02 6.797676e+03 1.244805e+04 1.687081e+04 2.514270e+04  
2.528166e-02 6.737215e+03 1.233672e+04 1.671930e+04 2.491552e+04  
2.563407e-02 6.675052e+03 1.222229e+04 1.656358e+04 2.468209e+04  
2.599140e-02 6.611237e+03 1.210484e+04 1.640379e+04 2.444262e+04  
2.635371e-02 6.545810e+03 1.198446e+04 1.624003e+04 2.419725e+04  
2.672106e-02 6.478820e+03 1.186123e+04 1.607243e+04 2.394616e+04  
2.709354e-02 6.410317e+03 1.173524e+04 1.590110e+04 2.368956e+04  
2.747121e-02 6.340362e+03 1.160662e+04 1.572621e+04 2.342767e+04  
2.785414e-02 6.269020e+03 1.147548e+04 1.554793e+04 2.316073e+04  
2.824241e-02 6.196366e+03 1.134195e+04 1.536642e+04 2.288903e+04  
2.863610e-02 6.122480e+03 1.120619e+04 1.518190e+04 2.261286e+04  
2.903527e-02 6.047430e+03 1.106832e+04 1.499455e+04 2.233249e+04  
2.944000e-02 5.971287e+03 1.092848e+04 1.480453e+04 2.204818e+04  
2.985038e-02 5.894126e+03 1.078679e+04 1.461203e+04 2.176021e+04  
3.026648e-02 5.816032e+03 1.064342e+04 1.441727e+04 2.146890e+04  
3.068838e-02 5.737095e+03 1.049853e+04 1.422047e+04 2.117459e+04  
3.111616e-02 5.657415e+03 1.035231e+04 1.402189e+04 2.087765e+04  
3.154990e-02 5.577102e+03 1.020496e+04 1.382179e+04 2.057848e+04  
3.198969e-02 5.496249e+03 1.005664e+04 1.362041e+04 2.027745e+04  
3.243561e-02 5.414943e+03 9.907523e+03 1.341797e+04 1.997486e+04  
3.288774e-02 5.333276e+03 9.757773e+03 1.321468e+04 1.967106e+04  
3.334618e-02 5.251348e+03 9.607572e+03 1.301081e+04 1.936643e+04  
3.381101e-02 5.169265e+03 9.457117e+03 1.280662e+04 1.906135e+04  
3.428231e-02 5.087144e+03 9.306619e+03 1.260239e+04 1.875627e+04  
3.476019e-02 5.005108e+03 9.156305e+03 1.239844e+04 1.845162e+04  
3.524473e-02 4.923273e+03 9.006388e+03 1.219504e+04 1.814785e+04  
3.573602e-02 4.841739e+03 8.857048e+03 1.199245e+04 1.784532e+04  
3.623416e-02 4.760610e+03 8.708475e+03 1.179091e+04 1.754442e+04  
3.673925e-02 4.679994e+03 8.560869e+03 1.159072e+04 1.724554e+04  
3.725137e-02 4.600010e+03 8.414444e+03 1.139214e+04 1.694912e+04  
3.777064e-02 4.520783e+03 8.269426e+03 1.119549e+04 1.665562e+04  
3.829714e-02 4.442444e+03 8.126058e+03 1.100110e+04 1.636552e+04  
3.883098e-02 4.365113e+03 7.984558e+03 1.080925e+04 1.607926e+04  
3.937226e-02 4.288863e+03 7.845054e+03 1.062013e+04 1.579710e+04  
3.992109e-02 4.213754e+03 7.707659e+03 1.043389e+04 1.551927e+04  
4.047757e-02 4.139853e+03 7.572493e+03 1.025069e+04 1.524601e+04  
4.104181e-02 4.067225e+03 7.439673e+03 1.007068e+04 1.497755e+04  
4.161391e-02 3.995939e+03 7.309324e+03 9.894034e+03 1.471415e+04  
4.219398e-02 3.926065e+03 7.181572e+03 9.720925e+03 1.445606e+04  
4.278214e-02 3.857676e+03 7.056553e+03 9.551533e+03 1.420354e+04  
4.337850e-02 3.790870e+03 6.934438e+03 9.386091e+03 1.395695e+04  
4.398317e-02 3.725753e+03 6.815421e+03 9.224858e+03 1.371667e+04  
4.459628e-02 3.662434e+03 6.699701e+03 9.068102e+03 1.348310e+04  
4.521792e-02 3.601030e+03 6.587483e+03 8.916101e+03 1.325666e+04  
4.584824e-02 3.541659e+03 6.478985e+03 8.769147e+03 1.303777e+04  
4.648734e-02 3.484446e+03 6.374430e+03 8.627540e+03 1.282688e+04  
4.713535e-02 3.429493e+03 6.274002e+03 8.491526e+03 1.262436e+04  
4.779239e-02 3.376798e+03 6.177690e+03 8.361092e+03 1.243020e+04  
4.845859e-02 3.326322e+03 6.085428e+03 8.236145e+03 1.224424e+04  
4.913407e-02 3.278022e+03 5.997130e+03 8.116570e+03 1.206632e+04  
4.981898e-02 3.231843e+03 5.912697e+03 8.002228e+03 1.189624e+04  
5.051342e-02 3.187721e+03 5.832007e+03 7.892957e+03 1.173374e+04  
5.121755e-02 3.145583e+03 5.754929e+03 7.788579e+03 1.157858e+04  
5.193150e-02 3.105386e+03 5.681380e+03 7.688977e+03 1.143057e+04  
5.265540e-02 3.067096e+03 5.611297e+03 7.594068e+03 1.128959e+04  
5.338938e-02 3.030673e+03 5.544604e+03 7.503749e+03 1.115548e+04  
5.413360e-02 2.996069e+03 5.481212e+03 7.417896e+03 1.102807e+04  
5.488820e-02 2.963227e+03 5.421016e+03 7.336367e+03 1.090715e+04  
5.565331e-02 2.932079e+03 5.363888e+03 7.258989e+03 1.079245e+04  
5.642908e-02 2.902537e+03 5.309669e+03 7.185545e+03 1.068366e+04  
5.721568e-02 2.874501e+03 5.258171e+03 7.115782e+03 1.058040e+04  
5.801323e-02 2.847854e+03 5.209185e+03 7.049418e+03 1.048225e+04  
5.882190e-02 2.822471e+03 5.162479e+03 6.986137e+03 1.038875e+04  
5.964185e-02 2.798210e+03 5.117796e+03 6.925593e+03 1.029938e+04  
6.047322e-02 2.774919e+03 5.074861e+03 6.867415e+03 1.021359e+04  
6.131619e-02 2.752439e+03 5.033382e+03 6.811211e+03 1.013080e+04  
6.217090e-02 2.730592e+03 4.993039e+03 6.756546e+03 1.005037e+04  
6.303753e-02 2.709184e+03 4.953482e+03 6.702950e+03 9.971592e+03  
6.391624e-02 2.688006e+03 4.914332e+03 6.649913e+03 9.893713e+03  
6.480720e-02 2.666869e+03 4.875248e+03 6.596976e+03 9.816049e+03  
6.571058e-02 2.645595e+03 4.835912e+03 6.543712e+03 9.737963e+03  
6.662655e-02 2.623994e+03 4.795981e+03 6.489657e+03 9.658766e+03  
6.755528e-02 2.601857e+03 4.755084e+03 6.434314e+03 9.577716e+03  
6.849697e-02 2.578973e+03 4.712838e+03 6.377170e+03 9.494045e+03  
6.945178e-02 2.555163e+03 4.668928e+03 6.317799e+03 9.407118e+03  
7.041990e-02 2.530250e+03 4.623039e+03 6.255781e+03 9.316303e+03  
7.140151e-02 2.504046e+03 4.574837e+03 6.190664e+03 9.220925e+03  
7.239681e-02 2.476353e+03 4.523968e+03 6.121976e+03 9.120272e+03  
7.340598e-02 2.447020e+03 4.470171e+03 6.049366e+03 9.013814e+03  
7.442922e-02 2.415945e+03 4.413264e+03 5.972592e+03 8.901184e+03  
7.546673e-02 2.383020e+03 4.353061e+03 5.891404e+03 8.782003e+03  
7.651869e-02 2.348135e+03 4.289370e+03 5.805543e+03 8.655875e+03  
7.758532e-02 2.311232e+03 4.222094e+03 5.714883e+03 8.522602e+03  
7.866682e-02 2.272325e+03 4.151263e+03 5.619465e+03 8.382239e+03  
7.976339e-02 2.231436e+03 4.076923e+03 5.519353e+03 8.234871e+03  
8.087525e-02 2.188597e+03 3.999135e+03 5.414628e+03 8.080616e+03  
8.200261e-02 2.143890e+03 3.918054e+03 5.305500e+03 7.919779e+03  
8.314568e-02 2.097455e+03 3.833933e+03 5.192310e+03 7.752862e+03  
8.430468e-02 2.049445e+03 3.747051e+03 5.075437e+03 7.580429e+03  
8.547985e-02 2.000036e+03 3.657725e+03 4.955304e+03 7.403109e+03  
8.667139e-02 1.949442e+03 3.566340e+03 4.832432e+03 7.221676e+03  
8.787954e-02 1.897907e+03 3.473333e+03 4.707409e+03 7.037011e+03  
8.910453e-02 1.845697e+03 3.379183e+03 4.580877e+03 6.850073e+03  
9.034660e-02 1.793094e+03 3.284393e+03 4.453513e+03 6.661876e+03  
9.160598e-02 1.740391e+03 3.189485e+03 4.326019e+03 6.473469e+03  
9.288292e-02 1.687904e+03 3.095022e+03 4.199150e+03 6.285987e+03  
9.417766e-02 1.635974e+03 3.001610e+03 4.073722e+03 6.100649e+03  
9.549045e-02 1.584944e+03 2.909859e+03 3.950549e+03 5.918677e+03  
9.682153e-02 1.535112e+03 2.820295e+03 3.830342e+03 5.741133e+03  
9.817117e-02 1.486789e+03 2.733468e+03 3.713832e+03 5.569116e+03  
9.953962e-02 1.440304e+03 2.649964e+03 3.601807e+03 5.403800e+03  
1.009272e-01 1.395960e+03 2.570313e+03 3.494975e+03 5.246249e+03  
1.023340e-01 1.353964e+03 2.494879e+03 3.393822e+03 5.097184e+03  
1.037605e-01 1.314518e+03 2.424018e+03 3.298822e+03 4.957317e+03  
1.052069e-01 1.277834e+03 2.358097e+03 3.210468e+03 4.827380e+03  
1.066734e-01 1.244033e+03 2.297330e+03 3.129038e+03 4.707793e+03  
1.081604e-01 1.213142e+03 2.241754e+03 3.054582e+03 4.598625e+03  
1.096681e-01 1.185175e+03 2.191389e+03 2.987123e+03 4.499915e+03  
1.111968e-01 1.160124e+03 2.146212e+03 2.926628e+03 4.411614e+03  
1.127468e-01 1.137883e+03 2.106030e+03 2.872835e+03 4.333334e+03  
1.143184e-01 1.118306e+03 2.070576e+03 2.825385e+03 4.264544e+03  
1.159120e-01 1.101227e+03 2.039550e+03 2.783872e+03 4.204643e+03  
1.175277e-01 1.086431e+03 2.012564e+03 2.747776e+03 4.152861e+03  
1.191660e-01 1.073655e+03 1.989148e+03 2.716467e+03 4.108262e+03  
1.208271e-01 1.062610e+03 1.968785e+03 2.689252e+03 4.069818e+03  
1.225114e-01 1.052975e+03 1.950905e+03 2.665366e+03 4.036392e+03  
1.242191e-01 1.044397e+03 1.934881e+03 2.643971e+03 4.006732e+03  
1.259506e-01 1.036489e+03 1.920030e+03 2.624152e+03 3.979471e+03  
1.277063e-01 1.028852e+03 1.905646e+03 2.604964e+03 3.953189e+03  
1.294865e-01 1.021083e+03 1.891025e+03 2.585463e+03 3.926468e+03  
1.312915e-01 1.012755e+03 1.875416e+03 2.564645e+03 3.897786e+03  
1.331216e-01 1.003466e+03 1.858118e+03 2.541571e+03 3.865719e+03  
1.349772e-01 9.928900e+02 1.838566e+03 2.515483e+03 3.829108e+03  
1.368587e-01 9.806918e+02 1.816178e+03 2.485598e+03 3.786754e+03  
1.387665e-01 9.666331e+02 1.790542e+03 2.451367e+03 3.737808e+03  
1.407008e-01 9.505974e+02 1.761464e+03 2.412527e+03 3.681852e+03  
1.426621e-01 9.324840e+02 1.728775e+03 2.368851e+03 3.618527e+03  
1.446507e-01 9.123276e+02 1.692542e+03 2.320432e+03 3.547956e+03  
1.466671e-01 8.902477e+02 1.652983e+03 2.267557e+03 3.470570e+03  
1.487115e-01 8.664092e+02 1.610390e+03 2.210622e+03 3.386962e+03  
1.507845e-01 8.410901e+02 1.565254e+03 2.150286e+03 3.298130e+03  
1.528864e-01 8.146147e+02 1.518144e+03 2.087314e+03 3.205239e+03  
1.550175e-01 7.873736e+02 1.469745e+03 2.022622e+03 3.109687e+03  
1.571784e-01 7.598242e+02 1.420853e+03 1.957283e+03 3.013104e+03  
1.593694e-01 7.324503e+02 1.372312e+03 1.892424e+03 2.917210e+03  
1.615909e-01 7.057330e+02 1.324958e+03 1.829165e+03 2.823703e+03  
1.638434e-01 6.801700e+02 1.279654e+03 1.768659e+03 2.734332e+03  
1.661273e-01 6.561632e+02 1.237095e+03 1.711835e+03 2.650499e+03  
1.684430e-01 6.340627e+02 1.197885e+03 1.659495e+03 2.573414e+03  
1.707910e-01 6.141260e+02 1.162466e+03 1.612227e+03 2.503957e+03  
1.731717e-01 5.964771e+02 1.131047e+03 1.570305e+03 2.442537e+03  
1.755856e-01 5.811744e+02 1.103721e+03 1.533852e+03 2.389336e+03  
1.780332e-01 5.681308e+02 1.080331e+03 1.502653e+03 2.344029e+03  
1.805149e-01 5.572090e+02 1.060631e+03 1.476377e+03 2.306121e+03  
1.830312e-01 5.481906e+02 1.044236e+03 1.454511e+03 2.274839e+03  
1.855825e-01 5.408104e+02 1.030680e+03 1.436432e+03 2.249256e+03  
1.881694e-01 5.347317e+02 1.019375e+03 1.421356e+03 2.228193e+03  
1.907924e-01 5.295681e+02 1.009651e+03 1.408388e+03 2.210306e+03  
1.934520e-01 5.248781e+02 1.000742e+03 1.396508e+03 2.194055e+03  
1.961486e-01 5.201845e+02 9.918263e+02 1.384618e+03 2.177776e+03  
1.988828e-01 5.150259e+02 9.821102e+02 1.371659e+03 2.159854e+03  
2.016551e-01 5.089587e+02 9.708338e+02 1.356614e+03 2.138736e+03  
2.044661e-01 5.016679e+02 9.574609e+02 1.338766e+03 2.113317e+03  
2.073162e-01 4.929212e+02 9.415981e+02 1.317588e+03 2.082781e+03  
2.102061e-01 4.826605e+02 9.231522e+02 1.292956e+03 2.046929e+03  
2.131362e-01 4.709347e+02 9.022133e+02 1.264992e+03 2.005942e+03  
2.161073e-01 4.579423e+02 8.791273e+02 1.234159e+03 1.960528e+03  
2.191197e-01 4.439643e+02 8.543802e+02 1.201108e+03 1.911689e+03  
2.221741e-01 4.293616e+02 8.285928e+02 1.166672e+03 1.860700e+03  
2.252711e-01 4.145442e+02 8.024680e+02 1.131791e+03 1.809004e+03  
2.284112e-01 3.999502e+02 7.767550e+02 1.097466e+03 1.758129e+03  
2.315951e-01 3.859943e+02 7.521608e+02 1.064637e+03 1.709507e+03  
2.348235e-01 3.730464e+02 7.293133e+02 1.034142e+03 1.664404e+03  
2.380968e-01 3.613945e+02 7.086997e+02 1.006623e+03 1.623790e+03  
2.414157e-01 3.512091e+02 6.906048e+02 9.824564e+02 1.588225e+03  
2.447809e-01 3.425528e+02 6.751297e+02 9.617730e+02 1.557899e+03  
2.481930e-01 3.353612e+02 6.621580e+02 9.444150e+02 1.532569e+03  
2.516527e-01 3.294574e+02 6.513834e+02 9.299729e+02 1.511615e+03  
2.551606e-01 3.245641e+02 6.423300e+02 9.178137e+02 1.494082e+03  
2.587174e-01 3.203299e+02 6.343981e+02 9.071401e+02 1.478765e+03  
2.623238e-01 3.163685e+02 6.269310e+02 8.970798e+02 1.464346e+03  
2.659804e-01 3.122916e+02 6.192715e+02 8.867590e+02 1.449500e+03  
2.696881e-01 3.077652e+02 6.108565e+02 8.754298e+02 1.433091e+03  
2.734474e-01 3.025449e+02 6.012759e+02 8.625468e+02 1.414286e+03  
2.772591e-01 2.964891e+02 5.902949e+02 8.477991e+02 1.392614e+03  
2.811239e-01 2.895743e+02 5.778782e+02 8.311409e+02 1.368006e+03  
2.850426e-01 2.819027e+02 5.642025e+02 8.128093e+02 1.340828e+03  
2.890160e-01 2.736882e+02 5.496312e+02 7.932898e+02 1.311823e+03  
2.930447e-01 2.652273e+02 5.346652e+02 7.732494e+02 1.282010e+03  
2.971296e-01 2.568504e+02 5.198603e+02 7.534260e+02 1.252512e+03  
3.012714e-01 2.488765e+02 5.057509e+02 7.345277e+02 1.224397e+03  
3.054710e-01 2.415604e+02 4.927615e+02 7.171144e+02 1.198506e+03  
3.097291e-01 2.350629e+02 4.811576e+02 7.015346e+02 1.175358e+03  
3.140465e-01 2.294426e+02 4.710332e+02 6.879093e+02 1.155126e+03  
3.184242e-01 2.246551e+02 4.623094e+02 6.761313e+02 1.137643e+03  
3.228628e-01 2.205484e+02 4.547285e+02 6.658587e+02 1.122392e+03  
3.273634e-01 2.168974e+02 4.479126e+02 6.565911e+02 1.108620e+03  
3.319266e-01 2.134396e+02 4.414229e+02 6.477495e+02 1.095458e+03  
3.365535e-01 2.099175e+02 4.348311e+02 6.387687e+02 1.082057e+03  
3.412449e-01 2.061230e+02 4.277928e+02 6.291953e+02 1.067740e+03  
3.460016e-01 2.019273e+02 4.200967e+02 6.187517e+02 1.052093e+03  
3.508247e-01 1.973004e+02 4.116962e+02 6.073785e+02 1.035032e+03  
3.557150e-01 1.923163e+02 4.027160e+02 5.952419e+02 1.016811e+03  
3.606735e-01 1.871348e+02 3.934229e+02 5.826949e+02 9.979643e+02  
3.657011e-01 1.819580e+02 3.841513e+02 5.701783e+02 9.791534e+02  
3.707988e-01 1.769807e+02 3.752216e+02 5.581130e+02 9.610058e+02  
3.759675e-01 1.723580e+02 3.668879e+02 5.468312e+02 9.440124e+02  
3.812083e-01 1.681863e+02 3.593062e+02 5.365353e+02 9.284685e+02  
3.865221e-01 1.644886e+02 3.525111e+02 5.272685e+02 9.144319e+02  
3.919100e-01 1.611994e+02 3.463925e+02 5.188846e+02 9.016816e+02  
3.973730e-01 1.581831e+02 3.407266e+02 5.110898e+02 8.897809e+02  
4.029122e-01 1.552734e+02 3.352402e+02 5.035269e+02 8.782018e+02  
4.085286e-01 1.523276e+02 3.297007e+02 4.958922e+02 8.664984e+02  
4.142232e-01 1.492447e+02 3.239446e+02 4.879732e+02 8.543604e+02  
4.199973e-01 1.459851e+02 3.179089e+02 4.796894e+02 8.416737e+02  
4.258518e-01 1.425685e+02 3.116273e+02 4.710858e+02 8.285088e+02  
4.317880e-01 1.390822e+02 3.052424e+02 4.623494e+02 8.151431e+02  
4.378069e-01 1.356463e+02 2.989493e+02 4.537341e+02 8.019489e+02  
4.439097e-01 1.323664e+02 2.929178e+02 4.454599e+02 7.892459e+02  
4.500975e-01 1.293113e+02 2.872579e+02 4.376683e+02 7.772367e+02  
4.563716e-01 1.265037e+02 2.820041e+02 4.304025e+02 7.659798e+02  
4.627332e-01 1.239154e+02 2.771096e+02 4.236007e+02 7.553826e+02  
4.691835e-01 1.214757e+02 2.724595e+02 4.171137e+02 7.452276e+02  
4.757236e-01 1.190909e+02 2.679033e+02 4.107470e+02 7.352349e+02  
4.823549e-01 1.166892e+02 2.633264e+02 4.043534e+02 7.251943e+02  
4.890787e-01 1.142356e+02 2.586737e+02 3.978626e+02 7.150079e+02  
4.958962e-01 1.117308e+02 2.539468e+02 3.912779e+02 7.046828e+02  
5.028087e-01 1.092137e+02 2.492086e+02 3.846804e+02 6.943367e+02  
5.098176e-01 1.067452e+02 2.445554e+02 3.781938e+02 6.841462e+02  
5.169242e-01 1.043812e+02 2.400754e+02 3.719304e+02 6.742689e+02  
5.241298e-01 1.021435e+02 2.358021e+02 3.659323e+02 6.647624e+02  
5.314359e-01 1.000368e+02 2.317418e+02 3.602069e+02 6.556344e+02  
5.388438e-01 9.802862e+01 2.278426e+02 3.546871e+02 6.467897e+02  
5.463550e-01 9.607272e+01 2.240315e+02 3.492801e+02 6.380983e+02  
5.539709e-01 9.413085e+01 2.202486e+02 3.439102e+02 6.294553e+02  
5.616930e-01 9.218941e+01 2.164731e+02 3.385512e+02 6.208260e+02  
5.695227e-01 9.024761e+01 2.127039e+02 3.332024e+02 6.122107e+02  
5.774615e-01 8.833168e+01 2.089821e+02 3.279157e+02 6.036815e+02  
5.855110e-01 8.647170e+01 2.053539e+02 3.227493e+02 5.953179e+02  
5.936727e-01 8.468144e+01 2.018403e+02 3.177290e+02 5.871541e+02  
6.019482e-01 8.296625e+01 1.984488e+02 3.128639e+02 5.792013e+02  
6.103390e-01 8.131484e+01 1.951616e+02 3.081313e+02 5.714277e+02  
6.188468e-01 7.970222e+01 1.919401e+02 3.034827e+02 5.637679e+02  
6.274732e-01 7.811289e+01 1.887605e+02 2.988888e+02 5.561828e+02  
6.362198e-01 7.654139e+01 1.856145e+02 2.943393e+02 5.486595e+02  
6.450884e-01 7.499175e+01 1.825084e+02 2.898422e+02 5.412089e+02  
6.540806e-01 7.347672e+01 1.794613e+02 2.854210e+02 5.338622e+02  
6.631981e-01 7.200825e+01 1.764911e+02 2.810976e+02 5.266474e+02  
6.724427e-01 7.058626e+01 1.735972e+02 2.768711e+02 5.195628e+02  
6.818162e-01 6.920414e+01 1.707694e+02 2.727288e+02 5.125913e+02  
6.913204e-01 6.785455e+01 1.679965e+02 2.686568e+02 5.057150e+02  
7.009570e-01 6.653015e+01 1.652675e+02 2.646416e+02 4.989166e+02  
7.107280e-01 6.522991e+01 1.625809e+02 2.606815e+02 4.921938e+02  
7.206351e-01 6.395685e+01 1.599409e+02 2.567815e+02 4.855533e+02  
7.306804e-01 6.271420e+01 1.573521e+02 2.529473e+02 4.790017e+02  
7.408657e-01 6.150408e+01 1.548176e+02 2.491821e+02 4.725431e+02  
7.511929e-01 6.032463e+01 1.523342e+02 2.454823e+02 4.661724e+02  
7.616642e-01 5.917296e+01 1.498978e+02 2.418426e+02 4.598830e+02  
7.722814e-01 5.804598e+01 1.475035e+02 2.382574e+02 4.536677e+02  
7.830465e-01 5.694223e+01 1.451493e+02 2.347239e+02 4.475235e+02  
7.939618e-01 5.586217e+01 1.428356e+02 2.312429e+02 4.414507e+02  
8.050292e-01 5.480631e+01 1.405630e+02 2.278148e+02 4.354502e+02  
8.162509e-01 5.377503e+01 1.383320e+02 2.244401e+02 4.295221e+02  
8.276289e-01 5.276761e+01 1.361413e+02 2.211174e+02 4.236645e+02  
8.391656e-01 5.178285e+01 1.339892e+02 2.178443e+02 4.178746e+02  
8.508632e-01 5.081941e+01 1.318735e+02 2.146185e+02 4.121495e+02  
8.627237e-01 4.987628e+01 1.297929e+02 2.114382e+02 4.064870e+02  
8.747496e-01 4.895327e+01 1.277468e+02 2.083028e+02 4.008865e+02  
8.869432e-01 4.805022e+01 1.257349e+02 2.052120e+02 3.953473e+02  
8.993067e-01 4.716692e+01 1.237569e+02 2.021651e+02 3.898686e+02  
9.118425e-01 4.630295e+01 1.218121e+02 1.991613e+02 3.844493e+02  
9.245531e-01 4.545771e+01 1.198994e+02 1.961994e+02 3.790882e+02  
9.374409e-01 4.463050e+01 1.180179e+02 1.932783e+02 3.737836e+02  
9.505083e-01 4.382065e+01 1.161664e+02 1.903966e+02 3.685341e+02  
9.637579e-01 4.302776e+01 1.143444e+02 1.875536e+02 3.633390e+02  
9.771921e-01 4.225143e+01 1.125513e+02 1.847486e+02 3.581970e+02  
9.908137e-01 4.149124e+01 1.107863e+02 1.819808e+02 3.531078e+02  
1.004625e+00 4.074676e+01 1.090488e+02 1.792494e+02 3.480699e+02  
1.018629e+00 4.001766e+01 1.073383e+02 1.765537e+02 3.430829e+02  
1.032828e+00 3.930353e+01 1.056541e+02 1.738930e+02 3.381458e+02  
1.047225e+00 3.860395e+01 1.039956e+02 1.712665e+02 3.332578e+02  
1.061823e+00 3.791853e+01 1.023621e+02 1.686736e+02 3.284182e+02  
1.076624e+00 3.724692e+01 1.007532e+02 1.661136e+02 3.236263e+02  
1.091632e+00 3.658869e+01 9.916828e+01 1.635859e+02 3.188815e+02  
1.106848e+00 3.594346e+01 9.760665e+01 1.610897e+02 3.141827e+02  
1.122277e+00 3.531097e+01 9.606795e+01 1.586246e+02 3.095298e+02  
1.137921e+00 3.469094e+01 9.455176e+01 1.561901e+02 3.049222e+02  
1.153783e+00 3.408306e+01 9.305760e+01 1.537857e+02 3.003594e+02  
1.169866e+00 3.348703e+01 9.158502e+01 1.514109e+02 2.958407e+02  
1.186174e+00 3.290255e+01 9.013358e+01 1.490651e+02 2.913659e+02  
1.202708e+00 3.232928e+01 8.870278e+01 1.467479e+02 2.869344e+02  
1.219473e+00 3.176688e+01 8.729214e+01 1.444586e+02 2.825456e+02  
1.236472e+00 3.121509e+01 8.590130e+01 1.421970e+02 2.781993e+02  
1.253708e+00 3.067370e+01 8.452992e+01 1.399625e+02 2.738951e+02  
1.271184e+00 3.014244e+01 8.317761e+01 1.377549e+02 2.696326e+02  
1.288904e+00 2.962106e+01 8.184401e+01 1.355737e+02 2.654116e+02  
1.306870e+00 2.910934e+01 8.052880e+01 1.334186e+02 2.612318e+02  
1.325087e+00 2.860703e+01 7.923164e+01 1.312892e+02 2.570928e+02  
1.343558e+00 2.811388e+01 7.795217e+01 1.291851e+02 2.529945e+02  
1.362287e+00 2.762967e+01 7.669007e+01 1.271060e+02 2.489364e+02  
1.381276e+00 2.715421e+01 7.544507e+01 1.250516e+02 2.449186e+02  
1.400531e+00 2.668727e+01 7.421686e+01 1.230216e+02 2.409407e+02  
1.420053e+00 2.622863e+01 7.300515e+01 1.210156e+02 2.370025e+02  
1.439848e+00 2.577812e+01 7.180968e+01 1.190335e+02 2.331039e+02  
1.459919e+00 2.533556e+01 7.063020e+01 1.170749e+02 2.292448e+02  
1.480269e+00 2.490073e+01 6.946642e+01 1.151396e+02 2.254249e+02  
1.500903e+00 2.447346e+01 6.831810e+01 1.132273e+02 2.216442e+02  
1.521825e+00 2.405358e+01 6.718502e+01 1.113378e+02 2.179026e+02  
1.543038e+00 2.364093e+01 6.606694e+01 1.094708e+02 2.141998e+02  
1.564548e+00 2.323531e+01 6.496363e+01 1.076262e+02 2.105359e+02  
1.586357e+00 2.283659e+01 6.387489e+01 1.058036e+02 2.069108e+02  
1.608469e+00 2.244463e+01 6.280052e+01 1.040029e+02 2.033244e+02  
1.630891e+00 2.205926e+01 6.174033e+01 1.022240e+02 1.997766e+02  
1.653624e+00 2.168035e+01 6.069410e+01 1.004666e+02 1.962673e+02  
1.676675e+00 2.130776e+01 5.966166e+01 9.873045e+01 1.927966e+02  
1.700047e+00 2.094134e+01 5.864282e+01 9.701547e+01 1.893643e+02  
1.723745e+00 2.058094e+01 5.763738e+01 9.532144e+01 1.859705e+02  
1.747773e+00 2.022643e+01 5.664519e+01 9.364819e+01 1.826151e+02  
1.772136e+00 1.987770e+01 5.566609e+01 9.199557e+01 1.792980e+02  
1.796838e+00 1.953464e+01 5.469992e+01 9.036342e+01 1.760193e+02  
1.821885e+00 1.919713e+01 5.374652e+01 8.875158e+01 1.727789e+02  
1.847281e+00 1.886505e+01 5.280576e+01 8.715992e+01 1.695769e+02  
1.873032e+00 1.853830e+01 5.187748e+01 8.558827e+01 1.664131e+02  
1.899141e+00 1.821676e+01 5.096153e+01 8.403650e+01 1.632876e+02  
1.925614e+00 1.790031e+01 5.005778e+01 8.250446e+01 1.602003e+02  
1.952456e+00 1.758887e+01 4.916609e+01 8.099203e+01 1.571513e+02  
1.979672e+00 1.728236e+01 4.828635e+01 7.949906e+01 1.541406e+02  
2.007267e+00 1.698065e+01 4.741842e+01 7.802544e+01 1.511680e+02  
2.035248e+00 1.668368e+01 4.656218e+01 7.657104e+01 1.482336e+02  
2.063618e+00 1.639134e+01 4.571752e+01 7.513573e+01 1.453374e+02  
2.092383e+00 1.610356e+01 4.488430e+01 7.371939e+01 1.424792e+02  
2.121550e+00 1.582022e+01 4.406242e+01 7.232189e+01 1.396592e+02  
2.151123e+00 1.554127e+01 4.325176e+01 7.094313e+01 1.368772e+02  
2.181109e+00 1.526662e+01 4.245223e+01 6.958298e+01 1.341333e+02  
2.211512e+00 1.499620e+01 4.166370e+01 6.824133e+01 1.314273e+02  
2.242340e+00 1.472993e+01 4.088608e+01 6.691807e+01 1.287592e+02  
2.273597e+00 1.446774e+01 4.011926e+01 6.561309e+01 1.261290e+02  
2.305289e+00 1.420956e+01 3.936315e+01 6.432627e+01 1.235364e+02  
2.337424e+00 1.395533e+01 3.861765e+01 6.305750e+01 1.209815e+02  
2.370006e+00 1.370497e+01 3.788266e+01 6.180667e+01 1.184643e+02  
2.403043e+00 1.345843e+01 3.715808e+01 6.057368e+01 1.159845e+02  
2.436540e+00 1.321564e+01 3.644382e+01 5.935842e+01 1.135421e+02  
2.470504e+00 1.297653e+01 3.573979e+01 5.816077e+01 1.111370e+02  
2.504942e+00 1.274106e+01 3.504589e+01 5.698063e+01 1.087690e+02  
2.539859e+00 1.250916e+01 3.436205e+01 5.581789e+01 1.064380e+02  
2.575263e+00 1.228077e+01 3.368816e+01 5.467244e+01 1.041438e+02  
2.611161e+00 1.205585e+01 3.302414e+01 5.354417e+01 1.018863e+02  
2.647559e+00 1.183433e+01 3.236990e+01 5.243297e+01 9.966537e+01  
2.684465e+00 1.161618e+01 3.172537e+01 5.133874e+01 9.748074e+01  
2.721885e+00 1.140133e+01 3.109045e+01 5.026135e+01 9.533225e+01  
2.759826e+00 1.118974e+01 3.046505e+01 4.920071e+01 9.321970e+01  
2.798297e+00 1.098137e+01 2.984911e+01 4.815670e+01 9.114286e+01  
2.837304e+00 1.077617e+01 2.924253e+01 4.712920e+01 8.910153e+01  
2.876854e+00 1.057409e+01 2.864524e+01 4.611811e+01 8.709546e+01  
2.916956e+00 1.037509e+01 2.805714e+01 4.512330e+01 8.512442e+01  
2.957617e+00 1.017913e+01 2.747817e+01 4.414467e+01 8.318813e+01  
2.998844e+00 9.986158e+00 2.690823e+01 4.318209e+01 8.128634e+01  
3.040646e+00 9.796141e+00 2.634725e+01 4.223544e+01 7.941877e+01  
3.083031e+00 9.609040e+00 2.579515e+01 4.130460e+01 7.758515e+01  
3.126007e+00 9.424814e+00 2.525186e+01 4.038946e+01 7.578516e+01  
3.169582e+00 9.243424e+00 2.471728e+01 3.948988e+01 7.401852e+01  
3.213764e+00 9.064837e+00 2.419135e+01 3.860574e+01 7.228491e+01  
3.258562e+00 8.889015e+00 2.367398e+01 3.773692e+01 7.058402e+01  
3.303985e+00 8.715923e+00 2.316509e+01 3.688329e+01 6.891551e+01  
3.350041e+00 8.545525e+00 2.266461e+01 3.604470e+01 6.727905e+01  
3.396739e+00 8.377789e+00 2.217246e+01 3.522104e+01 6.567456e+01  
3.444087e+00 8.212680e+00 2.168856e+01 3.441217e+01 6.410094e+01  
3.492096e+00 8.050165e+00 2.121283e+01 3.361795e+01 6.255826e+01  
3.540774e+00 7.890212e+00 2.074520e+01 3.283824e+01 6.104684e+01  
3.590130e+00 7.732790e+00 2.028558e+01 3.207290e+01 5.956541e+01  
3.640175e+00 7.577868e+00 1.983390e+01 3.132179e+01 5.811390e+01  
3.690917e+00 7.425415e+00 1.939008e+01 3.058476e+01 5.669194e+01  
3.742366e+00 7.275402e+00 1.895405e+01 2.986167e+01 5.529914e+01  
3.794533e+00 7.127800e+00 1.852571e+01 2.915238e+01 5.393513e+01  
3.847427e+00 6.982579e+00 1.810500e+01 2.845673e+01 5.259953e+01  
3.901058e+00 6.839710e+00 1.769184e+01 2.777457e+01 5.129194e+01  
3.955436e+00 6.699167e+00 1.728614e+01 2.710575e+01 5.001197e+01  
4.010573e+00 6.560921e+00 1.688784e+01 2.645011e+01 4.875924e+01  
4.066478e+00 6.424945e+00 1.649684e+01 2.580749e+01 4.753334e+01  
4.123163e+00 6.291211e+00 1.611308e+01 2.517775e+01 4.633389e+01  
4.180637e+00 6.159693e+00 1.573647e+01 2.456071e+01 4.516049e+01  
4.238913e+00 6.030365e+00 1.536693e+01 2.395623e+01 4.401273e+01  
4.298001e+00 5.903200e+00 1.500438e+01 2.336414e+01 4.289023e+01  
4.357913e+00 5.778173e+00 1.464875e+01 2.278428e+01 4.179258e+01  
4.418660e+00 5.655259e+00 1.429994e+01 2.221648e+01 4.071938e+01  
4.480254e+00 5.534432e+00 1.395789e+01 2.166058e+01 3.967024e+01  
4.542706e+00 5.415668e+00 1.362251e+01 2.111641e+01 3.864476e+01  
4.606029e+00 5.298941e+00 1.329372e+01 2.058382e+01 3.764255e+01  
4.670234e+00 5.184228e+00 1.297144e+01 2.006263e+01 3.666320e+01  
4.735335e+00 5.071504e+00 1.265558e+01 1.955267e+01 3.570633e+01  
4.801343e+00 4.960744e+00 1.234607e+01 1.905378e+01 3.477150e+01  
4.868271e+00 4.851926e+00 1.204283e+01 1.856580e+01 3.373371e+01  
4.936132e+00 4.745026e+00 1.174577e+01 1.808855e+01 3.296667e+01  
5.004939e+00 4.640020e+00 1.145480e+01 1.762187e+01 3.209580e+01  
5.074705e+00 4.536885e+00 1.116986e+01 1.716559e+01 3.124547e+01  
5.145444e+00 4.435597e+00 1.089084e+01 1.671953e+01 3.041530e+01  
5.217169e+00 4.336135e+00 1.061769e+01 1.628355e+01 2.960490e+01  
5.289893e+00 4.238475e+00 1.035030e+01 1.585749e+01 2.881390e+01  
5.363631e+00 4.142594e+00 1.008860e+01 1.544109e+01 2.804194e+01  
5.438397e+00 4.048471e+00 9.832499e+00 1.503432e+01 2.728863e+01  
5.514206e+00 3.956082e+00 9.581923e+00 1.463693e+01 2.655363e+01  
5.591071e+00 3.865406e+00 9.336786e+00 1.424879e+01 2.583656e+01  
5.669007e+00 3.776421e+00 9.097005e+00 1.386971e+01 2.513707e+01  
5.748030e+00 3.689105e+00 8.862497e+00 1.349955e+01 2.445480e+01  
5.828155e+00 3.603436e+00 8.633180e+00 1.313814e+01 2.378940e+01  
5.909396e+00 3.519393e+00 8.408971e+00 1.278532e+01 2.314053e+01  
5.991770e+00 3.436953e+00 8.189787e+00 1.244093e+01 2.250785e+01  
6.075292e+00 3.356097e+00 7.975547e+00 1.210482e+01 2.189101e+01  
6.159978e+00 3.276802e+00 7.766170e+00 1.177682e+01 2.128949e+01  
6.245845e+00 3.199048e+00 7.561573e+00 1.145677e+01 2.070354e+01  
6.332908e+00 3.122813e+00 7.361676e+00 1.114454e+01 2.013225e+01  
6.421186e+00 3.048078e+00 7.166398e+00 1.083995e+01 1.957551e+01  
6.510694e+00 2.974820e+00 6.975659e+00 1.054287e+01 1.903299e+01  
6.601449e+00 2.903020e+00 6.789379e+00 1.025313e+01 1.850437e+01  
6.693470e+00 2.832658e+00 6.607479e+00 9.970602e+00 1.798936e+01  
6.786773e+00 2.763712e+00 6.429879e+00 9.695121e+00 1.748766e+01  
6.881377e+00 2.696163e+00 6.256500e+00 9.426565e+00 1.699895e+01  
6.977300e+00 2.629991e+00 6.087265e+00 9.164769e+00 1.652295e+01  
7.074559e+00 2.565175e+00 5.922096e+00 8.909599e+00 1.605938e+01  
7.173175e+00 2.501697e+00 5.760916e+00 8.660915e+00 1.560796e+01  
7.273165e+00 2.439536e+00 5.603648e+00 8.418580e+00 1.516837e+01  
7.374549e+00 2.378672e+00 5.450218e+00 8.182455e+00 1.474037e+01  
7.477346e+00 2.319087e+00 5.300551e+00 7.952408e+00 1.432369e+01  
7.581576e+00 2.260761e+00 5.154573e+00 7.728305e+00 1.416309e+01  
7.687260e+00 2.203675e+00 5.012208e+00 7.510012e+00 1.352323e+01  
7.794416e+00 2.147810e+00 4.873388e+00 7.297412e+00 1.313893e+01  
7.903066e+00 2.093146e+00 4.738039e+00 7.090366e+00 1.276491e+01  
8.013230e+00 2.039666e+00 4.606091e+00 6.888753e+00 1.240092e+01  
8.124930e+00 1.987350e+00 4.477473e+00 6.692450e+00 1.204674e+01  
8.238187e+00 1.936179e+00 4.352116e+00 6.501336e+00 1.170211e+01  
8.353023e+00 1.886136e+00 4.229950e+00 6.315293e+00 1.136680e+01  
8.469460e+00 1.837203e+00 4.110907e+00 6.134202e+00 1.104060e+01  
8.587519e+00 1.789360e+00 3.994922e+00 5.957948e+00 1.072326e+01  
8.707225e+00 1.742589e+00 3.881927e+00 5.786425e+00 1.041459e+01  
8.828599e+00 1.696874e+00 3.771858e+00 5.619501e+00 1.011435e+01  
8.951665e+00 1.652196e+00 3.664661e+00 5.457086e+00 9.822346e+00  
9.076446e+00 1.608537e+00 3.560245e+00 5.299068e+00 9.539714e+00  
9.202967e+00 1.565880e+00 3.458576e+00 5.145348e+00 9.262203e+00  
9.331251e+00 1.524207e+00 3.359583e+00 4.995803e+00 8.993667e+00  
9.461324e+00 1.483502e+00 3.263206e+00 4.850348e+00 8.732561e+00  
9.593209e+00 1.443746e+00 3.169386e+00 4.708901e+00 8.478698e+00  
9.726934e+00 1.404923e+00 3.078063e+00 4.571305e+00 8.231891e+00  
9.862522e+00 1.367017e+00 2.989179e+00 4.437507e+00 7.991959e+00  
1.000000e+01 1.330009e+00 2.902677e+00 4.307393e+00 7.758740e+00  
