1.000000e-02 5.074304e+03 9.258575e+03 1.253332e+04 1.871909e+04  
1.013939e-02 5.103061e+03 9.310857e+03 1.260390e+04 1.882404e+04  
1.028073e-02 5.131405e+03 9.362381e+03 1.267346e+04 1.892745e+04  
1.042404e-02 5.159319e+03 9.413117e+03 1.274194e+04 1.902924e+04  
1.056935e-02 5.186788e+03 9.463033e+03 1.280931e+04 1.912936e+04  
1.071668e-02 5.213793e+03 9.512099e+03 1.287552e+04 1.922774e+04  
1.086606e-02 5.240318e+03 9.560285e+03 1.294054e+04 1.932432e+04  
1.101753e-02 5.266346e+03 9.607558e+03 1.300431e+04 1.941904e+04  
1.117111e-02 5.291856e+03 9.653881e+03 1.306680e+04 1.951182e+04  
1.132683e-02 5.316828e+03 9.699217e+03 1.312794e+04 1.960259e+04  
1.148472e-02 5.341240e+03 9.743529e+03 1.318769e+04 1.969127e+04  
1.164481e-02 5.365073e+03 9.786776e+03 1.324600e+04 1.977778e+04  
1.180713e-02 5.388304e+03 9.828922e+03 1.330281e+04 1.986204e+04  
1.197171e-02 5.410913e+03 9.869926e+03 1.335807e+04 1.994398e+04  
1.213859e-02 5.432878e+03 9.909751e+03 1.341173e+04 2.002351e+04  
1.230780e-02 5.454180e+03 9.948359e+03 1.346374e+04 2.010058e+04  
1.247936e-02 5.474798e+03 9.985716e+03 1.351405e+04 2.017509e+04  
1.265332e-02 5.494714e+03 1.002179e+04 1.356261e+04 2.024698e+04  
1.282970e-02 5.513907e+03 1.005653e+04 1.360938e+04 2.031619e+04  
1.300854e-02 5.532360e+03 1.008992e+04 1.365430e+04 2.038263e+04  
1.318987e-02 5.550053e+03 1.012192e+04 1.369734e+04 2.044625e+04  
1.337373e-02 5.566967e+03 1.015250e+04 1.373844e+04 2.050697e+04  
1.356015e-02 5.583081e+03 1.018161e+04 1.377756e+04 2.056471e+04  
1.374917e-02 5.598372e+03 1.020921e+04 1.381463e+04 2.061938e+04  
1.394083e-02 5.612816e+03 1.023526e+04 1.384960e+04 2.067091e+04  
1.413516e-02 5.626390e+03 1.025972e+04 1.388241e+04 2.071921e+04  
1.433219e-02 5.639071e+03 1.028254e+04 1.391300e+04 2.076419e+04  
1.453198e-02 5.650836e+03 1.030369e+04 1.394132e+04 2.080577e+04  
1.473454e-02 5.661664e+03 1.032313e+04 1.396732e+04 2.084387e+04  
1.493993e-02 5.671531e+03 1.034081e+04 1.399093e+04 2.087841e+04  
1.514819e-02 5.680417e+03 1.035669e+04 1.401211e+04 2.090930e+04  
1.535935e-02 5.688301e+03 1.037074e+04 1.403081e+04 2.093648e+04  
1.557345e-02 5.695163e+03 1.038292e+04 1.404697e+04 2.095988e+04  
1.579053e-02 5.700984e+03 1.039320e+04 1.406055e+04 2.097941e+04  
1.601064e-02 5.705744e+03 1.040154e+04 1.407151e+04 2.099502e+04  
1.623382e-02 5.709426e+03 1.040791e+04 1.407979e+04 2.100663e+04  
1.646012e-02 5.712010e+03 1.041227e+04 1.408536e+04 2.101418e+04  
1.668956e-02 5.713477e+03 1.041460e+04 1.408816e+04 2.101759e+04  
1.692220e-02 5.713806e+03 1.041484e+04 1.408814e+04 2.101680e+04  
1.715809e-02 5.712981e+03 1.041297e+04 1.408527e+04 2.101174e+04  
1.739726e-02 5.710983e+03 1.040896e+04 1.407949e+04 2.100234e+04  
1.763977e-02 5.707796e+03 1.040278e+04 1.407077e+04 2.098855e+04  
1.788566e-02 5.703404e+03 1.039440e+04 1.405908e+04 2.097031e+04  
1.813498e-02 5.697792e+03 1.038379e+04 1.404436e+04 2.094756e+04  
1.838777e-02 5.690943e+03 1.037093e+04 1.402659e+04 2.092025e+04  
1.864409e-02 5.682843e+03 1.035578e+04 1.400573e+04 2.088832e+04  
1.890397e-02 5.673477e+03 1.033831e+04 1.398173e+04 2.085172e+04  
1.916748e-02 5.662831e+03 1.031852e+04 1.395458e+04 2.081041e+04  
1.943467e-02 5.650896e+03 1.029637e+04 1.392424e+04 2.076434e+04  
1.970558e-02 5.637661e+03 1.027185e+04 1.389069e+04 2.071349e+04  
1.998026e-02 5.623118e+03 1.024494e+04 1.385392e+04 2.065782e+04  
2.025878e-02 5.607258e+03 1.021563e+04 1.381389e+04 2.059730e+04  
2.054117e-02 5.590073e+03 1.018391e+04 1.377060e+04 2.053190e+04  
2.082751e-02 5.571559e+03 1.014976e+04 1.372402e+04 2.046162e+04  
2.111783e-02 5.551711e+03 1.011318e+04 1.367416e+04 2.038643e+04  
2.141220e-02 5.530528e+03 1.007417e+04 1.362101e+04 2.030634e+04  
2.171068e-02 5.508013e+03 1.003274e+04 1.356457e+04 2.022135e+04  
2.201331e-02 5.484168e+03 9.988874e+03 1.350486e+04 2.013148e+04  
2.232016e-02 5.458994e+03 9.942592e+03 1.344187e+04 2.003673e+04  
2.263130e-02 5.432494e+03 9.893897e+03 1.337562e+04 1.993713e+04  
2.294676e-02 5.404674e+03 9.842798e+03 1.330613e+04 1.983268e+04  
2.326663e-02 5.375543e+03 9.789311e+03 1.323340e+04 1.972342e+04  
2.359095e-02 5.345112e+03 9.733459e+03 1.315748e+04 1.960941e+04  
2.391980e-02 5.313395e+03 9.675270e+03 1.307840e+04 1.949069e+04  
2.425323e-02 5.280411e+03 9.614775e+03 1.299621e+04 1.936733e+04  
2.459130e-02 5.246174e+03 9.552001e+03 1.291093e+04 1.923939e+04  
2.493409e-02 5.210698e+03 9.486976e+03 1.282262e+04 1.910693e+04  
2.528166e-02 5.174002e+03 9.419735e+03 1.273131e+04 1.897002e+04  
2.563407e-02 5.136110e+03 9.350319e+03 1.263707e+04 1.882873e+04  
2.599140e-02 5.097046e+03 9.278776e+03 1.253996e+04 1.868318e+04  
2.635371e-02 5.056841e+03 9.205163e+03 1.244005e+04 1.853347e+04  
2.672106e-02 5.015530e+03 9.129542e+03 1.233743e+04 1.837973e+04  
2.709354e-02 4.973144e+03 9.051971e+03 1.223218e+04 1.822209e+04  
2.747121e-02 4.929713e+03 8.972506e+03 1.212438e+04 1.806065e+04  
2.785414e-02 4.885274e+03 8.891214e+03 1.201412e+04 1.789555e+04  
2.824241e-02 4.839868e+03 8.808170e+03 1.190149e+04 1.772694e+04  
2.863610e-02 4.793538e+03 8.723456e+03 1.178661e+04 1.755499e+04  
2.903527e-02 4.746337e+03 8.637164e+03 1.166961e+04 1.737989e+04  
2.944000e-02 4.698318e+03 8.549395e+03 1.155062e+04 1.720184e+04  
2.985038e-02 4.649532e+03 8.460240e+03 1.142976e+04 1.702102e+04  
3.026648e-02 4.600023e+03 8.369782e+03 1.130715e+04 1.683761e+04  
3.068838e-02 4.549843e+03 8.278113e+03 1.118292e+04 1.665179e+04  
3.111616e-02 4.499047e+03 8.185336e+03 1.105719e+04 1.646377e+04  
3.154990e-02 4.447695e+03 8.091560e+03 1.093013e+04 1.627377e+04  
3.198969e-02 4.395854e+03 7.996908e+03 1.080189e+04 1.608203e+04  
3.243561e-02 4.343596e+03 7.901509e+03 1.067265e+04 1.588883e+04  
3.288774e-02 4.290984e+03 7.805481e+03 1.054257e+04 1.569439e+04  
3.334618e-02 4.238076e+03 7.708927e+03 1.041179e+04 1.549893e+04  
3.381101e-02 4.184930e+03 7.611955e+03 1.028046e+04 1.530267e+04  
3.428231e-02 4.131611e+03 7.514682e+03 1.014873e+04 1.510583e+04  
3.476019e-02 4.078189e+03 7.417235e+03 1.001678e+04 1.490868e+04  
3.524473e-02 4.024737e+03 7.319749e+03 9.884782e+03 1.471149e+04  
3.573602e-02 3.971337e+03 7.222370e+03 9.752944e+03 1.451456e+04  
3.623416e-02 3.918062e+03 7.125235e+03 9.621448e+03 1.431816e+04  
3.673925e-02 3.864978e+03 7.028460e+03 9.490450e+03 1.412252e+04  
3.725137e-02 3.812150e+03 6.932165e+03 9.360111e+03 1.392789e+04  
3.777064e-02 3.759648e+03 6.836478e+03 9.230605e+03 1.373452e+04  
3.829714e-02 3.707548e+03 6.741533e+03 9.102115e+03 1.354269e+04  
3.883098e-02 3.655929e+03 6.647477e+03 8.974836e+03 1.335269e+04  
3.937226e-02 3.604875e+03 6.554461e+03 8.848974e+03 1.316483e+04  
3.992109e-02 3.554460e+03 6.462619e+03 8.724709e+03 1.297937e+04  
4.047757e-02 3.504723e+03 6.372019e+03 8.602135e+03 1.279646e+04  
4.104181e-02 3.455696e+03 6.282724e+03 8.481333e+03 1.261621e+04  
4.161391e-02 3.407415e+03 6.194794e+03 8.362387e+03 1.243876e+04  
4.219398e-02 3.359913e+03 6.108293e+03 8.245381e+03 1.226422e+04  
4.278214e-02 3.313227e+03 6.023282e+03 8.130401e+03 1.209274e+04  
4.337850e-02 3.267391e+03 5.939828e+03 8.017533e+03 1.192442e+04  
4.398317e-02 3.222447e+03 5.858004e+03 7.906878e+03 1.175944e+04  
4.459628e-02 3.178458e+03 5.777921e+03 7.798586e+03 1.159800e+04  
4.521792e-02 3.135491e+03 5.699703e+03 7.692822e+03 1.144036e+04  
4.584824e-02 3.093619e+03 5.623480e+03 7.589760e+03 1.128678e+04  
4.648734e-02 3.052915e+03 5.549384e+03 7.489582e+03 1.113753e+04  
4.713535e-02 3.013458e+03 5.477556e+03 7.392476e+03 1.099289e+04  
4.779239e-02 2.975330e+03 5.408142e+03 7.298637e+03 1.085315e+04  
4.845859e-02 2.938582e+03 5.341235e+03 7.208191e+03 1.071851e+04  
4.913407e-02 2.903180e+03 5.276773e+03 7.121054e+03 1.058883e+04  
4.981898e-02 2.869073e+03 5.214659e+03 7.037096e+03 1.046392e+04  
5.051342e-02 2.836198e+03 5.154782e+03 6.956164e+03 1.034357e+04  
5.121755e-02 2.804485e+03 5.097012e+03 6.878087e+03 1.022750e+04  
5.193150e-02 2.773856e+03 5.041207e+03 6.802670e+03 1.011545e+04  
5.265540e-02 2.744229e+03 4.987219e+03 6.729713e+03 1.000710e+04  
5.338938e-02 2.715557e+03 4.934963e+03 6.659103e+03 9.902287e+03  
5.413360e-02 2.687806e+03 4.884373e+03 6.590751e+03 9.800886e+03  
5.488820e-02 2.660932e+03 4.835373e+03 6.524554e+03 9.702743e+03  
5.565331e-02 2.634890e+03 4.787878e+03 6.460396e+03 9.607686e+03  
5.642908e-02 2.609625e+03 4.741790e+03 6.398146e+03 9.515522e+03  
5.721568e-02 2.585078e+03 4.696999e+03 6.337656e+03 9.426030e+03  
5.801323e-02 2.561181e+03 4.653384e+03 6.278762e+03 9.338969e+03  
5.882190e-02 2.537860e+03 4.610809e+03 6.221282e+03 9.254065e+03  
5.964185e-02 2.515031e+03 4.569124e+03 6.165012e+03 9.171019e+03  
6.047322e-02 2.492602e+03 4.528163e+03 6.109731e+03 9.089501e+03  
6.131619e-02 2.470474e+03 4.487746e+03 6.055194e+03 9.009147e+03  
6.217090e-02 2.448535e+03 4.447671e+03 6.001131e+03 8.929553e+03  
6.303753e-02 2.426663e+03 4.407719e+03 5.947247e+03 8.850279e+03  
6.391624e-02 2.404724e+03 4.367650e+03 5.893220e+03 8.770843e+03  
6.480720e-02 2.382574e+03 4.327205e+03 5.838699e+03 8.690722e+03  
6.571058e-02 2.360060e+03 4.286111e+03 5.783318e+03 8.609367e+03  
6.662655e-02 2.337061e+03 4.244150e+03 5.726782e+03 8.526334e+03  
6.755528e-02 2.313466e+03 4.201126e+03 5.668831e+03 8.441232e+03  
6.849697e-02 2.289160e+03 4.156831e+03 5.609182e+03 8.353637e+03  
6.945178e-02 2.264015e+03 4.111040e+03 5.547535e+03 8.263092e+03  
7.041990e-02 2.237913e+03 4.063543e+03 5.483605e+03 8.169169e+03  
7.140151e-02 2.210779e+03 4.014207e+03 5.417216e+03 8.071598e+03  
7.239681e-02 2.182546e+03 3.962914e+03 5.348206e+03 7.970134e+03  
7.340598e-02 2.153142e+03 3.909537e+03 5.276407e+03 7.864516e+03  
7.442922e-02 2.122495e+03 3.853951e+03 5.201650e+03 7.754486e+03  
7.546673e-02 2.090585e+03 3.796125e+03 5.123893e+03 7.639974e+03  
7.651869e-02 2.057428e+03 3.736085e+03 5.043172e+03 7.521029e+03  
7.758532e-02 2.023039e+03 3.673867e+03 4.959534e+03 7.397714e+03  
7.866682e-02 1.987444e+03 3.609515e+03 4.873040e+03 7.270114e+03  
7.976339e-02 1.950704e+03 3.543143e+03 4.783843e+03 7.138453e+03  
8.087525e-02 1.912919e+03 3.474934e+03 4.692188e+03 7.003094e+03  
8.200261e-02 1.874201e+03 3.405086e+03 4.598344e+03 6.864437e+03  
8.314568e-02 1.834671e+03 3.333821e+03 4.502608e+03 6.722922e+03  
8.430468e-02 1.794466e+03 3.261385e+03 4.405310e+03 6.579044e+03  
8.547985e-02 1.753738e+03 3.188047e+03 4.306815e+03 6.433348e+03  
8.667139e-02 1.712650e+03 3.114104e+03 4.207521e+03 6.286429e+03  
8.787954e-02 1.671378e+03 3.039869e+03 4.107848e+03 6.138920e+03  
8.910453e-02 1.630097e+03 2.965653e+03 4.008215e+03 5.991450e+03  
9.034660e-02 1.588990e+03 2.891784e+03 3.909065e+03 5.844683e+03  
9.160598e-02 1.548255e+03 2.818616e+03 3.810871e+03 5.699332e+03  
9.288292e-02 1.508085e+03 2.746490e+03 3.714093e+03 5.556092e+03  
9.417766e-02 1.468662e+03 2.675729e+03 3.619165e+03 5.415614e+03  
9.549045e-02 1.430178e+03 2.606676e+03 3.526547e+03 5.278595e+03  
9.682153e-02 1.392841e+03 2.539698e+03 3.436732e+03 5.145777e+03  
9.817117e-02 1.356843e+03 2.475136e+03 3.350177e+03 5.017850e+03  
9.953962e-02 1.322336e+03 2.413254e+03 3.267239e+03 4.895353e+03  
1.009272e-01 1.289472e+03 2.354325e+03 3.188281e+03 4.778836e+03  
1.023340e-01 1.258415e+03 2.298633e+03 3.113684e+03 4.668877e+03  
1.037605e-01 1.229284e+03 2.246388e+03 3.043731e+03 4.565902e+03  
1.052069e-01 1.202119e+03 2.197659e+03 2.978512e+03 4.470052e+03  
1.066734e-01 1.176954e+03 2.152499e+03 2.918098e+03 4.381438e+03  
1.081604e-01 1.153814e+03 2.110950e+03 2.862544e+03 4.300148e+03  
1.096681e-01 1.132652e+03 2.072926e+03 2.811733e+03 4.226012e+03  
1.111968e-01 1.113356e+03 2.038223e+03 2.765392e+03 4.158621e+03  
1.127468e-01 1.095797e+03 2.006609e+03 2.723209e+03 4.097513e+03  
1.143184e-01 1.079826e+03 1.977815e+03 2.684820e+03 4.042145e+03  
1.159120e-01 1.065242e+03 1.951485e+03 2.649749e+03 3.991802e+03  
1.175277e-01 1.051822e+03 1.927217e+03 2.617455e+03 3.945674e+03  
1.191660e-01 1.039318e+03 1.904575e+03 2.587353e+03 3.902880e+03  
1.208271e-01 1.027493e+03 1.883134e+03 2.558870e+03 3.862556e+03  
1.225114e-01 1.016103e+03 1.862467e+03 2.531433e+03 3.823833e+03  
1.242191e-01 1.004888e+03 1.842110e+03 2.504419e+03 3.785768e+03  
1.259506e-01 9.935971e+02 1.821622e+03 2.477233e+03 3.747452e+03  
1.277063e-01 9.820001e+02 1.800598e+03 2.449333e+03 3.708055e+03  
1.294865e-01 9.698533e+02 1.778610e+03 2.420139e+03 3.666689e+03  
1.312915e-01 9.569366e+02 1.755272e+03 2.389133e+03 3.622552e+03  
1.331216e-01 9.430897e+02 1.730305e+03 2.355938e+03 3.575055e+03  
1.349772e-01 9.281490e+02 1.703424e+03 2.320167e+03 3.523599e+03  
1.368587e-01 9.120011e+02 1.674432e+03 2.281556e+03 3.467763e+03  
1.387665e-01 8.946255e+02 1.643297e+03 2.240060e+03 3.407466e+03  
1.407008e-01 8.760139e+02 1.610009e+03 2.195662e+03 3.342670e+03  
1.426621e-01 8.562298e+02 1.574680e+03 2.148516e+03 3.273603e+03  
1.446507e-01 8.354210e+02 1.537576e+03 2.098976e+03 3.200799e+03  
1.466671e-01 8.137572e+02 1.498994e+03 2.047445e+03 3.124873e+03  
1.487115e-01 7.914552e+02 1.459319e+03 1.994438e+03 3.046614e+03  
1.507845e-01 7.687689e+02 1.418997e+03 1.940559e+03 2.966946e+03  
1.528864e-01 7.459729e+02 1.378510e+03 1.886456e+03 2.886867e+03  
1.550175e-01 7.233594e+02 1.338371e+03 1.832818e+03 2.807438e+03  
1.571784e-01 7.012408e+02 1.299125e+03 1.780382e+03 2.729791e+03  
1.593694e-01 6.798986e+02 1.261264e+03 1.729808e+03 2.654940e+03  
1.615909e-01 6.595831e+02 1.225225e+03 1.681682e+03 2.583787e+03  
1.638434e-01 6.405337e+02 1.191423e+03 1.636564e+03 2.517190e+03  
1.661273e-01 6.229143e+02 1.160142e+03 1.594831e+03 2.455732e+03  
1.684430e-01 6.068694e+02 1.131630e+03 1.556819e+03 2.399927e+03  
1.707910e-01 5.924354e+02 1.105947e+03 1.522606e+03 2.349899e+03  
1.731717e-01 5.795734e+02 1.083020e+03 1.492095e+03 2.305502e+03  
1.755856e-01 5.681931e+02 1.062690e+03 1.465068e+03 2.266408e+03  
1.780332e-01 5.581314e+02 1.044667e+03 1.441138e+03 2.232032e+03  
1.805149e-01 5.491932e+02 1.028608e+03 1.419845e+03 2.201670e+03  
1.830312e-01 5.411347e+02 1.014086e+03 1.400615e+03 2.174450e+03  
1.855825e-01 5.336893e+02 1.000635e+03 1.382822e+03 2.149413e+03  
1.881694e-01 5.265851e+02 9.877816e+02 1.365829e+03 2.125580e+03  
1.907924e-01 5.195374e+02 9.750302e+02 1.348969e+03 2.101923e+03  
1.934520e-01 5.122705e+02 9.619021e+02 1.331599e+03 2.077445e+03  
1.961486e-01 5.045117e+02 9.479256e+02 1.313083e+03 2.051154e+03  
1.988828e-01 4.960609e+02 9.327552e+02 1.292953e+03 2.022322e+03  
2.016551e-01 4.867622e+02 9.161230e+02 1.270848e+03 1.990377e+03  
2.044661e-01 4.765798e+02 8.979697e+02 1.246687e+03 1.955189e+03  
2.073162e-01 4.655464e+02 8.783551e+02 1.220551e+03 1.916874e+03  
2.102061e-01 4.537840e+02 8.574926e+02 1.192726e+03 1.875879e+03  
2.131362e-01 4.414669e+02 8.356862e+02 1.163623e+03 1.832839e+03  
2.161073e-01 4.288312e+02 8.133460e+02 1.133796e+03 1.788617e+03  
2.191197e-01 4.161351e+02 7.909192e+02 1.103847e+03 1.744151e+03  
2.221741e-01 4.036349e+02 7.688485e+02 1.074372e+03 1.700369e+03  
2.252711e-01 3.915833e+02 7.475697e+02 1.045958e+03 1.658184e+03  
2.284112e-01 3.802183e+02 7.274912e+02 1.019155e+03 1.618446e+03  
2.315951e-01 3.697150e+02 7.089129e+02 9.943630e+02 1.581777e+03  
2.348235e-01 3.601866e+02 6.920269e+02 9.718405e+02 1.548575e+03  
2.380968e-01 3.516602e+02 6.768767e+02 9.516444e+02 1.518929e+03  
2.414157e-01 3.440961e+02 6.633905e+02 9.336777e+02 1.492689e+03  
2.447809e-01 3.373740e+02 6.513591e+02 9.176586e+02 1.469420e+03  
2.481930e-01 3.313331e+02 6.405033e+02 9.032121e+02 1.448545e+03  
2.516527e-01 3.257776e+02 6.304857e+02 8.898849e+02 1.429363e+03  
2.551606e-01 3.204786e+02 6.209121e+02 8.771476e+02 1.411056e+03  
2.587174e-01 3.151979e+02 6.113743e+02 8.644514e+02 1.392772e+03  
2.623238e-01 3.097088e+02 6.014839e+02 8.512743e+02 1.373698e+03  
2.659804e-01 3.038420e+02 5.909526e+02 8.372285e+02 1.353231e+03  
2.696881e-01 2.975055e+02 5.796247e+02 8.221047e+02 1.331044e+03  
2.734474e-01 2.907002e+02 5.675035e+02 8.059077e+02 1.307144e+03  
2.772591e-01 2.835195e+02 5.547506e+02 7.888554e+02 1.281871e+03  
2.811239e-01 2.760976e+02 5.415968e+02 7.712589e+02 1.255712e+03  
2.850426e-01 2.685914e+02 5.283105e+02 7.534796e+02 1.229231e+03  
2.890160e-01 2.611747e+02 5.151883e+02 7.359164e+02 1.203050e+03  
2.930447e-01 2.540150e+02 5.025152e+02 7.189517e+02 1.177765e+03  
2.971296e-01 2.472677e+02 4.905542e+02 7.029381e+02 1.153920e+03  
3.012714e-01 2.410561e+02 4.795130e+02 6.881530e+02 1.131944e+03  
3.054710e-01 2.354241e+02 4.694642e+02 6.746925e+02 1.111984e+03  
3.097291e-01 2.303351e+02 4.603433e+02 6.624693e+02 1.093903e+03  
3.140465e-01 2.256897e+02 4.519797e+02 6.512542e+02 1.077347e+03  
3.184242e-01 2.213521e+02 4.441421e+02 6.407370e+02 1.061834e+03  
3.228628e-01 2.171782e+02 4.365860e+02 6.305903e+02 1.046860e+03  
3.273634e-01 2.130335e+02 4.290834e+02 6.205091e+02 1.031953e+03  
3.319266e-01 2.088006e+02 4.214366e+02 6.102289e+02 1.016706e+03  
3.365535e-01 2.043941e+02 4.135022e+02 5.995582e+02 1.000823e+03  
3.412449e-01 1.997844e+02 4.052313e+02 5.884325e+02 9.842077e+02  
3.460016e-01 1.950125e+02 3.966945e+02 5.769469e+02 9.670090e+02  
3.508247e-01 1.901746e+02 3.880546e+02 5.653199e+02 9.495668e+02  
3.557150e-01 1.853854e+02 3.795043e+02 5.538094e+02 9.322806e+02  
3.606735e-01 1.807504e+02 3.712210e+02 5.426520e+02 9.155153e+02  
3.657011e-01 1.763451e+02 3.633303e+02 5.320152e+02 8.995274e+02  
3.707988e-01 1.722213e+02 3.559178e+02 5.220122e+02 8.844897e+02  
3.759675e-01 1.683925e+02 3.490049e+02 5.126708e+02 8.704428e+02  
3.812083e-01 1.648291e+02 3.425404e+02 5.039221e+02 8.572793e+02  
3.865221e-01 1.614598e+02 3.364046e+02 4.956061e+02 8.447536e+02  
3.919100e-01 1.581942e+02 3.304458e+02 4.875212e+02 8.325572e+02  
3.973730e-01 1.549541e+02 3.245341e+02 4.794946e+02 8.204270e+02  
4.029122e-01 1.516879e+02 3.185834e+02 4.714125e+02 8.081906e+02  
4.085286e-01 1.483705e+02 3.125531e+02 4.632213e+02 7.957684e+02  
4.142232e-01 1.450086e+02 3.064545e+02 4.549368e+02 7.831864e+02  
4.199973e-01 1.416463e+02 3.003613e+02 4.466573e+02 7.705959e+02  
4.258518e-01 1.383455e+02 2.943759e+02 4.385183e+02 7.582038e+02  
4.317880e-01 1.351590e+02 2.885854e+02 4.306354e+02 7.461847e+02  
4.378069e-01 1.321169e+02 2.830387e+02 4.230724e+02 7.346345e+02  
4.439097e-01 1.292318e+02 2.777558e+02 4.158556e+02 7.235916e+02  
4.500975e-01 1.264914e+02 2.727156e+02 4.089565e+02 7.130117e+02  
4.563716e-01 1.238636e+02 2.678647e+02 4.023043e+02 7.027876e+02  
4.627332e-01 1.212988e+02 2.631215e+02 3.957913e+02 6.927578e+02  
4.691835e-01 1.187625e+02 2.584295e+02 3.893436e+02 6.828121e+02  
4.757236e-01 1.162368e+02 2.537593e+02 3.829227e+02 6.728942e+02  
4.823549e-01 1.137214e+02 2.491110e+02 3.765290e+02 6.630060e+02  
4.890787e-01 1.112290e+02 2.445051e+02 3.701899e+02 6.531893e+02  
4.958962e-01 1.087883e+02 2.399886e+02 3.639669e+02 6.435357e+02  
5.028087e-01 1.064272e+02 2.356063e+02 3.579183e+02 6.341317e+02  
5.098176e-01 1.041552e+02 2.313731e+02 3.520637e+02 6.250053e+02  
5.169242e-01 1.019681e+02 2.272819e+02 3.463933e+02 6.161413e+02  
5.241298e-01 9.985688e+01 2.233176e+02 3.408872e+02 6.075100e+02  
5.314359e-01 9.780238e+01 2.194491e+02 3.355046e+02 5.990515e+02  
5.388438e-01 9.578368e+01 2.156425e+02 3.302018e+02 5.907022e+02  
5.463550e-01 9.379065e+01 2.118817e+02 3.249579e+02 5.824321e+02  
5.539709e-01 9.182978e+01 2.081770e+02 3.197864e+02 5.742615e+02  
5.616930e-01 8.990513e+01 2.045348e+02 3.146957e+02 5.662031e+02  
5.695227e-01 8.802729e+01 2.009721e+02 3.097075e+02 5.582880e+02  
5.774615e-01 8.620675e+01 1.975050e+02 3.048428e+02 5.505460e+02  
5.855110e-01 8.444335e+01 1.941332e+02 3.001007e+02 5.429754e+02  
5.936727e-01 8.272905e+01 1.908435e+02 2.954643e+02 5.355518e+02  
6.019482e-01 8.105820e+01 1.876268e+02 2.909218e+02 5.282583e+02  
6.103390e-01 7.942202e+01 1.844692e+02 2.864552e+02 5.210695e+02  
6.188468e-01 7.781521e+01 1.813623e+02 2.820540e+02 5.139706e+02  
6.274732e-01 7.624226e+01 1.783130e+02 2.777269e+02 5.069743e+02  
6.362198e-01 7.470483e+01 1.753238e+02 2.734772e+02 5.000849e+02  
6.450884e-01 7.320568e+01 1.723989e+02 2.693099e+02 4.933094e+02  
6.540806e-01 7.174838e+01 1.695435e+02 2.652318e+02 4.866568e+02  
6.631981e-01 7.032750e+01 1.667491e+02 2.612318e+02 4.801117e+02  
6.724427e-01 6.894172e+01 1.640134e+02 2.573070e+02 4.736699e+02  
6.818162e-01 6.758547e+01 1.613277e+02 2.534465e+02 4.673163e+02  
6.913204e-01 6.625811e+01 1.586910e+02 2.496488e+02 4.610492e+02  
7.009570e-01 6.496061e+01 1.561045e+02 2.459157e+02 4.548706e+02  
7.107280e-01 6.369384e+01 1.535696e+02 2.422485e+02 4.487823e+02  
7.206351e-01 6.245749e+01 1.510855e+02 2.386464e+02 4.427831e+02  
7.306804e-01 6.125040e+01 1.486504e+02 2.351070e+02 4.368695e+02  
7.408657e-01 6.007125e+01 1.462621e+02 2.316275e+02 4.310378e+02  
7.511929e-01 5.891881e+01 1.439187e+02 2.282055e+02 4.252846e+02  
7.616642e-01 5.779248e+01 1.416191e+02 2.248395e+02 4.196079e+02  
7.722814e-01 5.669173e+01 1.393623e+02 2.215285e+02 4.140062e+02  
7.830465e-01 5.561594e+01 1.371475e+02 2.182711e+02 4.084775e+02  
7.939618e-01 5.456446e+01 1.349734e+02 2.150659e+02 4.030200e+02  
8.050292e-01 5.353670e+01 1.328390e+02 2.119116e+02 3.976318e+02  
8.162509e-01 5.253195e+01 1.307433e+02 2.088067e+02 3.923110e+02  
8.276289e-01 5.154946e+01 1.286849e+02 2.057498e+02 3.870555e+02  
8.391656e-01 5.058871e+01 1.266631e+02 2.027398e+02 3.818638e+02  
8.508632e-01 4.964927e+01 1.246771e+02 1.997755e+02 3.767345e+02  
8.627237e-01 4.873061e+01 1.227259e+02 1.968561e+02 3.716663e+02  
8.747496e-01 4.783216e+01 1.208088e+02 1.939803e+02 3.666575e+02  
8.869432e-01 4.695341e+01 1.189247e+02 1.911470e+02 3.617066e+02  
8.993067e-01 4.609378e+01 1.170729e+02 1.883551e+02 3.568122e+02  
9.118425e-01 4.525260e+01 1.152521e+02 1.856033e+02 3.519727e+02  
9.245531e-01 4.442939e+01 1.134618e+02 1.828906e+02 3.471867e+02  
9.374409e-01 4.362379e+01 1.117012e+02 1.802164e+02 3.424532e+02  
9.505083e-01 4.283538e+01 1.099697e+02 1.775796e+02 3.377712e+02  
9.637579e-01 4.206370e+01 1.082666e+02 1.749795e+02 3.331394e+02  
9.771921e-01 4.130835e+01 1.065911e+02 1.724152e+02 3.285569e+02  
9.908137e-01 4.056890e+01 1.049426e+02 1.698859e+02 3.240226e+02  
1.004625e+00 3.984485e+01 1.033204e+02 1.673906e+02 3.195354e+02  
1.018629e+00 3.913576e+01 1.017237e+02 1.649286e+02 3.150941e+02  
1.032828e+00 3.844129e+01 1.001519e+02 1.624991e+02 3.106981e+02  
1.047225e+00 3.776103e+01 9.860461e+01 1.601015e+02 3.063463e+02  
1.061823e+00 3.709458e+01 9.708100e+01 1.577349e+02 3.020380e+02  
1.076624e+00 3.644159e+01 9.558060e+01 1.553988e+02 2.977723e+02  
1.091632e+00 3.580176e+01 9.410291e+01 1.530926e+02 2.935486e+02  
1.106848e+00 3.517472e+01 9.264740e+01 1.508155e+02 2.893661e+02  
1.122277e+00 3.456013e+01 9.121353e+01 1.485671e+02 2.852242e+02  
1.137921e+00 3.395772e+01 8.980086e+01 1.463467e+02 2.811221e+02  
1.153783e+00 3.336718e+01 8.840895e+01 1.441540e+02 2.770594e+02  
1.169866e+00 3.278819e+01 8.703729e+01 1.419882e+02 2.730355e+02  
1.186174e+00 3.222044e+01 8.568545e+01 1.398488e+02 2.690497e+02  
1.202708e+00 3.166369e+01 8.435302e+01 1.377355e+02 2.651015e+02  
1.219473e+00 3.111762e+01 8.303957e+01 1.356478e+02 2.611906e+02  
1.236472e+00 3.058193e+01 8.174464e+01 1.335850e+02 2.573163e+02  
1.253708e+00 3.005637e+01 8.046788e+01 1.315469e+02 2.534783e+02  
1.271184e+00 2.954071e+01 7.920892e+01 1.295330e+02 2.496762e+02  
1.288904e+00 2.903466e+01 7.796736e+01 1.275429e+02 2.459095e+02  
1.306870e+00 2.853798e+01 7.674286e+01 1.255761e+02 2.421779e+02  
1.325087e+00 2.805046e+01 7.553511e+01 1.236324e+02 2.384812e+02  
1.343558e+00 2.757189e+01 7.434379e+01 1.217115e+02 2.348189e+02  
1.362287e+00 2.710203e+01 7.316858e+01 1.198129e+02 2.311909e+02  
1.381276e+00 2.664067e+01 7.200919e+01 1.179363e+02 2.275968e+02  
1.400531e+00 2.618763e+01 7.086533e+01 1.160815e+02 2.240364e+02  
1.420053e+00 2.574268e+01 6.973670e+01 1.142481e+02 2.205096e+02  
1.439848e+00 2.530561e+01 6.862302e+01 1.124358e+02 2.170160e+02  
1.459919e+00 2.487625e+01 6.752404e+01 1.106444e+02 2.135555e+02  
1.480269e+00 2.445442e+01 6.643952e+01 1.088736e+02 2.101279e+02  
1.500903e+00 2.403995e+01 6.536921e+01 1.071232e+02 2.067332e+02  
1.521825e+00 2.363265e+01 6.431287e+01 1.053929e+02 2.033711e+02  
1.543038e+00 2.323236e+01 6.327029e+01 1.036825e+02 2.000415e+02  
1.564548e+00 2.283891e+01 6.224123e+01 1.019918e+02 1.967444e+02  
1.586357e+00 2.245213e+01 6.122546e+01 1.003204e+02 1.934796e+02  
1.608469e+00 2.207187e+01 6.022279e+01 9.866837e+01 1.902471e+02  
1.630891e+00 2.169801e+01 5.923305e+01 9.703536e+01 1.870468e+02  
1.653624e+00 2.133040e+01 5.825605e+01 9.542123e+01 1.838786e+02  
1.676675e+00 2.096890e+01 5.729161e+01 9.382580e+01 1.807425e+02  
1.700047e+00 2.061337e+01 5.633954e+01 9.224889e+01 1.776385e+02  
1.723745e+00 2.026369e+01 5.539968e+01 9.069034e+01 1.745665e+02  
1.747773e+00 1.991970e+01 5.447185e+01 8.914998e+01 1.715266e+02  
1.772136e+00 1.958129e+01 5.355587e+01 8.762764e+01 1.685187e+02  
1.796838e+00 1.924834e+01 5.265163e+01 8.612322e+01 1.655428e+02  
1.821885e+00 1.892074e+01 5.175897e+01 8.463655e+01 1.625989e+02  
1.847281e+00 1.859839e+01 5.087774e+01 8.316750e+01 1.596871e+02  
1.873032e+00 1.828118e+01 5.000782e+01 8.171596e+01 1.568073e+02  
1.899141e+00 1.796900e+01 4.914908e+01 8.028178e+01 1.539596e+02  
1.925614e+00 1.766174e+01 4.830137e+01 7.886485e+01 1.511440e+02  
1.952456e+00 1.735929e+01 4.746456e+01 7.746505e+01 1.483605e+02  
1.979672e+00 1.706158e+01 4.663855e+01 7.608226e+01 1.456092e+02  
2.007267e+00 1.676851e+01 4.582321e+01 7.471638e+01 1.428900e+02  
2.035248e+00 1.647997e+01 4.501843e+01 7.336730e+01 1.402031e+02  
2.063618e+00 1.619589e+01 4.422409e+01 7.203491e+01 1.375484e+02  
2.092383e+00 1.591618e+01 4.344010e+01 7.071912e+01 1.349260e+02  
2.121550e+00 1.564076e+01 4.266635e+01 6.941983e+01 1.323359e+02  
2.151123e+00 1.536955e+01 4.190273e+01 6.813695e+01 1.297781e+02  
2.181109e+00 1.510246e+01 4.114915e+01 6.687037e+01 1.272527e+02  
2.211512e+00 1.483944e+01 4.040552e+01 6.562002e+01 1.247597e+02  
2.242340e+00 1.458040e+01 3.967174e+01 6.438580e+01 1.222990e+02  
2.273597e+00 1.432528e+01 3.894771e+01 6.316763e+01 1.198707e+02  
2.305289e+00 1.407401e+01 3.823336e+01 6.196543e+01 1.174749e+02  
2.337424e+00 1.382652e+01 3.752860e+01 6.077910e+01 1.151114e+02  
2.370006e+00 1.358274e+01 3.683333e+01 5.960856e+01 1.127803e+02  
2.403043e+00 1.334262e+01 3.614748e+01 5.845374e+01 1.104817e+02  
2.436540e+00 1.310609e+01 3.547096e+01 5.731455e+01 1.082153e+02  
2.470504e+00 1.287309e+01 3.480370e+01 5.619092e+01 1.059813e+02  
2.504942e+00 1.264356e+01 3.414561e+01 5.508276e+01 1.037796e+02  
2.539859e+00 1.241745e+01 3.349663e+01 5.398999e+01 1.016101e+02  
2.575263e+00 1.219472e+01 3.285666e+01 5.291254e+01 9.947284e+01  
2.611161e+00 1.197529e+01 3.222565e+01 5.185033e+01 9.736767e+01  
2.647559e+00 1.175913e+01 3.160351e+01 5.080328e+01 9.529454e+01  
2.684465e+00 1.154618e+01 3.099018e+01 4.977131e+01 9.325336e+01  
2.721885e+00 1.133641e+01 3.038558e+01 4.875435e+01 9.124405e+01  
2.759826e+00 1.112975e+01 2.978964e+01 4.775231e+01 8.926648e+01  
2.798297e+00 1.092616e+01 2.920230e+01 4.676511e+01 8.732055e+01  
2.837304e+00 1.072561e+01 2.862348e+01 4.579267e+01 8.540612e+01  
2.876854e+00 1.052804e+01 2.805312e+01 4.483492e+01 8.352306e+01  
2.916956e+00 1.033342e+01 2.749114e+01 4.389177e+01 8.167122e+01  
2.957617e+00 1.014170e+01 2.693749e+01 4.296314e+01 7.985044e+01  
2.998844e+00 9.952845e+00 2.639209e+01 4.204894e+01 7.806054e+01  
3.040646e+00 9.766815e+00 2.585489e+01 4.114909e+01 7.630134e+01  
3.083031e+00 9.583574e+00 2.532580e+01 4.026350e+01 7.457266e+01  
3.126007e+00 9.403085e+00 2.480478e+01 3.939208e+01 7.287429e+01  
3.169582e+00 9.225312e+00 2.429175e+01 3.853475e+01 7.120603e+01  
3.213764e+00 9.050219e+00 2.378664e+01 3.769140e+01 6.956764e+01  
3.258562e+00 8.877772e+00 2.328941e+01 3.686196e+01 6.795891e+01  
3.303985e+00 8.707938e+00 2.279997e+01 3.604632e+01 6.637958e+01  
3.350041e+00 8.540681e+00 2.231827e+01 3.524439e+01 6.482942e+01  
3.396739e+00 8.375971e+00 2.184424e+01 3.445607e+01 6.330817e+01  
3.444087e+00 8.213777e+00 2.137782e+01 3.368125e+01 6.181555e+01  
3.492096e+00 8.054069e+00 2.091895e+01 3.291984e+01 6.035131e+01  
3.540774e+00 7.896814e+00 2.046755e+01 3.217173e+01 5.891516e+01  
3.590130e+00 7.741986e+00 2.002358e+01 3.143681e+01 5.750681e+01  
3.640175e+00 7.589554e+00 1.958696e+01 3.071498e+01 5.612597e+01  
3.690917e+00 7.439490e+00 1.915762e+01 3.000612e+01 5.477235e+01  
3.742366e+00 7.291766e+00 1.873551e+01 2.931012e+01 5.344563e+01  
3.794533e+00 7.146354e+00 1.832057e+01 2.862686e+01 5.214550e+01  
3.847427e+00 7.003229e+00 1.791272e+01 2.795623e+01 5.087166e+01  
3.901058e+00 6.862361e+00 1.751190e+01 2.729810e+01 4.962377e+01  
3.955436e+00 6.723726e+00 1.711804e+01 2.665236e+01 4.840151e+01  
4.010573e+00 6.587298e+00 1.673109e+01 2.601887e+01 4.720456e+01  
4.066478e+00 6.453051e+00 1.635098e+01 2.539752e+01 4.603259e+01  
4.123163e+00 6.320960e+00 1.597763e+01 2.478818e+01 4.488524e+01  
4.180637e+00 6.191001e+00 1.561099e+01 2.419071e+01 4.376220e+01  
4.238913e+00 6.063148e+00 1.525099e+01 2.360498e+01 4.266311e+01  
4.298001e+00 5.937379e+00 1.489756e+01 2.303086e+01 4.158764e+01  
4.357913e+00 5.813669e+00 1.455063e+01 2.246821e+01 4.053544e+01  
4.418660e+00 5.691995e+00 1.421014e+01 2.191691e+01 3.950615e+01  
4.480254e+00 5.572333e+00 1.387601e+01 2.137681e+01 3.849944e+01  
4.542706e+00 5.454659e+00 1.354819e+01 2.084776e+01 3.751496e+01  
4.606029e+00 5.338953e+00 1.322659e+01 2.032963e+01 3.655235e+01  
4.670234e+00 5.225190e+00 1.291116e+01 1.982227e+01 3.561127e+01  
4.735335e+00 5.113348e+00 1.260182e+01 1.932555e+01 3.469137e+01  
4.801343e+00 5.003406e+00 1.229850e+01 1.883931e+01 3.379229e+01  
4.868271e+00 4.895341e+00 1.200113e+01 1.836341e+01 3.291369e+01  
4.936132e+00 4.789131e+00 1.170964e+01 1.789771e+01 3.205522e+01  
5.004939e+00 4.684755e+00 1.142397e+01 1.744206e+01 3.121654e+01  
5.074705e+00 4.582191e+00 1.114403e+01 1.699631e+01 3.039729e+01  
5.145444e+00 4.481419e+00 1.086975e+01 1.656031e+01 2.959713e+01  
5.217169e+00 4.382416e+00 1.060107e+01 1.613392e+01 2.881573e+01  
5.289893e+00 4.285162e+00 1.033791e+01 1.571698e+01 2.805273e+01  
5.363631e+00 4.189636e+00 1.008019e+01 1.530935e+01 2.730781e+01  
5.438397e+00 4.095817e+00 9.827852e+00 1.491088e+01 2.658061e+01  
5.514206e+00 4.003684e+00 9.580812e+00 1.452142e+01 2.587082e+01  
5.591071e+00 3.913218e+00 9.338999e+00 1.414082e+01 2.517810e+01  
5.669007e+00 3.824397e+00 9.102338e+00 1.376893e+01 2.450211e+01  
5.748030e+00 3.737203e+00 8.870756e+00 1.340561e+01 2.384254e+01  
5.828155e+00 3.651613e+00 8.644178e+00 1.305071e+01 2.319905e+01  
5.909396e+00 3.567609e+00 8.422530e+00 1.270408e+01 2.257133e+01  
5.991770e+00 3.485171e+00 8.205737e+00 1.236557e+01 2.195907e+01  
6.075292e+00 3.404278e+00 7.993724e+00 1.203504e+01 2.136195e+01  
6.159978e+00 3.324911e+00 7.786418e+00 1.171235e+01 2.077965e+01  
6.245845e+00 3.247052e+00 7.583744e+00 1.139735e+01 2.021188e+01  
6.332908e+00 3.170679e+00 7.385628e+00 1.108990e+01 1.965833e+01  
6.421186e+00 3.095774e+00 7.191995e+00 1.078985e+01 1.911869e+01  
6.510694e+00 3.022317e+00 7.002771e+00 1.049707e+01 1.859269e+01  
6.601449e+00 2.950290e+00 6.817882e+00 1.021141e+01 1.808001e+01  
6.693470e+00 2.879673e+00 6.637255e+00 9.932742e+00 1.758038e+01  
6.786773e+00 2.810448e+00 6.460816e+00 9.660922e+00 1.709352e+01  
6.881377e+00 2.742595e+00 6.288493e+00 9.395816e+00 1.661914e+01  
6.977300e+00 2.676096e+00 6.120213e+00 9.137289e+00 1.615697e+01  
7.074559e+00 2.610932e+00 5.955902e+00 8.885207e+00 1.570673e+01  
7.173175e+00 2.547085e+00 5.795491e+00 8.639439e+00 1.526816e+01  
7.273165e+00 2.484536e+00 5.638906e+00 8.399855e+00 1.484100e+01  
7.374549e+00 2.423266e+00 5.486077e+00 8.166325e+00 1.442499e+01  
7.477346e+00 2.363258e+00 5.336934e+00 7.938722e+00 1.401987e+01  
7.581576e+00 2.304493e+00 5.191406e+00 7.716921e+00 1.362539e+01  
7.687260e+00 2.246954e+00 5.049425e+00 7.500797e+00 1.324130e+01  
7.794416e+00 2.190621e+00 4.910921e+00 7.290229e+00 1.286738e+01  
7.903066e+00 2.135478e+00 4.775827e+00 7.085094e+00 1.250336e+01  
8.013230e+00 2.081506e+00 4.644075e+00 6.885274e+00 1.214903e+01  
8.124930e+00 2.028688e+00 4.515597e+00 6.690652e+00 1.180415e+01  
8.238187e+00 1.977005e+00 4.390329e+00 6.501112e+00 1.146850e+01  
8.353023e+00 1.926442e+00 4.268204e+00 6.316539e+00 1.114186e+01  
8.469460e+00 1.876979e+00 4.149158e+00 6.136822e+00 1.082400e+01  
8.587519e+00 1.828600e+00 4.033127e+00 5.961849e+00 1.051472e+01  
8.707225e+00 1.781288e+00 3.920047e+00 5.791513e+00 1.021381e+01  
8.828599e+00 1.735025e+00 3.809857e+00 5.625706e+00 9.921055e+00  
8.951665e+00 1.689794e+00 3.702494e+00 5.464323e+00 9.636267e+00  
9.076446e+00 1.645579e+00 3.597898e+00 5.307260e+00 9.359243e+00  
9.202967e+00 1.602361e+00 3.496009e+00 5.154417e+00 9.089791e+00  
9.331251e+00 1.560126e+00 3.396767e+00 5.005692e+00 8.827723e+00  
9.461324e+00 1.518856e+00 3.300114e+00 4.860988e+00 8.572853e+00  
9.593209e+00 1.478534e+00 3.205993e+00 4.720208e+00 8.325000e+00  
9.726934e+00 1.439144e+00 3.114347e+00 4.583258e+00 8.083986e+00  
9.862522e+00 1.400670e+00 3.025120e+00 4.450045e+00 7.849639e+00  
1.000000e+01 1.363096e+00 2.938257e+00 4.320477e+00 7.621787e+00  
