1.000000e-02 8.226351e+03 1.498565e+04 2.025643e+04 3.016291e+04  
1.013939e-02 8.273449e+03 1.507111e+04 2.037161e+04 3.033357e+04  
1.028073e-02 8.319801e+03 1.515520e+04 2.048494e+04 3.050143e+04  
1.042404e-02 8.365374e+03 1.523787e+04 2.059632e+04 3.066638e+04  
1.056935e-02 8.410136e+03 1.531904e+04 2.070568e+04 3.082830e+04  
1.071668e-02 8.454052e+03 1.539867e+04 2.081294e+04 3.098705e+04  
1.086606e-02 8.497090e+03 1.547669e+04 2.091801e+04 3.114253e+04  
1.101753e-02 8.539215e+03 1.555303e+04 2.102081e+04 3.129459e+04  
1.117111e-02 8.580392e+03 1.562763e+04 2.112124e+04 3.144312e+04  
1.132683e-02 8.620587e+03 1.570044e+04 2.121924e+04 3.158799e+04  
1.148472e-02 8.659766e+03 1.577138e+04 2.131470e+04 3.172907e+04  
1.164481e-02 8.697890e+03 1.584039e+04 2.140755e+04 3.186621e+04  
1.180713e-02 8.734921e+03 1.590740e+04 2.149767e+04 3.199929e+04  
1.197171e-02 8.770818e+03 1.597233e+04 2.158498e+04 3.212814e+04  
1.213859e-02 8.805540e+03 1.603511e+04 2.166937e+04 3.225263e+04  
1.230780e-02 8.839046e+03 1.609566e+04 2.175074e+04 3.237259e+04  
1.247936e-02 8.871295e+03 1.615391e+04 2.182898e+04 3.248787e+04  
1.265332e-02 8.902245e+03 1.620978e+04 2.190400e+04 3.259833e+04  
1.282970e-02 8.931855e+03 1.626320e+04 2.197570e+04 3.270381e+04  
1.300854e-02 8.960082e+03 1.631409e+04 2.204396e+04 3.280416e+04  
1.318987e-02 8.986887e+03 1.636237e+04 2.210869e+04 3.289922e+04  
1.337373e-02 9.012227e+03 1.640798e+04 2.216979e+04 3.298885e+04  
1.356015e-02 9.036061e+03 1.645083e+04 2.222715e+04 3.307290e+04  
1.374917e-02 9.058348e+03 1.649085e+04 2.228068e+04 3.315121e+04  
1.394083e-02 9.079049e+03 1.652797e+04 2.233028e+04 3.322364e+04  
1.413516e-02 9.098121e+03 1.656211e+04 2.237584e+04 3.329004e+04  
1.433219e-02 9.115521e+03 1.659320e+04 2.241725e+04 3.335025e+04  
1.453198e-02 9.131207e+03 1.662115e+04 2.245442e+04 3.340411e+04  
1.473454e-02 9.145134e+03 1.664588e+04 2.248724e+04 3.345146e+04  
1.493993e-02 9.157260e+03 1.666732e+04 2.251559e+04 3.349215e+04  
1.514819e-02 9.167542e+03 1.668540e+04 2.253938e+04 3.352602e+04  
1.535935e-02 9.175940e+03 1.670003e+04 2.255850e+04 3.355293e+04  
1.557345e-02 9.182410e+03 1.671113e+04 2.257286e+04 3.357272e+04  
1.579053e-02 9.186910e+03 1.671864e+04 2.258234e+04 3.358523e+04  
1.601064e-02 9.189398e+03 1.672248e+04 2.258684e+04 3.359032e+04  
1.623382e-02 9.189831e+03 1.672256e+04 2.258627e+04 3.358782e+04  
1.646012e-02 9.188167e+03 1.671881e+04 2.258051e+04 3.357760e+04  
1.668956e-02 9.184366e+03 1.671116e+04 2.256947e+04 3.355949e+04  
1.692220e-02 9.178389e+03 1.669954e+04 2.255305e+04 3.353336e+04  
1.715809e-02 9.170197e+03 1.668388e+04 2.253116e+04 3.349908e+04  
1.739726e-02 9.159752e+03 1.666410e+04 2.250372e+04 3.345651e+04  
1.763977e-02 9.147019e+03 1.664016e+04 2.247062e+04 3.340552e+04  
1.788566e-02 9.131962e+03 1.661197e+04 2.243179e+04 3.334598e+04  
1.813498e-02 9.114549e+03 1.657948e+04 2.238714e+04 3.327778e+04  
1.838777e-02 9.094747e+03 1.654264e+04 2.233661e+04 3.320081e+04  
1.864409e-02 9.072528e+03 1.650140e+04 2.228012e+04 3.311497e+04  
1.890397e-02 9.047866e+03 1.645570e+04 2.221761e+04 3.302016e+04  
1.916748e-02 9.020735e+03 1.640550e+04 2.214901e+04 3.291629e+04  
1.943467e-02 8.991106e+03 1.635076e+04 2.207427e+04 3.280327e+04  
1.970558e-02 8.958955e+03 1.629142e+04 2.199332e+04 3.268101e+04  
1.998026e-02 8.924259e+03 1.622744e+04 2.190610e+04 3.254944e+04  
2.025878e-02 8.887000e+03 1.615880e+04 2.181259e+04 3.240849e+04  
2.054117e-02 8.847162e+03 1.608547e+04 2.171273e+04 3.225811e+04  
2.082751e-02 8.804731e+03 1.600742e+04 2.160650e+04 3.209827e+04  
2.111783e-02 8.759700e+03 1.592464e+04 2.149389e+04 3.192893e+04  
2.141220e-02 8.712058e+03 1.583711e+04 2.137486e+04 3.175006e+04  
2.171068e-02 8.661800e+03 1.574483e+04 2.124942e+04 3.156167e+04  
2.201331e-02 8.608925e+03 1.564779e+04 2.111756e+04 3.136374e+04  
2.232016e-02 8.553436e+03 1.554600e+04 2.097929e+04 3.115630e+04  
2.263130e-02 8.495341e+03 1.543948e+04 2.083465e+04 3.093938e+04  
2.294676e-02 8.434656e+03 1.532826e+04 2.068365e+04 3.071306e+04  
2.326663e-02 8.371398e+03 1.521237e+04 2.052637e+04 3.047740e+04  
2.359095e-02 8.305583e+03 1.509185e+04 2.036283e+04 3.023247e+04  
2.391980e-02 8.237229e+03 1.496672e+04 2.019309e+04 2.997835e+04  
2.425323e-02 8.166360e+03 1.483703e+04 2.001721e+04 2.971513e+04  
2.459130e-02 8.093009e+03 1.470285e+04 1.983528e+04 2.944294e+04  
2.493409e-02 8.017212e+03 1.456424e+04 1.964738e+04 2.916192e+04  
2.528166e-02 7.939015e+03 1.442129e+04 1.945364e+04 2.887226e+04  
2.563407e-02 7.858471e+03 1.427409e+04 1.925419e+04 2.857414e+04  
2.599140e-02 7.775628e+03 1.412273e+04 1.904915e+04 2.826777e+04  
2.635371e-02 7.690537e+03 1.396732e+04 1.883865e+04 2.795333e+04  
2.672106e-02 7.603259e+03 1.380796e+04 1.862284e+04 2.763104e+04  
2.709354e-02 7.513859e+03 1.364477e+04 1.840189e+04 2.730118e+04  
2.747121e-02 7.422414e+03 1.347790e+04 1.817600e+04 2.696401e+04  
2.785414e-02 7.329010e+03 1.330750e+04 1.794537e+04 2.661987e+04  
2.824241e-02 7.233742e+03 1.313375e+04 1.771025e+04 2.626910e+04  
2.863610e-02 7.136700e+03 1.295681e+04 1.747085e+04 2.591205e+04  
2.903527e-02 7.037968e+03 1.277684e+04 1.722740e+04 2.554902e+04  
2.944000e-02 6.937638e+03 1.259400e+04 1.698011e+04 2.518037e+04  
2.985038e-02 6.835813e+03 1.240849e+04 1.672924e+04 2.480647e+04  
3.026648e-02 6.732605e+03 1.222051e+04 1.647507e+04 2.442774e+04  
3.068838e-02 6.628137e+03 1.203028e+04 1.621791e+04 2.404463e+04  
3.111616e-02 6.522545e+03 1.183805e+04 1.595809e+04 2.365764e+04  
3.154990e-02 6.415959e+03 1.164407e+04 1.569593e+04 2.326725e+04  
3.198969e-02 6.308492e+03 1.144852e+04 1.543172e+04 2.287388e+04  
3.243561e-02 6.200264e+03 1.125165e+04 1.516574e+04 2.247797e+04  
3.288774e-02 6.091404e+03 1.105367e+04 1.489831e+04 2.207998e+04  
3.334618e-02 5.982055e+03 1.085486e+04 1.462979e+04 2.168045e+04  
3.381101e-02 5.872368e+03 1.065547e+04 1.436054e+04 2.127992e+04  
3.428231e-02 5.762506e+03 1.045582e+04 1.409097e+04 2.087898e+04  
3.476019e-02 5.652636e+03 1.025620e+04 1.382149e+04 2.047825e+04  
3.524473e-02 5.542893e+03 1.005686e+04 1.355241e+04 2.007820e+04  
3.573602e-02 5.433416e+03 9.858043e+03 1.328409e+04 1.967936e+04  
3.623416e-02 5.324356e+03 9.660031e+03 1.301689e+04 1.928225e+04  
3.673925e-02 5.215870e+03 9.463108e+03 1.275120e+04 1.888745e+04  
3.725137e-02 5.108128e+03 9.267578e+03 1.248742e+04 1.849557e+04  
3.777064e-02 5.001312e+03 9.073770e+03 1.222600e+04 1.810726e+04  
3.829714e-02 4.895601e+03 8.882008e+03 1.196737e+04 1.772317e+04  
3.883098e-02 4.791118e+03 8.692514e+03 1.171183e+04 1.734374e+04  
3.937226e-02 4.687969e+03 8.505476e+03 1.145964e+04 1.696934e+04  
3.992109e-02 4.586262e+03 8.321090e+03 1.121105e+04 1.660035e+04  
4.047757e-02 4.486109e+03 8.139560e+03 1.096635e+04 1.623720e+04  
4.104181e-02 4.387631e+03 7.961097e+03 1.072581e+04 1.588028e+04  
4.161391e-02 4.290948e+03 7.785923e+03 1.048973e+04 1.553005e+04  
4.219398e-02 4.196190e+03 7.614267e+03 1.025842e+04 1.518694e+04  
4.278214e-02 4.103487e+03 7.446361e+03 1.003218e+04 1.485143e+04  
4.337850e-02 4.012972e+03 7.282445e+03 9.811350e+03 1.452398e+04  
4.398317e-02 3.924783e+03 7.122766e+03 9.596248e+03 1.420508e+04  
4.459628e-02 3.839066e+03 6.967582e+03 9.387220e+03 1.389523e+04  
4.521792e-02 3.755969e+03 6.817161e+03 9.184623e+03 1.359496e+04  
4.584824e-02 3.675648e+03 6.671778e+03 8.988829e+03 1.330482e+04  
4.648734e-02 3.598255e+03 6.531703e+03 8.800193e+03 1.302532e+04  
4.713535e-02 3.523856e+03 6.397053e+03 8.618873e+03 1.275670e+04  
4.779239e-02 3.452477e+03 6.267871e+03 8.444923e+03 1.249904e+04  
4.845859e-02 3.384137e+03 6.144189e+03 8.278384e+03 1.225238e+04  
4.913407e-02 3.318851e+03 6.026028e+03 8.119280e+03 1.201677e+04  
4.981898e-02 3.256625e+03 5.913396e+03 7.967622e+03 1.179221e+04  
5.051342e-02 3.197458e+03 5.806289e+03 7.823400e+03 1.157868e+04  
5.121755e-02 3.141338e+03 5.704680e+03 7.686576e+03 1.137614e+04  
5.193150e-02 3.088240e+03 5.608518e+03 7.557078e+03 1.118445e+04  
5.265540e-02 3.038127e+03 5.517736e+03 7.434813e+03 1.100350e+04  
5.338938e-02 2.990954e+03 5.432246e+03 7.319660e+03 1.083309e+04  
5.413360e-02 2.946663e+03 5.351940e+03 7.211473e+03 1.067300e+04  
5.488820e-02 2.905187e+03 5.276695e+03 7.110083e+03 1.052298e+04  
5.565331e-02 2.866470e+03 5.206404e+03 7.015343e+03 1.038282e+04  
5.642908e-02 2.830457e+03 5.140962e+03 6.927111e+03 1.025230e+04  
5.721568e-02 2.797080e+03 5.080245e+03 6.845215e+03 1.013116e+04  
5.801323e-02 2.766261e+03 5.024107e+03 6.769458e+03 1.001912e+04  
5.882190e-02 2.737907e+03 4.972377e+03 6.699610e+03 9.915818e+03  
5.964185e-02 2.711896e+03 4.924829e+03 6.635362e+03 9.820815e+03  
6.047322e-02 2.688058e+03 4.881158e+03 6.576305e+03 9.733501e+03  
6.131619e-02 2.666205e+03 4.841021e+03 6.521977e+03 9.653196e+03  
6.217090e-02 2.646128e+03 4.804040e+03 6.471870e+03 9.579150e+03  
6.303753e-02 2.627596e+03 4.769797e+03 6.425424e+03 9.510541e+03  
6.391624e-02 2.610384e+03 4.737890e+03 6.382100e+03 9.446573e+03  
6.480720e-02 2.594289e+03 4.707952e+03 6.341405e+03 9.386524e+03  
6.571058e-02 2.579089e+03 4.679586e+03 6.302808e+03 9.329614e+03  
6.662655e-02 2.564543e+03 4.652358e+03 6.265730e+03 9.274990e+03  
6.755528e-02 2.550389e+03 4.625803e+03 6.229547e+03 9.221738e+03  
6.849697e-02 2.536370e+03 4.599462e+03 6.193650e+03 9.168962e+03  
6.945178e-02 2.522223e+03 4.572868e+03 6.157414e+03 9.115745e+03  
7.041990e-02 2.507662e+03 4.545515e+03 6.120165e+03 9.061098e+03  
7.140151e-02 2.492378e+03 4.516856e+03 6.081178e+03 9.003954e+03  
7.239681e-02 2.476077e+03 4.486375e+03 6.039763e+03 8.943301e+03  
7.340598e-02 2.458502e+03 4.453619e+03 5.995322e+03 8.878256e+03  
7.442922e-02 2.439381e+03 4.418112e+03 5.947222e+03 8.807889e+03  
7.546673e-02 2.418421e+03 4.379344e+03 5.894788e+03 8.731205e+03  
7.651869e-02 2.395356e+03 4.336852e+03 5.837406e+03 8.647299e+03  
7.758532e-02 2.370001e+03 4.290317e+03 5.774655e+03 8.555548e+03  
7.866682e-02 2.342173e+03 4.239425e+03 5.706122e+03 8.455339e+03  
7.976339e-02 2.311678e+03 4.183845e+03 5.631370e+03 8.346025e+03  
8.087525e-02 2.278377e+03 4.123341e+03 5.550088e+03 8.227142e+03  
8.200261e-02 2.242229e+03 4.057853e+03 5.462203e+03 8.098577e+03  
8.314568e-02 2.203208e+03 3.987344e+03 5.367669e+03 7.960258e+03  
8.430468e-02 2.161296e+03 3.911792e+03 5.266460e+03 7.812140e+03  
8.547985e-02 2.116554e+03 3.831319e+03 5.158740e+03 7.654462e+03  
8.667139e-02 2.069118e+03 3.746168e+03 5.044841e+03 7.487706e+03  
8.787954e-02 2.019139e+03 3.656616e+03 4.925130e+03 7.312412e+03  
8.910453e-02 1.966808e+03 3.563004e+03 4.800065e+03 7.129252e+03  
9.034660e-02 1.912401e+03 3.465821e+03 4.670300e+03 6.939190e+03  
9.160598e-02 1.856232e+03 3.365629e+03 4.536580e+03 6.743325e+03  
9.288292e-02 1.798649e+03 3.263035e+03 4.399718e+03 6.542855e+03  
9.417766e-02 1.740026e+03 3.158702e+03 4.260595e+03 6.339082e+03  
9.549045e-02 1.680773e+03 3.053348e+03 4.120163e+03 6.133412e+03  
9.682153e-02 1.621331e+03 2.947747e+03 3.979452e+03 5.927366e+03  
9.817117e-02 1.562180e+03 2.842738e+03 3.839576e+03 5.722588e+03  
9.953962e-02 1.503813e+03 2.739183e+03 3.701679e+03 5.520764e+03  
1.009272e-01 1.446658e+03 2.637828e+03 3.566748e+03 5.323347e+03  
1.023340e-01 1.391146e+03 2.539424e+03 3.435781e+03 5.131805e+03  
1.037605e-01 1.337742e+03 2.444780e+03 3.309844e+03 4.947708e+03  
1.052069e-01 1.286861e+03 2.354618e+03 3.189896e+03 4.772457e+03  
1.066734e-01 1.238791e+03 2.269438e+03 3.076592e+03 4.607013e+03  
1.081604e-01 1.193822e+03 2.189737e+03 2.970592e+03 4.452337e+03  
1.096681e-01 1.152244e+03 2.116019e+03 2.872555e+03 4.309390e+03  
1.111968e-01 1.114216e+03 2.048556e+03 2.782837e+03 4.178686e+03  
1.127468e-01 1.079819e+03 1.987479e+03 2.701608e+03 4.060466e+03  
1.143184e-01 1.049130e+03 1.932915e+03 2.629030e+03 3.954958e+03  
1.159120e-01 1.022165e+03 1.884884e+03 2.565124e+03 3.862189e+03  
1.175277e-01 9.988484e+02 1.843242e+03 2.509692e+03 3.781862e+03  
1.191660e-01 9.790780e+02 1.807802e+03 2.462482e+03 3.713606e+03  
1.208271e-01 9.627156e+02 1.778312e+03 2.423155e+03 3.656922e+03  
1.225114e-01 9.495390e+02 1.754372e+03 2.391178e+03 3.611032e+03  
1.242191e-01 9.392887e+02 1.735520e+03 2.365934e+03 3.575035e+03  
1.259506e-01 9.316644e+02 1.721222e+03 2.346715e+03 3.547902e+03  
1.277063e-01 9.262882e+02 1.710811e+03 2.332635e+03 3.528341e+03  
1.294865e-01 9.227341e+02 1.703539e+03 2.322705e+03 3.514911e+03  
1.312915e-01 9.205359e+02 1.698592e+03 2.315845e+03 3.506036e+03  
1.331216e-01 9.191823e+02 1.695078e+03 2.310880e+03 3.499998e+03  
1.349772e-01 9.181173e+02 1.692035e+03 2.306538e+03 3.494929e+03  
1.368587e-01 9.167737e+02 1.688483e+03 2.301527e+03 3.488929e+03  
1.387665e-01 9.146162e+02 1.683505e+03 2.294634e+03 3.480206e+03  
1.407008e-01 9.110822e+02 1.676138e+03 2.284591e+03 3.466877e+03  
1.426621e-01 9.056859e+02 1.665556e+03 2.270308e+03 3.447317e+03  
1.446507e-01 8.980384e+02 1.651101e+03 2.250918e+03 3.420224e+03  
1.466671e-01 8.877587e+02 1.632134e+03 2.225575e+03 3.384326e+03  
1.487115e-01 8.746375e+02 1.608309e+03 2.193825e+03 3.338925e+03  
1.507845e-01 8.585372e+02 1.579404e+03 2.155376e+03 3.283571e+03  
1.528864e-01 8.394198e+02 1.545366e+03 2.110159e+03 3.218149e+03  
1.550175e-01 8.174387e+02 1.506469e+03 2.058541e+03 3.143192e+03  
1.571784e-01 7.928089e+02 1.463091e+03 2.001022e+03 3.059445e+03  
1.593694e-01 7.659367e+02 1.415934e+03 1.938533e+03 2.968296e+03  
1.615909e-01 7.373391e+02 1.365885e+03 1.872252e+03 2.871504e+03  
1.638434e-01 7.076169e+02 1.313975e+03 1.803539e+03 2.771102e+03  
1.661273e-01 6.774666e+02 1.261391e+03 1.733966e+03 2.669434e+03  
1.684430e-01 6.476030e+02 1.209352e+03 1.665141e+03 2.568891e+03  
1.707910e-01 6.186846e+02 1.158980e+03 1.598541e+03 2.471661e+03  
1.731717e-01 5.913610e+02 1.111379e+03 1.535617e+03 2.379883e+03  
1.755856e-01 5.661030e+02 1.067346e+03 1.477416e+03 2.295092e+03  
1.780332e-01 5.433205e+02 1.027574e+03 1.424843e+03 2.218606e+03  
1.805149e-01 5.232695e+02 9.924924e+02 1.378457e+03 2.151230e+03  
1.830312e-01 5.061151e+02 9.623755e+02 1.338610e+03 2.093464e+03  
1.855825e-01 4.919085e+02 9.373007e+02 1.305397e+03 2.045435e+03  
1.881694e-01 4.806080e+02 9.171872e+02 1.278706e+03 2.006969e+03  
1.907924e-01 4.720708e+02 9.017811e+02 1.258199e+03 1.977566e+03  
1.934520e-01 4.660594e+02 8.906672e+02 1.243328e+03 1.956426e+03  
1.961486e-01 4.622110e+02 8.832194e+02 1.233268e+03 1.942347e+03  
1.988828e-01 4.600514e+02 8.786240e+02 1.226951e+03 1.933775e+03  
2.016551e-01 4.590103e+02 8.759091e+02 1.223103e+03 1.928846e+03  
2.044661e-01 4.584437e+02 8.739822e+02 1.220291e+03 1.925459e+03  
2.073162e-01 4.577003e+02 8.717446e+02 1.217073e+03 1.921490e+03  
2.102061e-01 4.561335e+02 8.681099e+02 1.212023e+03 1.914824e+03  
2.131362e-01 4.532050e+02 8.621792e+02 1.203960e+03 1.903701e+03  
2.161073e-01 4.484634e+02 8.532028e+02 1.191900e+03 1.886643e+03  
2.191197e-01 4.416296e+02 8.407228e+02 1.175240e+03 1.862741e+03  
2.221741e-01 4.325762e+02 8.245359e+02 1.153714e+03 1.831587e+03  
2.252711e-01 4.213573e+02 8.047433e+02 1.127458e+03 1.793380e+03  
2.284112e-01 4.082167e+02 7.817617e+02 1.097022e+03 1.748946e+03  
2.315951e-01 3.935530e+02 7.562655e+02 1.063298e+03 1.699622e+03  
2.348235e-01 3.779261e+02 7.291954e+02 1.027524e+03 1.647262e+03  
2.380968e-01 3.619630e+02 7.016015e+02 9.910833e+02 1.593929e+03  
2.414157e-01 3.463187e+02 6.745777e+02 9.554089e+02 1.541749e+03  
2.447809e-01 3.315899e+02 6.491180e+02 9.218007e+02 1.492639e+03  
2.481930e-01 3.182871e+02 6.260697e+02 8.913624e+02 1.448209e+03  
2.516527e-01 3.067795e+02 6.060425e+02 8.648837e+02 1.409603e+03  
2.551606e-01 2.972742e+02 5.893744e+02 8.427987e+02 1.377435e+03  
2.587174e-01 2.898235e+02 5.761438e+02 8.252026e+02 1.351829e+03  
2.623238e-01 2.843105e+02 5.661468e+02 8.118237e+02 1.332376e+03  
2.659804e-01 2.804670e+02 5.589291e+02 8.020666e+02 1.318201e+03  
2.696881e-01 2.779045e+02 5.538378e+02 7.950785e+02 1.308060e+03  
2.734474e-01 2.761375e+02 5.500626e+02 7.898034e+02 1.300412e+03  
2.772591e-01 2.746250e+02 5.467054e+02 7.850712e+02 1.293546e+03  
2.811239e-01 2.728286e+02 5.428764e+02 7.797221e+02 1.285759e+03  
2.850426e-01 2.702601e+02 5.377734e+02 7.727106e+02 1.275511e+03  
2.890160e-01 2.665377e+02 5.307724e+02 7.632234e+02 1.261602e+03  
2.930447e-01 2.614503e+02 5.215330e+02 7.508182e+02 1.243377e+03  
2.971296e-01 2.549820e+02 5.100369e+02 7.354737e+02 1.220810e+03  
3.012714e-01 2.473168e+02 4.965932e+02 7.175976e+02 1.194511e+03  
3.054710e-01 2.388125e+02 4.817954e+02 6.979673e+02 1.165636e+03  
3.097291e-01 2.299357e+02 4.664117e+02 6.775866e+02 1.135671e+03  
3.140465e-01 2.211890e+02 4.512667e+02 6.575289e+02 1.106194e+03  
3.184242e-01 2.130376e+02 4.371203e+02 6.387795e+02 1.078639e+03  
3.228628e-01 2.058494e+02 4.245703e+02 6.221095e+02 1.054118e+03  
3.273634e-01 1.998494e+02 4.139785e+02 6.079817e+02 1.033287e+03  
3.319266e-01 1.950945e+02 4.054314e+02 5.965021e+02 1.016285e+03  
3.365535e-01 1.914874e+02 3.987632e+02 5.874517e+02 1.002783e+03  
3.412449e-01 1.887887e+02 3.935782e+02 5.803158e+02 9.920304e+02  
3.460016e-01 1.866552e+02 3.893145e+02 5.743670e+02 9.829726e+02  
3.508247e-01 1.846836e+02 3.853147e+02 5.687559e+02 9.743818e+02  
3.557150e-01 1.824750e+02 3.809331e+02 5.626489e+02 9.650525e+02  
3.606735e-01 1.797096e+02 3.756548e+02 5.553824e+02 9.540261e+02  
3.657011e-01 1.762097e+02 3.691969e+02 5.465931e+02 9.407812e+02  
3.707988e-01 1.719604e+02 3.615407e+02 5.362600e+02 9.252950e+02  
3.759675e-01 1.670988e+02 3.529119e+02 5.246781e+02 9.080041e+02  
3.812083e-01 1.618845e+02 3.437318e+02 5.123933e+02 8.897056e+02  
3.865221e-01 1.566448e+02 3.345283e+02 5.000867e+02 8.713849e+02  
3.919100e-01 1.517147e+02 3.258387e+02 4.884481e+02 8.540298e+02  
3.973730e-01 1.473541e+02 3.180767e+02 4.780053e+02 8.383871e+02  
4.029122e-01 1.436900e+02 3.114417e+02 4.690097e+02 8.248039e+02  
4.085286e-01 1.407104e+02 3.059092e+02 4.614260e+02 8.132191e+02  
4.142232e-01 1.382850e+02 3.012674e+02 4.549801e+02 8.032353e+02  
4.199973e-01 1.361994e+02 2.971712e+02 4.492293e+02 7.942208e+02  
4.258518e-01 1.341918e+02 2.932031e+02 4.436402e+02 7.854188e+02  
4.317880e-01 1.320143e+02 2.889697e+02 4.377113e+02 7.761219e+02  
4.378069e-01 1.294951e+02 2.842010e+02 4.311001e+02 7.658504e+02  
4.439097e-01 1.265917e+02 2.788329e+02 4.237275e+02 7.544996e+02  
4.500975e-01 1.233756e+02 2.729815e+02 4.157439e+02 7.422894e+02  
4.563716e-01 1.200094e+02 2.669054e+02 4.074802e+02 7.296909e+02  
4.627332e-01 1.166978e+02 2.609279e+02 3.993474e+02 7.172820e+02  
4.691835e-01 1.136313e+02 2.553473e+02 3.917225e+02 7.055864e+02  
4.757236e-01 1.109303e+02 2.503499e+02 3.848388e+02 6.949220e+02  
4.823549e-01 1.086087e+02 2.459546e+02 3.787172e+02 6.853105e+02  
4.890787e-01 1.065918e+02 2.420416e+02 3.732046e+02 6.765335e+02  
4.958962e-01 1.047465e+02 2.384016e+02 3.680358e+02 6.682221e+02  
5.028087e-01 1.029114e+02 2.347827e+02 3.628938e+02 6.599396e+02  
5.098176e-01 1.009584e+02 2.309868e+02 3.575302e+02 6.513477e+02  
5.169242e-01 9.883126e+01 2.269283e+02 3.518395e+02 6.423064e+02  
5.241298e-01 9.655709e+01 2.226510e+02 3.458782e+02 6.328983e+02  
5.314359e-01 9.422102e+01 2.182877e+02 3.398138e+02 6.233551e+02  
5.388438e-01 9.194248e+01 2.140226e+02 3.338767e+02 6.139903e+02  
5.463550e-01 8.982519e+01 2.100141e+02 3.282637e+02 6.050669e+02  
5.539709e-01 8.791129e+01 2.063254e+02 3.230514e+02 5.966840e+02  
5.616930e-01 8.618168e+01 2.029252e+02 3.181996e+02 5.887831e+02  
5.695227e-01 8.457284e+01 1.997153e+02 3.135853e+02 5.811974e+02  
5.774615e-01 8.299345e+01 1.965562e+02 3.090357e+02 5.736962e+02  
5.855110e-01 8.137150e+01 1.933388e+02 3.044165e+02 5.661036e+02  
5.936727e-01 7.968470e+01 1.900304e+02 2.996884e+02 5.583702e+02  
6.019482e-01 7.795189e+01 1.866602e+02 2.948884e+02 5.505478e+02  
6.103390e-01 7.622860e+01 1.833126e+02 2.901204e+02 5.427736e+02  
6.188468e-01 7.457910e+01 1.800836e+02 2.855021e+02 5.352005e+02  
6.274732e-01 7.303561e+01 1.770209e+02 2.810906e+02 5.279002e+02  
6.362198e-01 7.159479e+01 1.741183e+02 2.768777e+02 5.208595e+02  
6.450884e-01 7.022381e+01 1.713261e+02 2.728020e+02 5.139982e+02  
6.540806e-01 6.888404e+01 1.685865e+02 2.687933e+02 5.072260e+02  
6.631981e-01 6.753476e+01 1.658394e+02 2.647791e+02 5.004519e+02  
6.724427e-01 6.616800e+01 1.630735e+02 2.607463e+02 4.936609e+02  
6.818162e-01 6.481008e+01 1.603278e+02 2.567423e+02 4.869135e+02  
6.913204e-01 6.348148e+01 1.576325e+02 2.528032e+02 4.802552e+02  
7.009570e-01 6.220409e+01 1.550190e+02 2.489667e+02 4.737320e+02  
7.107280e-01 6.098962e+01 1.525040e+02 2.452520e+02 4.673662e+02  
7.206351e-01 5.982343e+01 1.500657e+02 2.416325e+02 4.611242e+02  
7.306804e-01 5.868585e+01 1.476751e+02 2.380740e+02 4.549638e+02  
7.408657e-01 5.755676e+01 1.453035e+02 2.345421e+02 4.488438e+02  
7.511929e-01 5.643263e+01 1.429457e+02 2.310315e+02 4.427584e+02  
7.616642e-01 5.532450e+01 1.406178e+02 2.275608e+02 4.367304e+02  
7.722814e-01 5.424466e+01 1.383372e+02 2.241505e+02 4.307839e+02  
7.830465e-01 5.320301e+01 1.361175e+02 2.208163e+02 4.249368e+02  
7.939618e-01 5.219570e+01 1.339531e+02 2.175512e+02 4.191803e+02  
8.050292e-01 5.121453e+01 1.318320e+02 2.143414e+02 4.134980e+02  
8.162509e-01 5.025069e+01 1.297419e+02 2.111724e+02 4.078731e+02  
8.276289e-01 4.930004e+01 1.276769e+02 2.080376e+02 4.022984e+02  
8.391656e-01 4.836587e+01 1.256416e+02 2.049423e+02 3.967800e+02  
8.508632e-01 4.745233e+01 1.236417e+02 2.018928e+02 3.913249e+02  
8.627237e-01 4.656332e+01 1.216823e+02 1.988950e+02 3.859394e+02  
8.747496e-01 4.569833e+01 1.197626e+02 1.959477e+02 3.806218e+02  
8.869432e-01 4.485433e+01 1.178782e+02 1.930458e+02 3.753663e+02  
8.993067e-01 4.402799e+01 1.160245e+02 1.901841e+02 3.701672e+02  
9.118425e-01 4.321686e+01 1.141980e+02 1.873588e+02 3.650203e+02  
9.245531e-01 4.242129e+01 1.123993e+02 1.845702e+02 3.599262e+02  
9.374409e-01 4.164219e+01 1.106293e+02 1.818197e+02 3.548858e+02  
9.505083e-01 4.088044e+01 1.088892e+02 1.791082e+02 3.499004e+02  
9.637579e-01 4.013607e+01 1.071789e+02 1.764356e+02 3.449695e+02  
9.771921e-01 3.940826e+01 1.054972e+02 1.738005e+02 3.400915e+02  
9.908137e-01 3.869606e+01 1.038426e+02 1.712014e+02 3.352648e+02  
1.004625e+00 3.799854e+01 1.022140e+02 1.686367e+02 3.304878e+02  
1.018629e+00 3.731528e+01 1.006106e+02 1.661057e+02 3.257597e+02  
1.032828e+00 3.664600e+01 9.903203e+01 1.636079e+02 3.210798e+02  
1.047225e+00 3.599037e+01 9.747774e+01 1.611427e+02 3.164476e+02  
1.061823e+00 3.534810e+01 9.594725e+01 1.587095e+02 3.118623e+02  
1.076624e+00 3.471893e+01 9.444018e+01 1.563078e+02 3.073236e+02  
1.091632e+00 3.410260e+01 9.295607e+01 1.539372e+02 3.028307e+02  
1.106848e+00 3.349879e+01 9.149444e+01 1.515970e+02 2.983831e+02  
1.122277e+00 3.290717e+01 9.005481e+01 1.492867e+02 2.939802e+02  
1.137921e+00 3.232742e+01 8.863667e+01 1.470057e+02 2.896215e+02  
1.153783e+00 3.175915e+01 8.723946e+01 1.447535e+02 2.853063e+02  
1.169866e+00 3.120198e+01 8.586265e+01 1.425293e+02 2.810340e+02  
1.186174e+00 3.065568e+01 8.450587e+01 1.403328e+02 2.768042e+02  
1.202708e+00 3.012002e+01 8.316876e+01 1.381636e+02 2.726165e+02  
1.219473e+00 2.959474e+01 8.185094e+01 1.360212e+02 2.684705e+02  
1.236472e+00 2.907957e+01 8.055201e+01 1.339053e+02 2.643658e+02  
1.253708e+00 2.857429e+01 7.927163e+01 1.318153e+02 2.603021e+02  
1.271184e+00 2.807861e+01 7.800939e+01 1.297510e+02 2.562788e+02  
1.288904e+00 2.759225e+01 7.676489e+01 1.277117e+02 2.522957e+02  
1.306870e+00 2.711500e+01 7.553782e+01 1.256973e+02 2.483524e+02  
1.325087e+00 2.664666e+01 7.432789e+01 1.237073e+02 2.444487e+02  
1.343558e+00 2.618700e+01 7.313477e+01 1.217415e+02 2.405842e+02  
1.362287e+00 2.573582e+01 7.195815e+01 1.197994e+02 2.367587e+02  
1.381276e+00 2.529293e+01 7.079775e+01 1.178808e+02 2.329720e+02  
1.400531e+00 2.485814e+01 6.965331e+01 1.159854e+02 2.292237e+02  
1.420053e+00 2.443122e+01 6.852451e+01 1.141128e+02 2.255137e+02  
1.439848e+00 2.401199e+01 6.741108e+01 1.122628e+02 2.218418e+02  
1.459919e+00 2.360027e+01 6.631277e+01 1.104351e+02 2.182076e+02  
1.480269e+00 2.319587e+01 6.522932e+01 1.086294e+02 2.146111e+02  
1.500903e+00 2.279858e+01 6.416045e+01 1.068454e+02 2.110521e+02  
1.521825e+00 2.240826e+01 6.310595e+01 1.050829e+02 2.075303e+02  
1.543038e+00 2.202477e+01 6.206561e+01 1.033417e+02 2.040457e+02  
1.564548e+00 2.164794e+01 6.103921e+01 1.016216e+02 2.005981e+02  
1.586357e+00 2.127761e+01 6.002652e+01 9.992219e+01 1.971873e+02  
1.608469e+00 2.091367e+01 5.902736e+01 9.824342e+01 1.938133e+02  
1.630891e+00 2.055594e+01 5.804152e+01 9.658504e+01 1.904759e+02  
1.653624e+00 2.020428e+01 5.706880e+01 9.494683e+01 1.871750e+02  
1.676675e+00 1.985856e+01 5.610901e+01 9.332860e+01 1.839105e+02  
1.700047e+00 1.951866e+01 5.516198e+01 9.173017e+01 1.806822e+02  
1.723745e+00 1.918446e+01 5.422754e+01 9.015135e+01 1.774903e+02  
1.747773e+00 1.885581e+01 5.330550e+01 8.859196e+01 1.743344e+02  
1.772136e+00 1.853261e+01 5.239572e+01 8.705183e+01 1.712146e+02  
1.796838e+00 1.821473e+01 5.149801e+01 8.553078e+01 1.681307e+02  
1.821885e+00 1.790205e+01 5.061222e+01 8.402864e+01 1.650828e+02  
1.847281e+00 1.759444e+01 4.973819e+01 8.254525e+01 1.620707e+02  
1.873032e+00 1.729182e+01 4.887579e+01 8.108047e+01 1.590943e+02  
1.899141e+00 1.699409e+01 4.802488e+01 7.963414e+01 1.561537e+02  
1.925614e+00 1.670115e+01 4.718531e+01 7.820613e+01 1.532487e+02  
1.952456e+00 1.641291e+01 4.635697e+01 7.679628e+01 1.503793e+02  
1.979672e+00 1.612928e+01 4.553973e+01 7.540447e+01 1.475454e+02  
2.007267e+00 1.585016e+01 4.473344e+01 7.403055e+01 1.447470e+02  
2.035248e+00 1.557545e+01 4.393799e+01 7.267439e+01 1.419840e+02  
2.063618e+00 1.530509e+01 4.315326e+01 7.133585e+01 1.392563e+02  
2.092383e+00 1.503897e+01 4.237913e+01 7.001481e+01 1.365640e+02  
2.121550e+00 1.477701e+01 4.161548e+01 6.871114e+01 1.339069e+02  
2.151123e+00 1.451913e+01 4.086219e+01 6.742472e+01 1.312849e+02  
2.181109e+00 1.426526e+01 4.011917e+01 6.615543e+01 1.286981e+02  
2.211512e+00 1.401533e+01 3.938630e+01 6.490315e+01 1.261462e+02  
2.242340e+00 1.376927e+01 3.866349e+01 6.366776e+01 1.236294e+02  
2.273597e+00 1.352701e+01 3.795063e+01 6.244915e+01 1.211474e+02  
2.305289e+00 1.328848e+01 3.724763e+01 6.124721e+01 1.187001e+02  
2.337424e+00 1.305360e+01 3.655438e+01 6.006182e+01 1.162876e+02  
2.370006e+00 1.282232e+01 3.587078e+01 5.889286e+01 1.139097e+02  
2.403043e+00 1.259457e+01 3.519675e+01 5.774024e+01 1.115663e+02  
2.436540e+00 1.237031e+01 3.453219e+01 5.660385e+01 1.092573e+02  
2.470504e+00 1.214946e+01 3.387702e+01 5.548357e+01 1.069826e+02  
2.504942e+00 1.193197e+01 3.323114e+01 5.437930e+01 1.047421e+02  
2.539859e+00 1.171778e+01 3.259446e+01 5.329093e+01 1.025356e+02  
2.575263e+00 1.150685e+01 3.196691e+01 5.221836e+01 1.003630e+02  
2.611161e+00 1.129911e+01 3.134839e+01 5.116149e+01 9.822412e+01  
2.647559e+00 1.109452e+01 3.073883e+01 5.012020e+01 9.611889e+01  
2.684465e+00 1.089303e+01 3.013813e+01 4.909440e+01 9.404710e+01  
2.721885e+00 1.069458e+01 2.954623e+01 4.808398e+01 9.200860e+01  
2.759826e+00 1.049914e+01 2.896303e+01 4.708883e+01 9.000320e+01  
2.798297e+00 1.030665e+01 2.838847e+01 4.610886e+01 8.803073e+01  
2.837304e+00 1.011709e+01 2.782245e+01 4.514395e+01 8.609098e+01  
2.876854e+00 9.930387e+00 2.726492e+01 4.419401e+01 8.418377e+01  
2.916956e+00 9.746517e+00 2.671578e+01 4.325893e+01 8.230887e+01  
2.957617e+00 9.565434e+00 2.617496e+01 4.233860e+01 8.046608e+01  
2.998844e+00 9.387097e+00 2.564239e+01 4.143292e+01 7.865517e+01  
3.040646e+00 9.211464e+00 2.511799e+01 4.054178e+01 7.687590e+01  
3.083031e+00 9.038502e+00 2.460169e+01 3.966507e+01 7.512803e+01  
3.126007e+00 8.868173e+00 2.409342e+01 3.880269e+01 7.341130e+01  
3.169582e+00 8.700440e+00 2.359310e+01 3.795452e+01 7.172548e+01  
3.213764e+00 8.535270e+00 2.310067e+01 3.712046e+01 7.007028e+01  
3.258562e+00 8.372628e+00 2.261604e+01 3.630040e+01 6.844543e+01  
3.303985e+00 8.212478e+00 2.213915e+01 3.549422e+01 6.685067e+01  
3.350041e+00 8.054788e+00 2.166992e+01 3.470181e+01 6.528569e+01  
3.396739e+00 7.899526e+00 2.120829e+01 3.392306e+01 6.375021e+01  
3.444087e+00 7.746661e+00 2.075419e+01 3.315785e+01 6.224393e+01  
3.492096e+00 7.596161e+00 2.030755e+01 3.240605e+01 6.076655e+01  
3.540774e+00 7.447998e+00 1.986828e+01 3.166756e+01 5.931775e+01  
3.590130e+00 7.302141e+00 1.943634e+01 3.094226e+01 5.789722e+01  
3.640175e+00 7.158562e+00 1.901164e+01 3.023002e+01 5.650464e+01  
3.690917e+00 7.017232e+00 1.859412e+01 2.953071e+01 5.513968e+01  
3.742366e+00 6.878122e+00 1.818371e+01 2.884422e+01 5.380202e+01  
3.794533e+00 6.741206e+00 1.778033e+01 2.817042e+01 5.249133e+01  
3.847427e+00 6.606456e+00 1.738393e+01 2.750918e+01 5.120726e+01  
3.901058e+00 6.473846e+00 1.699443e+01 2.686037e+01 4.994947e+01  
3.955436e+00 6.343350e+00 1.661175e+01 2.622387e+01 4.871763e+01  
4.010573e+00 6.214943e+00 1.623584e+01 2.559953e+01 4.751138e+01  
4.066478e+00 6.088600e+00 1.586663e+01 2.498723e+01 4.633039e+01  
4.123163e+00 5.964295e+00 1.550404e+01 2.438682e+01 4.517428e+01  
4.180637e+00 5.842005e+00 1.514800e+01 2.379819e+01 4.404273e+01  
4.238913e+00 5.721705e+00 1.479845e+01 2.322118e+01 4.293537e+01  
4.298001e+00 5.603372e+00 1.445532e+01 2.265566e+01 4.185184e+01  
4.357913e+00 5.486981e+00 1.411854e+01 2.210150e+01 4.079179e+01  
4.418660e+00 5.372511e+00 1.378803e+01 2.155854e+01 3.975487e+01  
4.480254e+00 5.259939e+00 1.346373e+01 2.102664e+01 3.874072e+01  
4.542706e+00 5.149241e+00 1.314557e+01 2.050567e+01 3.774897e+01  
4.606029e+00 5.040396e+00 1.283348e+01 1.999548e+01 3.677927e+01  
4.670234e+00 4.933382e+00 1.252738e+01 1.949593e+01 3.583128e+01  
4.735335e+00 4.828177e+00 1.222721e+01 1.900686e+01 3.490461e+01  
4.801343e+00 4.724759e+00 1.193290e+01 1.852815e+01 3.399894e+01  
4.868271e+00 4.623107e+00 1.164437e+01 1.805962e+01 3.311389e+01  
4.936132e+00 4.523200e+00 1.136156e+01 1.760115e+01 3.224912e+01  
5.004939e+00 4.425017e+00 1.108439e+01 1.715258e+01 3.140427e+01  
5.074705e+00 4.328538e+00 1.081279e+01 1.671377e+01 3.057899e+01  
5.145444e+00 4.233741e+00 1.054670e+01 1.628457e+01 2.977294e+01  
5.217169e+00 4.140608e+00 1.028603e+01 1.586483e+01 2.898577e+01  
5.289893e+00 4.049116e+00 1.003071e+01 1.545439e+01 2.821713e+01  
5.363631e+00 3.959247e+00 9.780683e+00 1.505313e+01 2.746668e+01  
5.438397e+00 3.870980e+00 9.535866e+00 1.466088e+01 2.673409e+01  
5.514206e+00 3.784297e+00 9.296187e+00 1.427750e+01 2.601901e+01  
5.591071e+00 3.699176e+00 9.061576e+00 1.390284e+01 2.532111e+01  
5.669007e+00 3.615599e+00 8.831960e+00 1.353676e+01 2.464007e+01  
5.748030e+00 3.533547e+00 8.607265e+00 1.317910e+01 2.397554e+01  
5.828155e+00 3.453001e+00 8.387420e+00 1.282973e+01 2.332722e+01  
5.909396e+00 3.373941e+00 8.172352e+00 1.248850e+01 2.269477e+01  
5.991770e+00 3.296348e+00 7.961987e+00 1.215527e+01 2.207787e+01  
6.075292e+00 3.220204e+00 7.756255e+00 1.182988e+01 2.147622e+01  
6.159978e+00 3.145491e+00 7.555082e+00 1.151221e+01 2.088950e+01  
6.245845e+00 3.072189e+00 7.358395e+00 1.120210e+01 2.031740e+01  
6.332908e+00 3.000280e+00 7.166124e+00 1.089941e+01 1.975962e+01  
6.421186e+00 2.929746e+00 6.978196e+00 1.060402e+01 1.921586e+01  
6.510694e+00 2.860569e+00 6.794538e+00 1.031577e+01 1.868582e+01  
6.601449e+00 2.792731e+00 6.615081e+00 1.003454e+01 1.816922e+01  
6.693470e+00 2.726213e+00 6.439752e+00 9.760175e+00 1.766575e+01  
6.786773e+00 2.660998e+00 6.268480e+00 9.492553e+00 1.717514e+01  
6.881377e+00 2.597069e+00 6.101195e+00 9.231538e+00 1.669710e+01  
6.977300e+00 2.534407e+00 5.937827e+00 8.976997e+00 1.623136e+01  
7.074559e+00 2.472995e+00 5.778306e+00 8.728799e+00 1.577766e+01  
7.173175e+00 2.412815e+00 5.622562e+00 8.486815e+00 1.533570e+01  
7.273165e+00 2.353851e+00 5.470526e+00 8.250917e+00 1.490525e+01  
7.374549e+00 2.296084e+00 5.322131e+00 8.020979e+00 1.448603e+01  
7.477346e+00 2.239499e+00 5.177307e+00 7.796874e+00 1.407779e+01  
7.581576e+00 2.184077e+00 5.035988e+00 7.578481e+00 1.368027e+01  
7.687260e+00 2.129803e+00 4.898106e+00 7.365678e+00 1.329324e+01  
7.794416e+00 2.076658e+00 4.763595e+00 7.158343e+00 1.291644e+01  
7.903066e+00 2.024627e+00 4.632390e+00 6.956359e+00 1.254964e+01  
8.013230e+00 1.973692e+00 4.504426e+00 6.759608e+00 1.219260e+01  
8.124930e+00 1.923838e+00 4.379637e+00 6.567976e+00 1.184510e+01  
8.238187e+00 1.875048e+00 4.257961e+00 6.381348e+00 1.150690e+01  
8.353023e+00 1.827305e+00 4.139333e+00 6.199613e+00 1.117778e+01  
8.469460e+00 1.780593e+00 4.023692e+00 6.022661e+00 1.085753e+01  
8.587519e+00 1.734896e+00 3.910976e+00 5.850383e+00 1.054594e+01  
8.707225e+00 1.690199e+00 3.801123e+00 5.682672e+00 1.024278e+01  
8.828599e+00 1.646484e+00 3.694075e+00 5.519423e+00 9.947857e+00  
8.951665e+00 1.603737e+00 3.589770e+00 5.360533e+00 9.660969e+00  
9.076446e+00 1.561942e+00 3.488151e+00 5.205900e+00 9.381916e+00  
9.202967e+00 1.521083e+00 3.389159e+00 5.055425e+00 9.110505e+00  
9.331251e+00 1.481143e+00 3.292737e+00 4.909009e+00 8.846544e+00  
9.461324e+00 1.442109e+00 3.198829e+00 4.766555e+00 8.589849e+00  
9.593209e+00 1.403965e+00 3.107380e+00 4.627969e+00 8.340236e+00  
9.726934e+00 1.366695e+00 3.018334e+00 4.493159e+00 8.097526e+00  
9.862522e+00 1.330285e+00 2.931638e+00 4.362031e+00 7.861546e+00  
1.000000e+01 1.294719e+00 2.847238e+00 4.234499e+00 7.632123e+00  
