1.000000e-02 5.645170e+03 1.022641e+04 1.375549e+04 2.028457e+04  
1.013939e-02 5.676109e+03 1.028224e+04 1.383037e+04 2.039449e+04  
1.028073e-02 5.706542e+03 1.033714e+04 1.390401e+04 2.050256e+04  
1.042404e-02 5.736449e+03 1.039109e+04 1.397635e+04 2.060871e+04  
1.056935e-02 5.765810e+03 1.044404e+04 1.404735e+04 2.071286e+04  
1.071668e-02 5.794604e+03 1.049596e+04 1.411695e+04 2.081496e+04  
1.086606e-02 5.822812e+03 1.054682e+04 1.418511e+04 2.091491e+04  
1.101753e-02 5.850412e+03 1.059656e+04 1.425178e+04 2.101264e+04  
1.117111e-02 5.877381e+03 1.064516e+04 1.431690e+04 2.110808e+04  
1.132683e-02 5.903698e+03 1.069257e+04 1.438041e+04 2.120115e+04  
1.148472e-02 5.929341e+03 1.073875e+04 1.444227e+04 2.129176e+04  
1.164481e-02 5.954287e+03 1.078366e+04 1.450242e+04 2.137984e+04  
1.180713e-02 5.978516e+03 1.082727e+04 1.456081e+04 2.146531e+04  
1.197171e-02 6.002005e+03 1.086953e+04 1.461738e+04 2.154809e+04  
1.213859e-02 6.024730e+03 1.091040e+04 1.467208e+04 2.162810e+04  
1.230780e-02 6.046670e+03 1.094985e+04 1.472484e+04 2.170525e+04  
1.247936e-02 6.067799e+03 1.098782e+04 1.477563e+04 2.177946e+04  
1.265332e-02 6.088096e+03 1.102427e+04 1.482437e+04 2.185065e+04  
1.282970e-02 6.107538e+03 1.105918e+04 1.487101e+04 2.191874e+04  
1.300854e-02 6.126102e+03 1.109248e+04 1.491550e+04 2.198365e+04  
1.318987e-02 6.143764e+03 1.112415e+04 1.495778e+04 2.204529e+04  
1.337373e-02 6.160503e+03 1.115413e+04 1.499780e+04 2.210358e+04  
1.356015e-02 6.176293e+03 1.118240e+04 1.503550e+04 2.215844e+04  
1.374917e-02 6.191111e+03 1.120889e+04 1.507081e+04 2.220977e+04  
1.394083e-02 6.204933e+03 1.123358e+04 1.510368e+04 2.225750e+04  
1.413516e-02 6.217736e+03 1.125642e+04 1.513406e+04 2.230155e+04  
1.433219e-02 6.229499e+03 1.127736e+04 1.516190e+04 2.234183e+04  
1.453198e-02 6.240198e+03 1.129637e+04 1.518713e+04 2.237826e+04  
1.473454e-02 6.249810e+03 1.131341e+04 1.520970e+04 2.241077e+04  
1.493993e-02 6.258311e+03 1.132843e+04 1.522955e+04 2.243926e+04  
1.514819e-02 6.265677e+03 1.134140e+04 1.524663e+04 2.246366e+04  
1.535935e-02 6.271886e+03 1.135225e+04 1.526087e+04 2.248387e+04  
1.557345e-02 6.276914e+03 1.136097e+04 1.527223e+04 2.249982e+04  
1.579053e-02 6.280740e+03 1.136751e+04 1.528065e+04 2.251143e+04  
1.601064e-02 6.283343e+03 1.137182e+04 1.528609e+04 2.251864e+04  
1.623382e-02 6.284703e+03 1.137388e+04 1.528848e+04 2.252136e+04  
1.646012e-02 6.284797e+03 1.137364e+04 1.528779e+04 2.251952e+04  
1.668956e-02 6.283606e+03 1.137107e+04 1.528395e+04 2.251304e+04  
1.692220e-02 6.281111e+03 1.136614e+04 1.527693e+04 2.250187e+04  
1.715809e-02 6.277293e+03 1.135881e+04 1.526668e+04 2.248594e+04  
1.739726e-02 6.272137e+03 1.134904e+04 1.525317e+04 2.246519e+04  
1.763977e-02 6.265627e+03 1.133683e+04 1.523635e+04 2.243957e+04  
1.788566e-02 6.257746e+03 1.132213e+04 1.521619e+04 2.240902e+04  
1.813498e-02 6.248481e+03 1.130492e+04 1.519265e+04 2.237349e+04  
1.838777e-02 6.237814e+03 1.128517e+04 1.516569e+04 2.233292e+04  
1.864409e-02 6.225734e+03 1.126286e+04 1.513529e+04 2.228727e+04  
1.890397e-02 6.212229e+03 1.123796e+04 1.510142e+04 2.223651e+04  
1.916748e-02 6.197289e+03 1.121047e+04 1.506405e+04 2.218060e+04  
1.943467e-02 6.180907e+03 1.118037e+04 1.502316e+04 2.211951e+04  
1.970558e-02 6.163077e+03 1.114764e+04 1.497875e+04 2.205322e+04  
1.998026e-02 6.143789e+03 1.111227e+04 1.493080e+04 2.198171e+04  
2.025878e-02 6.123038e+03 1.107426e+04 1.487928e+04 2.190495e+04  
2.054117e-02 6.100820e+03 1.103359e+04 1.482419e+04 2.182294e+04  
2.082751e-02 6.077134e+03 1.099026e+04 1.476552e+04 2.173567e+04  
2.111783e-02 6.051980e+03 1.094427e+04 1.470329e+04 2.164315e+04  
2.141220e-02 6.025362e+03 1.089564e+04 1.463750e+04 2.154539e+04  
2.171068e-02 5.997287e+03 1.084437e+04 1.456817e+04 2.144241e+04  
2.201331e-02 5.967759e+03 1.079048e+04 1.449531e+04 2.133424e+04  
2.232016e-02 5.936783e+03 1.073397e+04 1.441894e+04 2.122090e+04  
2.263130e-02 5.904369e+03 1.067486e+04 1.433907e+04 2.110243e+04  
2.294676e-02 5.870529e+03 1.061317e+04 1.425574e+04 2.097887e+04  
2.326663e-02 5.835281e+03 1.054894e+04 1.416900e+04 2.085028e+04  
2.359095e-02 5.798644e+03 1.048220e+04 1.407889e+04 2.071674e+04  
2.391980e-02 5.760641e+03 1.041299e+04 1.398546e+04 2.057834e+04  
2.425323e-02 5.721291e+03 1.034135e+04 1.388878e+04 2.043514e+04  
2.459130e-02 5.680617e+03 1.026733e+04 1.378889e+04 2.028722e+04  
2.493409e-02 5.638642e+03 1.019095e+04 1.368585e+04 2.013469e+04  
2.528166e-02 5.595396e+03 1.011229e+04 1.357974e+04 1.997764e+04  
2.563407e-02 5.550914e+03 1.003140e+04 1.347063e+04 1.981620e+04  
2.599140e-02 5.505232e+03 9.948343e+03 1.335863e+04 1.965050e+04  
2.635371e-02 5.458396e+03 9.863209e+03 1.324384e+04 1.948072e+04  
2.672106e-02 5.410442e+03 9.776064e+03 1.312636e+04 1.930698e+04  
2.709354e-02 5.361410e+03 9.686977e+03 1.300628e+04 1.912942e+04  
2.747121e-02 5.311341e+03 9.596027e+03 1.288369e+04 1.894820e+04  
2.785414e-02 5.260283e+03 9.503301e+03 1.275873e+04 1.876350e+04  
2.824241e-02 5.208291e+03 9.408895e+03 1.263153e+04 1.857550e+04  
2.863610e-02 5.155422e+03 9.312917e+03 1.250222e+04 1.838443e+04  
2.903527e-02 5.101742e+03 9.215485e+03 1.237096e+04 1.819050e+04  
2.944000e-02 5.047308e+03 9.116702e+03 1.223790e+04 1.799394e+04  
2.985038e-02 4.992174e+03 9.016667e+03 1.210317e+04 1.779494e+04  
3.026648e-02 4.936398e+03 8.915485e+03 1.196690e+04 1.759370e+04  
3.068838e-02 4.880043e+03 8.813272e+03 1.182927e+04 1.739045e+04  
3.111616e-02 4.823180e+03 8.710153e+03 1.169042e+04 1.718545e+04  
3.154990e-02 4.765884e+03 8.606267e+03 1.155056e+04 1.697897e+04  
3.198969e-02 4.708237e+03 8.501760e+03 1.140987e+04 1.677129e+04  
3.243561e-02 4.650313e+03 8.396768e+03 1.126854e+04 1.656270e+04  
3.288774e-02 4.592174e+03 8.291403e+03 1.112673e+04 1.635340e+04  
3.334618e-02 4.533888e+03 8.185788e+03 1.098458e+04 1.614365e+04  
3.381101e-02 4.475526e+03 8.080050e+03 1.084229e+04 1.593370e+04  
3.428231e-02 4.417165e+03 7.974329e+03 1.070003e+04 1.572382e+04  
3.476019e-02 4.358888e+03 7.868773e+03 1.055800e+04 1.551430e+04  
3.524473e-02 4.300782e+03 7.763544e+03 1.041643e+04 1.530547e+04  
3.573602e-02 4.242932e+03 7.658791e+03 1.027551e+04 1.509763e+04  
3.623416e-02 4.185407e+03 7.554640e+03 1.013540e+04 1.489101e+04  
3.673925e-02 4.128277e+03 7.451216e+03 9.996286e+03 1.468587e+04  
3.725137e-02 4.071617e+03 7.348656e+03 9.858341e+03 1.448249e+04  
3.777064e-02 4.015507e+03 7.247101e+03 9.721759e+03 1.428113e+04  
3.829714e-02 3.960030e+03 7.146703e+03 9.586742e+03 1.408210e+04  
3.883098e-02 3.905276e+03 7.047623e+03 9.453505e+03 1.388571e+04  
3.937226e-02 3.851324e+03 6.950003e+03 9.322240e+03 1.369225e+04  
3.992109e-02 3.798215e+03 6.853915e+03 9.193043e+03 1.350187e+04  
4.047757e-02 3.745981e+03 6.759418e+03 9.065994e+03 1.331466e+04  
4.104181e-02 3.694656e+03 6.666571e+03 8.941169e+03 1.313076e+04  
4.161391e-02 3.644271e+03 6.575431e+03 8.818648e+03 1.295028e+04  
4.219398e-02 3.594859e+03 6.486058e+03 8.698508e+03 1.277333e+04  
4.278214e-02 3.546454e+03 6.398508e+03 8.580826e+03 1.260003e+04  
4.337850e-02 3.499091e+03 6.312848e+03 8.465691e+03 1.243050e+04  
4.398317e-02 3.452828e+03 6.229179e+03 8.353239e+03 1.226495e+04  
4.459628e-02 3.407732e+03 6.147622e+03 8.243630e+03 1.210362e+04  
4.521792e-02 3.363872e+03 6.068297e+03 8.137027e+03 1.194674e+04  
4.584824e-02 3.321318e+03 5.991333e+03 8.033600e+03 1.179457e+04  
4.648734e-02 3.280145e+03 5.916860e+03 7.933525e+03 1.164736e+04  
4.713535e-02 3.240430e+03 5.845014e+03 7.836983e+03 1.150539e+04  
4.779239e-02 3.202222e+03 5.775886e+03 7.744096e+03 1.136883e+04  
4.845859e-02 3.165478e+03 5.709395e+03 7.654752e+03 1.123752e+04  
4.913407e-02 3.130122e+03 5.645402e+03 7.568770e+03 1.111120e+04  
4.981898e-02 3.096070e+03 5.583757e+03 7.485943e+03 1.098956e+04  
5.051342e-02 3.063225e+03 5.524285e+03 7.406041e+03 1.087226e+04  
5.121755e-02 3.031482e+03 5.466795e+03 7.328805e+03 1.075893e+04  
5.193150e-02 3.000728e+03 5.411085e+03 7.253967e+03 1.064918e+04  
5.265540e-02 2.970902e+03 5.357044e+03 7.181376e+03 1.054277e+04  
5.338938e-02 2.941965e+03 5.304603e+03 7.110940e+03 1.043959e+04  
5.413360e-02 2.913875e+03 5.253683e+03 7.042554e+03 1.033947e+04  
5.488820e-02 2.886581e+03 5.204194e+03 6.976097e+03 1.024223e+04  
5.565331e-02 2.860028e+03 5.156036e+03 6.911434e+03 1.014769e+04  
5.642908e-02 2.834147e+03 5.109083e+03 6.848399e+03 1.005560e+04  
5.721568e-02 2.808831e+03 5.063145e+03 6.786735e+03 9.965582e+03  
5.801323e-02 2.783954e+03 5.017997e+03 6.726143e+03 9.877195e+03  
5.882190e-02 2.759380e+03 4.973395e+03 6.666294e+03 9.789959e+03  
5.964185e-02 2.734960e+03 4.929069e+03 6.606831e+03 9.703346e+03  
6.047322e-02 2.710532e+03 4.884736e+03 6.547372e+03 9.616794e+03  
6.131619e-02 2.685969e+03 4.840167e+03 6.487612e+03 9.529854e+03  
6.217090e-02 2.661166e+03 4.795174e+03 6.427301e+03 9.442157e+03  
6.303753e-02 2.636010e+03 4.749557e+03 6.366170e+03 9.353306e+03  
6.391624e-02 2.610377e+03 4.703098e+03 6.303929e+03 9.262869e+03  
6.480720e-02 2.584138e+03 4.655565e+03 6.240269e+03 9.170391e+03  
6.571058e-02 2.557178e+03 4.606756e+03 6.174916e+03 9.075466e+03  
6.662655e-02 2.529390e+03 4.556482e+03 6.107623e+03 8.977722e+03  
6.755528e-02 2.500660e+03 4.504545e+03 6.038120e+03 8.876760e+03  
6.849697e-02 2.470868e+03 4.450729e+03 5.966123e+03 8.772155e+03  
6.945178e-02 2.439898e+03 4.394833e+03 5.891361e+03 8.663502e+03  
7.041990e-02 2.407693e+03 4.336758e+03 5.813703e+03 8.550600e+03  
7.140151e-02 2.374212e+03 4.276431e+03 5.733051e+03 8.433301e+03  
7.239681e-02 2.339409e+03 4.213779e+03 5.649306e+03 8.311450e+03  
7.340598e-02 2.303244e+03 4.148728e+03 5.562372e+03 8.184900e+03  
7.442922e-02 2.265719e+03 4.081288e+03 5.472261e+03 8.053660e+03  
7.546673e-02 2.226877e+03 4.011537e+03 5.379077e+03 7.917880e+03  
7.651869e-02 2.186766e+03 3.939564e+03 5.282941e+03 7.777732e+03  
7.758532e-02 2.145444e+03 3.865473e+03 5.183990e+03 7.633411e+03  
7.866682e-02 2.103003e+03 3.789433e+03 5.082449e+03 7.485248e+03  
7.976339e-02 2.059580e+03 3.711687e+03 4.978646e+03 7.333724e+03  
8.087525e-02 2.015328e+03 3.632508e+03 4.872945e+03 7.179373e+03  
8.200261e-02 1.970412e+03 3.552191e+03 4.765738e+03 7.022775e+03  
8.314568e-02 1.925009e+03 3.471051e+03 4.657449e+03 6.864553e+03  
8.430468e-02 1.879309e+03 3.389427e+03 4.548529e+03 6.705379e+03  
8.547985e-02 1.833520e+03 3.307684e+03 4.439469e+03 6.545976e+03  
8.667139e-02 1.787860e+03 3.226213e+03 4.330787e+03 6.387116e+03  
8.787954e-02 1.742541e+03 3.145386e+03 4.222985e+03 6.229539e+03  
8.910453e-02 1.697782e+03 3.065591e+03 4.116576e+03 6.074014e+03  
9.034660e-02 1.653817e+03 2.987240e+03 4.012113e+03 5.921359e+03  
9.160598e-02 1.610868e+03 2.910723e+03 3.910118e+03 5.772350e+03  
9.288292e-02 1.569122e+03 2.836373e+03 3.811032e+03 5.627646e+03  
9.417766e-02 1.528777e+03 2.764536e+03 3.715319e+03 5.487936e+03  
9.549045e-02 1.490045e+03 2.695581e+03 3.623471e+03 5.353954e+03  
9.682153e-02 1.453114e+03 2.629841e+03 3.535931e+03 5.226359e+03  
9.817117e-02 1.418100e+03 2.567515e+03 3.452963e+03 5.105549e+03  
9.953962e-02 1.385109e+03 2.508787e+03 3.374814e+03 4.991893e+03  
1.009272e-01 1.354251e+03 2.453849e+03 3.301738e+03 4.885771e+03  
1.023340e-01 1.325596e+03 2.402818e+03 3.233890e+03 4.787419e+03  
1.037605e-01 1.299114e+03 2.355638e+03 3.171196e+03 4.696731e+03  
1.052069e-01 1.274757e+03 2.312220e+03 3.113534e+03 4.613533e+03  
1.066734e-01 1.252464e+03 2.272453e+03 3.060758e+03 4.537611e+03  
1.081604e-01 1.232122e+03 2.236134e+03 3.012595e+03 4.468568e+03  
1.096681e-01 1.213557e+03 2.202954e+03 2.968632e+03 4.405795e+03  
1.111968e-01 1.196575e+03 2.172567e+03 2.928407e+03 4.348610e+03  
1.127468e-01 1.180961e+03 2.144591e+03 2.891412e+03 4.296264e+03  
1.143184e-01 1.166478e+03 2.118610e+03 2.857089e+03 4.247927e+03  
1.159120e-01 1.152868e+03 2.094166e+03 2.824828e+03 4.202692e+03  
1.175277e-01 1.139847e+03 2.070762e+03 2.793966e+03 4.159573e+03  
1.191660e-01 1.127141e+03 2.047915e+03 2.763855e+03 4.117600e+03  
1.208271e-01 1.114476e+03 2.025145e+03 2.733856e+03 4.075812e+03  
1.225114e-01 1.101559e+03 2.001938e+03 2.703280e+03 4.033172e+03  
1.242191e-01 1.088111e+03 1.977810e+03 2.671479e+03 3.988698e+03  
1.259506e-01 1.073905e+03 1.952363e+03 2.637919e+03 3.941578e+03  
1.277063e-01 1.058700e+03 1.925179e+03 2.602041e+03 3.890958e+03  
1.294865e-01 1.042301e+03 1.895918e+03 2.563386e+03 3.836131e+03  
1.312915e-01 1.024628e+03 1.864446e+03 2.521773e+03 3.776810e+03  
1.331216e-01 1.005617e+03 1.830653e+03 2.477056e+03 3.712759e+03  
1.349772e-01 9.852579e+02 1.794524e+03 2.429208e+03 3.643925e+03  
1.368587e-01 9.636496e+02 1.756235e+03 2.378468e+03 3.570658e+03  
1.387665e-01 9.409184e+02 1.716010e+03 2.325132e+03 3.493396e+03  
1.407008e-01 9.172342e+02 1.674149e+03 2.269600e+03 3.412739e+03  
1.426621e-01 8.928273e+02 1.631053e+03 2.212413e+03 3.329502e+03  
1.446507e-01 8.679508e+02 1.587167e+03 2.154162e+03 3.244582e+03  
1.466671e-01 8.428710e+02 1.542954e+03 2.095472e+03 3.158921e+03  
1.487115e-01 8.178709e+02 1.498909e+03 2.037002e+03 3.073524e+03  
1.507845e-01 7.932507e+02 1.455554e+03 1.979452e+03 2.989450e+03  
1.528864e-01 7.693104e+02 1.413410e+03 1.923520e+03 2.907760e+03  
1.550175e-01 7.463654e+02 1.373023e+03 1.869936e+03 2.829563e+03  
1.571784e-01 7.246926e+02 1.334873e+03 1.819340e+03 2.755831e+03  
1.593694e-01 7.045167e+02 1.299347e+03 1.772251e+03 2.687349e+03  
1.615909e-01 6.860373e+02 1.266788e+03 1.729126e+03 2.624813e+03  
1.638434e-01 6.693121e+02 1.237293e+03 1.690094e+03 2.568419e+03  
1.661273e-01 6.543521e+02 1.210876e+03 1.655172e+03 2.518203e+03  
1.684430e-01 6.410641e+02 1.187372e+03 1.624141e+03 2.473834e+03  
1.707910e-01 6.292655e+02 1.166460e+03 1.596571e+03 2.434671e+03  
1.731717e-01 6.187389e+02 1.147761e+03 1.571956e+03 2.399954e+03  
1.755856e-01 6.092227e+02 1.130818e+03 1.549687e+03 2.368765e+03  
1.780332e-01 6.004391e+02 1.115150e+03 1.529120e+03 2.340130e+03  
1.805149e-01 5.921213e+02 1.100293e+03 1.509634e+03 2.313111e+03  
1.830312e-01 5.839905e+02 1.085764e+03 1.490585e+03 2.286726e+03  
1.855825e-01 5.757665e+02 1.071079e+03 1.471324e+03 2.259982e+03  
1.881694e-01 5.671628e+02 1.055745e+03 1.451186e+03 2.231863e+03  
1.907924e-01 5.579417e+02 1.039351e+03 1.429623e+03 2.201519e+03  
1.934520e-01 5.478938e+02 1.021538e+03 1.406151e+03 2.168200e+03  
1.961486e-01 5.369166e+02 1.002132e+03 1.380533e+03 2.131536e+03  
1.988828e-01 5.249816e+02 9.810861e+02 1.352707e+03 2.091421e+03  
2.016551e-01 5.121984e+02 9.585911e+02 1.322928e+03 2.048243e+03  
2.044661e-01 4.987631e+02 9.349875e+02 1.291652e+03 2.002702e+03  
2.073162e-01 4.849260e+02 9.107081e+02 1.259461e+03 1.955691e+03  
2.102061e-01 4.709666e+02 8.862348e+02 1.227001e+03 1.908204e+03  
2.131362e-01 4.571490e+02 8.620224e+02 1.194884e+03 1.861182e+03  
2.161073e-01 4.437305e+02 8.385128e+02 1.163700e+03 1.815534e+03  
2.191197e-01 4.309375e+02 8.160935e+02 1.133971e+03 1.772059e+03  
2.221741e-01 4.189676e+02 7.951024e+02 1.106146e+03 1.731448e+03  
2.252711e-01 4.079680e+02 7.757889e+02 1.080560e+03 1.694214e+03  
2.284112e-01 3.980164e+02 7.582839e+02 1.057387e+03 1.660622e+03  
2.315951e-01 3.891174e+02 7.425920e+02 1.036633e+03 1.630684e+03  
2.348235e-01 3.811812e+02 7.285568e+02 1.018088e+03 1.604079e+03  
2.380968e-01 3.740542e+02 7.159128e+02 1.001396e+03 1.580266e+03  
2.414157e-01 3.675233e+02 7.042935e+02 9.860680e+02 1.558499e+03  
2.447809e-01 3.613496e+02 6.932896e+02 9.715555e+02 1.537937e+03  
2.481930e-01 3.552836e+02 6.824739e+02 9.572865e+02 1.517704e+03  
2.516527e-01 3.491005e+02 6.714625e+02 9.427468e+02 1.497009e+03  
2.551606e-01 3.426156e+02 6.599407e+02 9.275143e+02 1.475201e+03  
2.587174e-01 3.357049e+02 6.476983e+02 9.113070e+02 1.451843e+03  
2.623238e-01 3.283325e+02 6.346755e+02 8.940444e+02 1.426811e+03  
2.659804e-01 3.205382e+02 6.209418e+02 8.758202e+02 1.400250e+03  
2.696881e-01 3.124345e+02 6.066900e+02 8.568935e+02 1.372560e+03  
2.734474e-01 3.041867e+02 5.922029e+02 8.376437e+02 1.344328e+03  
2.772591e-01 2.959796e+02 5.777953e+02 8.184932e+02 1.316205e+03  
2.811239e-01 2.879955e+02 5.637768e+02 7.998569e+02 1.288832e+03  
2.850426e-01 2.803948e+02 5.504189e+02 7.820976e+02 1.262766e+03  
2.890160e-01 2.732982e+02 5.379249e+02 7.654869e+02 1.238424e+03  
2.930447e-01 2.667730e+02 5.264071e+02 7.501740e+02 1.216032e+03  
2.971296e-01 2.608214e+02 5.158673e+02 7.361604e+02 1.195594e+03  
3.012714e-01 2.553787e+02 5.061939e+02 7.232968e+02 1.176878e+03  
3.054710e-01 2.503278e+02 4.971876e+02 7.113163e+02 1.159476e+03  
3.097291e-01 2.455191e+02 4.885944e+02 6.998794e+02 1.142869e+03  
3.140465e-01 2.407975e+02 4.801520e+02 6.886359e+02 1.126519e+03  
3.184242e-01 2.360336e+02 4.716418e+02 6.772941e+02 1.109980e+03  
3.228628e-01 2.311408e+02 4.629188e+02 6.656602e+02 1.092957e+03  
3.273634e-01 2.260787e+02 4.539153e+02 6.536445e+02 1.075314e+03  
3.319266e-01 2.208594e+02 4.446528e+02 6.412764e+02 1.057097e+03  
3.365535e-01 2.155446e+02 4.352361e+02 6.286964e+02 1.038525e+03  
3.412449e-01 2.102323e+02 4.258302e+02 6.161254e+02 1.019937e+03  
3.460016e-01 2.050417e+02 4.166353e+02 6.038302e+02 1.001742e+03  
3.508247e-01 2.000740e+02 4.078207e+02 5.920365e+02 9.842855e+02  
3.557150e-01 1.953838e+02 3.994769e+02 5.808644e+02 9.677488e+02  
3.606735e-01 1.909846e+02 3.916252e+02 5.703414e+02 9.521726e+02  
3.657011e-01 1.868607e+02 3.842384e+02 5.604308e+02 9.374999e+02  
3.707988e-01 1.829674e+02 3.772407e+02 5.510314e+02 9.235761e+02  
3.759675e-01 1.792322e+02 3.705103e+02 5.419811e+02 9.101546e+02  
3.812083e-01 1.755672e+02 3.639003e+02 5.330848e+02 8.969397e+02  
3.865221e-01 1.719016e+02 3.572931e+02 5.241867e+02 8.836963e+02  
3.919100e-01 1.682040e+02 3.506368e+02 5.152183e+02 8.703224e+02  
3.973730e-01 1.644785e+02 3.439387e+02 5.061898e+02 8.568353e+02  
4.029122e-01 1.607538e+02 3.372466e+02 4.971651e+02 8.433333e+02  
4.085286e-01 1.570716e+02 3.306300e+02 4.882366e+02 8.299572e+02  
4.142232e-01 1.534852e+02 3.241770e+02 4.795209e+02 8.168830e+02  
4.199973e-01 1.500406e+02 3.179632e+02 4.711177e+02 8.042606e+02  
4.258518e-01 1.467572e+02 3.120198e+02 4.630680e+02 7.921503e+02  
4.317880e-01 1.436224e+02 3.063254e+02 4.553430e+02 7.805083e+02  
4.378069e-01 1.406164e+02 3.008468e+02 4.478986e+02 7.692678e+02  
4.439097e-01 1.377024e+02 2.955230e+02 4.406544e+02 7.583086e+02  
4.500975e-01 1.348419e+02 2.902908e+02 4.335272e+02 7.475067e+02  
4.563716e-01 1.320069e+02 2.851040e+02 4.264563e+02 7.367731e+02  
4.627332e-01 1.291925e+02 2.799550e+02 4.194323e+02 7.260948e+02  
4.691835e-01 1.264078e+02 2.748586e+02 4.124746e+02 7.155016e+02  
4.757236e-01 1.236726e+02 2.698474e+02 4.056264e+02 7.050579e+02  
4.823549e-01 1.210084e+02 2.649560e+02 3.989329e+02 6.948311e+02  
4.890787e-01 1.184360e+02 2.602181e+02 3.924380e+02 6.848849e+02  
4.958962e-01 1.159552e+02 2.556328e+02 3.861403e+02 6.752172e+02  
5.028087e-01 1.135547e+02 2.511814e+02 3.800151e+02 6.657911e+02  
5.098176e-01 1.112233e+02 2.468455e+02 3.740385e+02 6.565715e+02  
5.169242e-01 1.089459e+02 2.426006e+02 3.681784e+02 6.475116e+02  
5.241298e-01 1.067033e+02 2.384156e+02 3.623946e+02 6.385537e+02  
5.314359e-01 1.044980e+02 2.342946e+02 3.566924e+02 6.297057e+02  
5.388438e-01 1.023363e+02 2.302473e+02 3.510847e+02 6.209870e+02  
5.463550e-01 1.002214e+02 2.262793e+02 3.455785e+02 6.124076e+02  
5.539709e-01 9.816322e+01 2.224059e+02 3.401938e+02 6.039963e+02  
5.616930e-01 9.616744e+01 2.186360e+02 3.349417e+02 5.957685e+02  
5.695227e-01 9.422610e+01 2.149567e+02 3.298056e+02 5.877002e+02  
5.774615e-01 9.233450e+01 2.113602e+02 3.247753e+02 5.797771e+02  
5.855110e-01 9.048797e+01 2.078390e+02 3.198412e+02 5.719853e+02  
5.936727e-01 8.867680e+01 2.043777e+02 3.149836e+02 5.642971e+02  
6.019482e-01 8.690394e+01 2.009808e+02 3.102082e+02 5.567210e+02  
6.103390e-01 8.517112e+01 1.976509e+02 3.055184e+02 5.492616e+02  
6.188468e-01 8.347853e+01 1.943882e+02 3.009143e+02 5.419191e+02  
6.274732e-01 8.182910e+01 1.911972e+02 2.964016e+02 5.347011e+02  
6.362198e-01 8.022219e+01 1.880765e+02 2.919786e+02 5.276051e+02  
6.450884e-01 7.865585e+01 1.850230e+02 2.876411e+02 5.206252e+02  
6.540806e-01 7.712601e+01 1.820303e+02 2.833810e+02 5.137500e+02  
6.631981e-01 7.562796e+01 1.790909e+02 2.791888e+02 5.069668e+02  
6.724427e-01 7.416244e+01 1.762058e+02 2.750659e+02 5.002774e+02  
6.818162e-01 7.273048e+01 1.733766e+02 2.710140e+02 4.936842e+02  
6.913204e-01 7.133281e+01 1.706042e+02 2.670344e+02 4.871886e+02  
7.009570e-01 6.996861e+01 1.678872e+02 2.631252e+02 4.807878e+02  
7.107280e-01 6.863636e+01 1.652231e+02 2.592833e+02 4.744777e+02  
7.206351e-01 6.733441e+01 1.626093e+02 2.555053e+02 4.682537e+02  
7.306804e-01 6.606146e+01 1.600438e+02 2.517887e+02 4.621122e+02  
7.408657e-01 6.481706e+01 1.575257e+02 2.481324e+02 4.560518e+02  
7.511929e-01 6.360076e+01 1.550542e+02 2.445353e+02 4.500711e+02  
7.616642e-01 6.241201e+01 1.526284e+02 2.409963e+02 4.441683e+02  
7.722814e-01 6.125016e+01 1.502471e+02 2.375139e+02 4.383414e+02  
7.830465e-01 6.011441e+01 1.479092e+02 2.340865e+02 4.325883e+02  
7.939618e-01 5.900387e+01 1.456131e+02 2.307123e+02 4.269065e+02  
8.050292e-01 5.791766e+01 1.433574e+02 2.273896e+02 4.212936e+02  
8.162509e-01 5.685526e+01 1.411413e+02 2.241172e+02 4.157483e+02  
8.276289e-01 5.581615e+01 1.389639e+02 2.208940e+02 4.102688e+02  
8.391656e-01 5.479972e+01 1.368243e+02 2.177189e+02 4.048537e+02  
8.508632e-01 5.380540e+01 1.347213e+02 2.145906e+02 3.995013e+02  
8.627237e-01 5.283265e+01 1.326543e+02 2.115080e+02 3.942102e+02  
8.747496e-01 5.188085e+01 1.306221e+02 2.084699e+02 3.889787e+02  
8.869432e-01 5.094935e+01 1.286238e+02 2.054750e+02 3.838052e+02  
8.993067e-01 5.003766e+01 1.266586e+02 2.025223e+02 3.786883e+02  
9.118425e-01 4.914531e+01 1.247257e+02 1.996110e+02 3.736270e+02  
9.245531e-01 4.827179e+01 1.228243e+02 1.967400e+02 3.686198e+02  
9.374409e-01 4.741656e+01 1.209535e+02 1.939082e+02 3.636654e+02  
9.505083e-01 4.657920e+01 1.191126e+02 1.911149e+02 3.587629e+02  
9.637579e-01 4.575922e+01 1.173010e+02 1.883590e+02 3.539109e+02  
9.771921e-01 4.495609e+01 1.155177e+02 1.856397e+02 3.491084e+02  
9.908137e-01 4.416937e+01 1.137621e+02 1.829560e+02 3.443542e+02  
1.004625e+00 4.339870e+01 1.120336e+02 1.803074e+02 3.396474e+02  
1.018629e+00 4.264363e+01 1.103316e+02 1.776929e+02 3.349872e+02  
1.032828e+00 4.190373e+01 1.086553e+02 1.751118e+02 3.303725e+02  
1.047225e+00 4.117863e+01 1.070041e+02 1.725633e+02 3.258025e+02  
1.061823e+00 4.046795e+01 1.053776e+02 1.700469e+02 3.212765e+02  
1.076624e+00 3.977124e+01 1.037750e+02 1.675617e+02 3.167935e+02  
1.091632e+00 3.908814e+01 1.021957e+02 1.651071e+02 3.123527e+02  
1.106848e+00 3.841836e+01 1.006394e+02 1.626825e+02 3.079537e+02  
1.122277e+00 3.776159e+01 9.910556e+01 1.602875e+02 3.035956e+02  
1.137921e+00 3.711748e+01 9.759363e+01 1.579213e+02 2.992780e+02  
1.153783e+00 3.648573e+01 9.610317e+01 1.555836e+02 2.950002e+02  
1.169866e+00 3.586602e+01 9.463372e+01 1.532736e+02 2.907616e+02  
1.186174e+00 3.525800e+01 9.318476e+01 1.509910e+02 2.865617e+02  
1.202708e+00 3.466133e+01 9.175580e+01 1.487350e+02 2.823999e+02  
1.219473e+00 3.407575e+01 9.034648e+01 1.465054e+02 2.782757e+02  
1.236472e+00 3.350100e+01 8.895639e+01 1.443016e+02 2.741889e+02  
1.253708e+00 3.293679e+01 8.758513e+01 1.421233e+02 2.701388e+02  
1.271184e+00 3.238286e+01 8.623233e+01 1.399699e+02 2.661252e+02  
1.288904e+00 3.183899e+01 8.489766e+01 1.378412e+02 2.621476e+02  
1.306870e+00 3.130494e+01 8.358077e+01 1.357368e+02 2.582059e+02  
1.325087e+00 3.078044e+01 8.228130e+01 1.336562e+02 2.542996e+02  
1.343558e+00 3.026527e+01 8.099894e+01 1.315992e+02 2.504286e+02  
1.362287e+00 2.975921e+01 7.973338e+01 1.295654e+02 2.465924e+02  
1.381276e+00 2.926202e+01 7.848428e+01 1.275545e+02 2.427909e+02  
1.400531e+00 2.877346e+01 7.725133e+01 1.255661e+02 2.390238e+02  
1.420053e+00 2.829336e+01 7.603428e+01 1.235999e+02 2.352911e+02  
1.439848e+00 2.782153e+01 7.483287e+01 1.216558e+02 2.315924e+02  
1.459919e+00 2.735775e+01 7.364683e+01 1.197334e+02 2.279276e+02  
1.480269e+00 2.690186e+01 7.247590e+01 1.178324e+02 2.242966e+02  
1.500903e+00 2.645366e+01 7.131985e+01 1.159527e+02 2.206993e+02  
1.521825e+00 2.601297e+01 7.017843e+01 1.140940e+02 2.171356e+02  
1.543038e+00 2.557959e+01 6.905137e+01 1.122560e+02 2.136053e+02  
1.564548e+00 2.515337e+01 6.793850e+01 1.104385e+02 2.101084e+02  
1.586357e+00 2.473417e+01 6.683961e+01 1.086413e+02 2.066449e+02  
1.608469e+00 2.432183e+01 6.575451e+01 1.068643e+02 2.032147e+02  
1.630891e+00 2.391620e+01 6.468298e+01 1.051073e+02 1.998177e+02  
1.653624e+00 2.351715e+01 6.362487e+01 1.033700e+02 1.964539e+02  
1.676675e+00 2.312451e+01 6.257996e+01 1.016523e+02 1.931234e+02  
1.700047e+00 2.273813e+01 6.154807e+01 9.995407e+01 1.898261e+02  
1.723745e+00 2.235788e+01 6.052904e+01 9.827507e+01 1.865621e+02  
1.747773e+00 2.198365e+01 5.952271e+01 9.661519e+01 1.833313e+02  
1.772136e+00 2.161529e+01 5.852892e+01 9.497427e+01 1.801338e+02  
1.796838e+00 2.125268e+01 5.754752e+01 9.335218e+01 1.769696e+02  
1.821885e+00 2.089573e+01 5.657836e+01 9.174879e+01 1.738387e+02  
1.847281e+00 2.054431e+01 5.562131e+01 9.016398e+01 1.707412e+02  
1.873032e+00 2.019831e+01 5.467623e+01 8.859761e+01 1.676772e+02  
1.899141e+00 1.985762e+01 5.374299e+01 8.704956e+01 1.646467e+02  
1.925614e+00 1.952215e+01 5.282145e+01 8.551974e+01 1.616498e+02  
1.952456e+00 1.919178e+01 5.191150e+01 8.400801e+01 1.586864e+02  
1.979672e+00 1.886640e+01 5.101299e+01 8.251427e+01 1.557568e+02  
2.007267e+00 1.854594e+01 5.012584e+01 8.103843e+01 1.528608e+02  
2.035248e+00 1.823030e+01 4.924992e+01 7.958038e+01 1.499987e+02  
2.063618e+00 1.791939e+01 4.838513e+01 7.814004e+01 1.471705e+02  
2.092383e+00 1.761314e+01 4.753136e+01 7.671730e+01 1.443761e+02  
2.121550e+00 1.731145e+01 4.668850e+01 7.531208e+01 1.416158e+02  
2.151123e+00 1.701423e+01 4.585647e+01 7.392430e+01 1.388895e+02  
2.181109e+00 1.672141e+01 4.503514e+01 7.255385e+01 1.361972e+02  
2.211512e+00 1.643291e+01 4.422443e+01 7.120066e+01 1.335391e+02  
2.242340e+00 1.614866e+01 4.342425e+01 6.986465e+01 1.309152e+02  
2.273597e+00 1.586858e+01 4.263452e+01 6.854574e+01 1.283254e+02  
2.305289e+00 1.559262e+01 4.185513e+01 6.724386e+01 1.257699e+02  
2.337424e+00 1.532069e+01 4.108601e+01 6.595892e+01 1.232486e+02  
2.370006e+00 1.505275e+01 4.032708e+01 6.469086e+01 1.207616e+02  
2.403043e+00 1.478871e+01 3.957825e+01 6.343959e+01 1.183088e+02  
2.436540e+00 1.452853e+01 3.883944e+01 6.220505e+01 1.158903e+02  
2.470504e+00 1.427214e+01 3.811056e+01 6.098716e+01 1.136746e+02  
2.504942e+00 1.401948e+01 3.739156e+01 5.978585e+01 1.111560e+02  
2.539859e+00 1.377049e+01 3.668233e+01 5.860104e+01 1.088401e+02  
2.575263e+00 1.352512e+01 3.598282e+01 5.743266e+01 1.065584e+02  
2.611161e+00 1.328332e+01 3.529295e+01 5.628065e+01 1.043107e+02  
2.647559e+00 1.304503e+01 3.461264e+01 5.514492e+01 1.020970e+02  
2.684465e+00 1.281021e+01 3.394182e+01 5.402541e+01 9.991729e+01  
2.721885e+00 1.257880e+01 3.328043e+01 5.292204e+01 9.777137e+01  
2.759826e+00 1.235077e+01 3.262839e+01 5.183474e+01 9.565917e+01  
2.798297e+00 1.212605e+01 3.198563e+01 5.076343e+01 9.358058e+01  
2.837304e+00 1.190461e+01 3.135209e+01 4.970804e+01 9.153547e+01  
2.876854e+00 1.168640e+01 3.072770e+01 4.866848e+01 8.952369e+01  
2.916956e+00 1.147138e+01 3.011239e+01 4.764468e+01 8.754511e+01  
2.957617e+00 1.125951e+01 2.950609e+01 4.663656e+01 8.559955e+01  
2.998844e+00 1.105074e+01 2.890874e+01 4.564403e+01 8.368683e+01  
3.040646e+00 1.084504e+01 2.832027e+01 4.466701e+01 8.180678e+01  
3.083031e+00 1.064237e+01 2.774061e+01 4.370542e+01 7.995919e+01  
3.126007e+00 1.044269e+01 2.716970e+01 4.275917e+01 7.814385e+01  
3.169582e+00 1.024597e+01 2.660749e+01 4.182817e+01 7.636066e+01  
3.213764e+00 1.005216e+01 2.605389e+01 4.091232e+01 7.460904e+01  
3.258562e+00 9.861228e+00 2.550884e+01 4.001153e+01 7.288910e+01  
3.303985e+00 9.673146e+00 2.497229e+01 3.912570e+01 7.120047e+01  
3.350041e+00 9.487877e+00 2.444416e+01 3.825474e+01 6.954288e+01  
3.396739e+00 9.305388e+00 2.392439e+01 3.739853e+01 6.791608e+01  
3.444087e+00 9.125646e+00 2.341292e+01 3.655699e+01 6.631978e+01  
3.492096e+00 8.948620e+00 2.290968e+01 3.572999e+01 6.475369e+01  
3.540774e+00 8.774278e+00 2.241461e+01 3.491744e+01 6.321752e+01  
3.590130e+00 8.602588e+00 2.192763e+01 3.411921e+01 6.171097e+01  
3.640175e+00 8.433521e+00 2.144870e+01 3.333520e+01 6.023373e+01  
3.690917e+00 8.267048e+00 2.097773e+01 3.256527e+01 5.878548e+01  
3.742366e+00 8.103140e+00 2.051466e+01 3.180932e+01 5.736590e+01  
3.794533e+00 7.941766e+00 2.005943e+01 3.106722e+01 5.597466e+01  
3.847427e+00 7.782900e+00 1.961197e+01 3.033885e+01 5.461143e+01  
3.901058e+00 7.626513e+00 1.917222e+01 2.962406e+01 5.327587e+01  
3.955436e+00 7.472578e+00 1.874010e+01 2.892274e+01 5.196763e+01  
4.010573e+00 7.321067e+00 1.831554e+01 2.823475e+01 5.068637e+01  
4.066478e+00 7.171954e+00 1.789848e+01 2.755995e+01 4.943173e+01  
4.123163e+00 7.025212e+00 1.748885e+01 2.689821e+01 4.820336e+01  
4.180637e+00 6.880816e+00 1.708657e+01 2.624937e+01 4.700090e+01  
4.238913e+00 6.738739e+00 1.669159e+01 2.561331e+01 4.582400e+01  
4.298001e+00 6.598956e+00 1.630381e+01 2.498988e+01 4.467228e+01  
4.357913e+00 6.461443e+00 1.592319e+01 2.437892e+01 4.354538e+01  
4.418660e+00 6.326173e+00 1.554963e+01 2.378029e+01 4.244293e+01  
4.480254e+00 6.193122e+00 1.518308e+01 2.319384e+01 4.136457e+01  
4.542706e+00 6.062266e+00 1.482344e+01 2.261941e+01 4.030992e+01  
4.606029e+00 5.933580e+00 1.447066e+01 2.205686e+01 3.927862e+01  
4.670234e+00 5.807041e+00 1.412466e+01 2.150602e+01 3.827029e+01  
4.735335e+00 5.682624e+00 1.378536e+01 2.096674e+01 3.728457e+01  
4.801343e+00 5.560306e+00 1.345268e+01 2.043887e+01 3.632108e+01  
4.868271e+00 5.440064e+00 1.312654e+01 1.992224e+01 3.537945e+01  
4.936132e+00 5.321873e+00 1.280688e+01 1.941669e+01 3.445932e+01  
5.004939e+00 5.205712e+00 1.249361e+01 1.892207e+01 3.356031e+01  
5.074705e+00 5.091556e+00 1.218665e+01 1.843821e+01 3.268206e+01  
5.145444e+00 4.979384e+00 1.188593e+01 1.796495e+01 3.182420e+01  
5.217169e+00 4.869172e+00 1.159136e+01 1.750213e+01 3.098637e+01  
5.289893e+00 4.760898e+00 1.130287e+01 1.704959e+01 3.016820e+01  
5.363631e+00 4.654539e+00 1.102037e+01 1.660718e+01 2.936934e+01  
5.438397e+00 4.550074e+00 1.074378e+01 1.617470e+01 2.858944e+01  
5.514206e+00 4.447480e+00 1.047303e+01 1.575202e+01 2.782812e+01  
5.591071e+00 4.346735e+00 1.020802e+01 1.533897e+01 2.708504e+01  
5.669007e+00 4.247817e+00 9.948691e+00 1.493539e+01 2.635986e+01  
5.748030e+00 4.150705e+00 9.694944e+00 1.454111e+01 2.565222e+01  
5.828155e+00 4.055376e+00 9.446703e+00 1.415598e+01 2.496178e+01  
5.909396e+00 3.961810e+00 9.203884e+00 1.377984e+01 2.428821e+01  
5.991770e+00 3.869984e+00 8.966406e+00 1.341253e+01 2.363115e+01  
6.075292e+00 3.779877e+00 8.734185e+00 1.305388e+01 2.299029e+01  
6.159978e+00 3.691469e+00 8.507139e+00 1.270374e+01 2.236528e+01  
6.245845e+00 3.604737e+00 8.285187e+00 1.236196e+01 2.175581e+01  
6.332908e+00 3.519661e+00 8.068245e+00 1.202838e+01 2.116156e+01  
6.421186e+00 3.436219e+00 7.856231e+00 1.170284e+01 2.058219e+01  
6.510694e+00 3.354392e+00 7.649063e+00 1.138519e+01 2.001741e+01  
6.601449e+00 3.274157e+00 7.446661e+00 1.107527e+01 1.946689e+01  
6.693470e+00 3.195494e+00 7.248941e+00 1.077295e+01 1.893034e+01  
6.786773e+00 3.118384e+00 7.055823e+00 1.047806e+01 1.840745e+01  
6.881377e+00 3.042804e+00 6.867226e+00 1.019046e+01 1.789792e+01  
6.977300e+00 2.968734e+00 6.683069e+00 9.910009e+00 1.740146e+01  
7.074559e+00 2.896155e+00 6.503273e+00 9.636553e+00 1.691778e+01  
7.173175e+00 2.825045e+00 6.327759e+00 9.369951e+00 1.644660e+01  
7.273165e+00 2.755384e+00 6.156446e+00 9.110062e+00 1.598763e+01  
7.374549e+00 2.687153e+00 5.989257e+00 8.856746e+00 1.554061e+01  
7.477346e+00 2.620331e+00 5.826114e+00 8.609864e+00 1.510525e+01  
7.581576e+00 2.554898e+00 5.666939e+00 8.369279e+00 1.468129e+01  
7.687260e+00 2.490834e+00 5.511656e+00 8.134857e+00 1.426847e+01  
7.794416e+00 2.428119e+00 5.360188e+00 7.906464e+00 1.386652e+01  
7.903066e+00 2.366734e+00 5.212462e+00 7.683969e+00 1.347521e+01  
8.013230e+00 2.306658e+00 5.068401e+00 7.467242e+00 1.309427e+01  
8.124930e+00 2.247872e+00 4.927933e+00 7.256156e+00 1.272346e+01  
8.238187e+00 2.190357e+00 4.790984e+00 7.050584e+00 1.236254e+01  
8.353023e+00 2.134092e+00 4.657482e+00 6.850403e+00 1.201128e+01  
8.469460e+00 2.079059e+00 4.527356e+00 6.655491e+00 1.166944e+01  
8.587519e+00 2.025237e+00 4.400536e+00 6.465728e+00 1.133680e+01  
8.707225e+00 1.972609e+00 4.276951e+00 6.280995e+00 1.101313e+01  
8.828599e+00 1.921154e+00 4.156532e+00 6.101177e+00 1.069821e+01  
8.951665e+00 1.870854e+00 4.039212e+00 5.926158e+00 1.039184e+01  
9.076446e+00 1.821690e+00 3.924925e+00 5.755827e+00 1.009379e+01  
9.202967e+00 1.773642e+00 3.813602e+00 5.590073e+00 9.803868e+00  
9.331251e+00 1.726692e+00 3.705180e+00 5.428787e+00 9.521866e+00  
9.461324e+00 1.680821e+00 3.599595e+00 5.271864e+00 9.247588e+00  
9.593209e+00 1.636010e+00 3.496782e+00 5.119197e+00 8.980840e+00  
9.726934e+00 1.592242e+00 3.396680e+00 4.970685e+00 8.721433e+00  
9.862522e+00 1.549498e+00 3.299226e+00 4.826226e+00 8.469180e+00  
1.000000e+01 1.507759e+00 3.204361e+00 4.685722e+00 8.223901e+00  
