1.000000e-02 4.568367e+03 8.299983e+03 1.119328e+04 1.659173e+04  
1.013939e-02 4.594488e+03 8.347266e+03 1.125688e+04 1.668559e+04  
1.028073e-02 4.620244e+03 8.393880e+03 1.131957e+04 1.677810e+04  
1.042404e-02 4.645618e+03 8.439796e+03 1.138131e+04 1.686920e+04  
1.056935e-02 4.670595e+03 8.484986e+03 1.144208e+04 1.695884e+04  
1.071668e-02 4.695160e+03 8.529422e+03 1.150182e+04 1.704695e+04  
1.086606e-02 4.719296e+03 8.573075e+03 1.156050e+04 1.713348e+04  
1.101753e-02 4.742988e+03 8.615917e+03 1.161808e+04 1.721837e+04  
1.117111e-02 4.766220e+03 8.657919e+03 1.167452e+04 1.730157e+04  
1.132683e-02 4.788976e+03 8.699050e+03 1.172979e+04 1.738301e+04  
1.148472e-02 4.811238e+03 8.739280e+03 1.178383e+04 1.746264e+04  
1.164481e-02 4.832990e+03 8.778578e+03 1.183662e+04 1.754039e+04  
1.180713e-02 4.854214e+03 8.816913e+03 1.188810e+04 1.761620e+04  
1.197171e-02 4.874895e+03 8.854256e+03 1.193824e+04 1.769001e+04  
1.213859e-02 4.895015e+03 8.890575e+03 1.198700e+04 1.776176e+04  
1.230780e-02 4.914558e+03 8.925840e+03 1.203433e+04 1.783138e+04  
1.247936e-02 4.933505e+03 8.960020e+03 1.208019e+04 1.789883e+04  
1.265332e-02 4.951840e+03 8.993081e+03 1.212454e+04 1.796402e+04  
1.282970e-02 4.969544e+03 9.024993e+03 1.216733e+04 1.802690e+04  
1.300854e-02 4.986600e+03 9.055722e+03 1.220853e+04 1.808741e+04  
1.318987e-02 5.002990e+03 9.085237e+03 1.224808e+04 1.814547e+04  
1.337373e-02 5.018698e+03 9.113507e+03 1.228595e+04 1.820104e+04  
1.356015e-02 5.033706e+03 9.140501e+03 1.232210e+04 1.825404e+04  
1.374917e-02 5.047996e+03 9.166187e+03 1.235648e+04 1.830441e+04  
1.394083e-02 5.061551e+03 9.190532e+03 1.238905e+04 1.835209e+04  
1.413516e-02 5.074352e+03 9.213504e+03 1.241976e+04 1.839701e+04  
1.433219e-02 5.086383e+03 9.235072e+03 1.244858e+04 1.843912e+04  
1.453198e-02 5.097626e+03 9.255205e+03 1.247545e+04 1.847834e+04  
1.473454e-02 5.108066e+03 9.273873e+03 1.250035e+04 1.851463e+04  
1.493993e-02 5.117684e+03 9.291046e+03 1.252323e+04 1.854792e+04  
1.514819e-02 5.126466e+03 9.306694e+03 1.254405e+04 1.857815e+04  
1.535935e-02 5.134391e+03 9.320783e+03 1.256276e+04 1.860526e+04  
1.557345e-02 5.141444e+03 9.333283e+03 1.257932e+04 1.862918e+04  
1.579053e-02 5.147606e+03 9.344160e+03 1.259370e+04 1.864985e+04  
1.601064e-02 5.152861e+03 9.353386e+03 1.260585e+04 1.866721e+04  
1.623382e-02 5.157192e+03 9.360932e+03 1.261572e+04 1.868121e+04  
1.646012e-02 5.160585e+03 9.366769e+03 1.262329e+04 1.869178e+04  
1.668956e-02 5.163024e+03 9.370870e+03 1.262852e+04 1.869889e+04  
1.692220e-02 5.164495e+03 9.373208e+03 1.263137e+04 1.870246e+04  
1.715809e-02 5.164982e+03 9.373757e+03 1.263180e+04 1.870245e+04  
1.739726e-02 5.164472e+03 9.372492e+03 1.262979e+04 1.869881e+04  
1.763977e-02 5.162952e+03 9.369391e+03 1.262529e+04 1.869150e+04  
1.788566e-02 5.160412e+03 9.364432e+03 1.261829e+04 1.868048e+04  
1.813498e-02 5.156840e+03 9.357599e+03 1.260877e+04 1.866571e+04  
1.838777e-02 5.152228e+03 9.348872e+03 1.259668e+04 1.864715e+04  
1.864409e-02 5.146562e+03 9.338231e+03 1.258202e+04 1.862477e+04  
1.890397e-02 5.139833e+03 9.325657e+03 1.256475e+04 1.859853e+04  
1.916748e-02 5.132030e+03 9.311131e+03 1.254484e+04 1.856839e+04  
1.943467e-02 5.123145e+03 9.294639e+03 1.252228e+04 1.853432e+04  
1.970558e-02 5.113172e+03 9.276168e+03 1.249706e+04 1.849630e+04  
1.998026e-02 5.102105e+03 9.255711e+03 1.246916e+04 1.845431e+04  
2.025878e-02 5.089940e+03 9.233258e+03 1.243856e+04 1.840835e+04  
2.054117e-02 5.076672e+03 9.208805e+03 1.240527e+04 1.835839e+04  
2.082751e-02 5.062300e+03 9.182344e+03 1.236928e+04 1.830442e+04  
2.111783e-02 5.046821e+03 9.153874e+03 1.233057e+04 1.824646e+04  
2.141220e-02 5.030237e+03 9.123398e+03 1.228916e+04 1.818449e+04  
2.171068e-02 5.012550e+03 9.090920e+03 1.224506e+04 1.811853e+04  
2.201331e-02 4.993766e+03 9.056451e+03 1.219827e+04 1.804860e+04  
2.232016e-02 4.973892e+03 9.020006e+03 1.214882e+04 1.797473e+04  
2.263130e-02 4.952934e+03 8.981592e+03 1.209672e+04 1.789695e+04  
2.294676e-02 4.930894e+03 8.941218e+03 1.204197e+04 1.781526e+04  
2.326663e-02 4.907781e+03 8.898896e+03 1.198461e+04 1.772969e+04  
2.359095e-02 4.883602e+03 8.854643e+03 1.192464e+04 1.764028e+04  
2.391980e-02 4.858370e+03 8.808480e+03 1.186210e+04 1.754707e+04  
2.425323e-02 4.832099e+03 8.760436e+03 1.179703e+04 1.745012e+04  
2.459130e-02 4.804807e+03 8.710542e+03 1.172947e+04 1.734949e+04  
2.493409e-02 4.776511e+03 8.658829e+03 1.165946e+04 1.724524e+04  
2.528166e-02 4.747228e+03 8.605328e+03 1.158704e+04 1.713744e+04  
2.563407e-02 4.716976e+03 8.550074e+03 1.151227e+04 1.702616e+04  
2.599140e-02 4.685779e+03 8.493110e+03 1.143519e+04 1.691148e+04  
2.635371e-02 4.653663e+03 8.434482e+03 1.135588e+04 1.679350e+04  
2.672106e-02 4.620657e+03 8.374247e+03 1.127441e+04 1.667233e+04  
2.709354e-02 4.586797e+03 8.312467e+03 1.119085e+04 1.654809e+04  
2.747121e-02 4.552114e+03 8.249198e+03 1.110530e+04 1.642091e+04  
2.785414e-02 4.516635e+03 8.184493e+03 1.101782e+04 1.629088e+04  
2.824241e-02 4.480391e+03 8.118407e+03 1.092848e+04 1.615812e+04  
2.863610e-02 4.443415e+03 8.051001e+03 1.083737e+04 1.602274e+04  
2.903527e-02 4.405747e+03 7.982345e+03 1.074458e+04 1.588489e+04  
2.944000e-02 4.367427e+03 7.912515e+03 1.065021e+04 1.574473e+04  
2.985038e-02 4.328503e+03 7.841597e+03 1.055439e+04 1.560241e+04  
3.026648e-02 4.289021e+03 7.769675e+03 1.045722e+04 1.545812e+04  
3.068838e-02 4.249019e+03 7.696818e+03 1.035879e+04 1.531199e+04  
3.111616e-02 4.208540e+03 7.623104e+03 1.025922e+04 1.516417e+04  
3.154990e-02 4.167627e+03 7.548612e+03 1.015861e+04 1.501483e+04  
3.198969e-02 4.126330e+03 7.473433e+03 1.005708e+04 1.486414e+04  
3.243561e-02 4.084703e+03 7.397665e+03 9.954759e+03 1.471231e+04  
3.288774e-02 4.042804e+03 7.321412e+03 9.851796e+03 1.455953e+04  
3.334618e-02 4.000692e+03 7.244783e+03 9.748332e+03 1.440604e+04  
3.381101e-02 3.958411e+03 7.167858e+03 9.644479e+03 1.425198e+04  
3.428231e-02 3.916008e+03 7.090720e+03 9.540346e+03 1.409752e+04  
3.476019e-02 3.873531e+03 7.013455e+03 9.436051e+03 1.394284e+04  
3.524473e-02 3.831030e+03 6.936159e+03 9.331721e+03 1.378813e+04  
3.573602e-02 3.788562e+03 6.858932e+03 9.227493e+03 1.363359e+04  
3.623416e-02 3.746187e+03 6.781882e+03 9.123510e+03 1.347943e+04  
3.673925e-02 3.703966e+03 6.705120e+03 9.019924e+03 1.332587e+04  
3.725137e-02 3.661947e+03 6.628734e+03 8.916852e+03 1.317310e+04  
3.777064e-02 3.620174e+03 6.552802e+03 8.814401e+03 1.302127e+04  
3.829714e-02 3.578694e+03 6.477410e+03 8.712686e+03 1.287054e+04  
3.883098e-02 3.537556e+03 6.402647e+03 8.611825e+03 1.272110e+04  
3.937226e-02 3.496813e+03 6.328608e+03 8.511947e+03 1.257314e+04  
3.992109e-02 3.456519e+03 6.255390e+03 8.413184e+03 1.242685e+04  
4.047757e-02 3.416731e+03 6.183097e+03 8.315674e+03 1.228243e+04  
4.104181e-02 3.377484e+03 6.111790e+03 8.219502e+03 1.214003e+04  
4.161391e-02 3.338798e+03 6.041506e+03 8.124715e+03 1.199969e+04  
4.219398e-02 3.300691e+03 5.972279e+03 8.031359e+03 1.186150e+04  
4.278214e-02 3.263183e+03 5.904142e+03 7.939480e+03 1.172552e+04  
4.337850e-02 3.226292e+03 5.837128e+03 7.849122e+03 1.159182e+04  
4.398317e-02 3.190036e+03 5.771271e+03 7.760330e+03 1.146047e+04  
4.459628e-02 3.154433e+03 5.706603e+03 7.673148e+03 1.133152e+04  
4.521792e-02 3.119506e+03 5.643163e+03 7.587628e+03 1.120507e+04  
4.584824e-02 3.085282e+03 5.581001e+03 7.503837e+03 1.108121e+04  
4.648734e-02 3.051790e+03 5.520168e+03 7.421844e+03 1.096004e+04  
4.713535e-02 3.019057e+03 5.460713e+03 7.341716e+03 1.084167e+04  
4.779239e-02 2.987113e+03 5.402688e+03 7.263521e+03 1.072619e+04  
4.845859e-02 2.955985e+03 5.346145e+03 7.187330e+03 1.061372e+04  
4.913407e-02 2.925702e+03 5.291129e+03 7.113204e+03 1.050434e+04  
4.981898e-02 2.896240e+03 5.237602e+03 7.041092e+03 1.039798e+04  
5.051342e-02 2.867536e+03 5.185448e+03 6.970838e+03 1.029441e+04  
5.121755e-02 2.839518e+03 5.134538e+03 6.902267e+03 1.019338e+04  
5.193150e-02 2.812106e+03 5.084724e+03 6.835183e+03 1.009460e+04  
5.265540e-02 2.785210e+03 5.035847e+03 6.769370e+03 9.997734e+03  
5.338938e-02 2.758731e+03 4.987729e+03 6.704591e+03 9.902449e+03  
5.413360e-02 2.732593e+03 4.940231e+03 6.640658e+03 9.808459e+03  
5.488820e-02 2.706760e+03 4.893289e+03 6.577486e+03 9.715643e+03  
5.565331e-02 2.681198e+03 4.846844e+03 6.514995e+03 9.623881e+03  
5.642908e-02 2.655871e+03 4.800828e+03 6.453094e+03 9.533040e+03  
5.721568e-02 2.630737e+03 4.755165e+03 6.391683e+03 9.442972e+03  
5.801323e-02 2.605748e+03 4.709773e+03 6.330649e+03 9.353511e+03  
5.882190e-02 2.580840e+03 4.664534e+03 6.269835e+03 9.264422e+03  
5.964185e-02 2.555926e+03 4.619293e+03 6.209033e+03 9.175399e+03  
6.047322e-02 2.530913e+03 4.573882e+03 6.148019e+03 9.086106e+03  
6.131619e-02 2.505698e+03 4.528119e+03 6.086546e+03 8.996178e+03  
6.217090e-02 2.480172e+03 4.481806e+03 6.024349e+03 8.905216e+03  
6.303753e-02 2.454231e+03 4.434760e+03 5.961183e+03 8.812857e+03  
6.391624e-02 2.427811e+03 4.386867e+03 5.896894e+03 8.718867e+03  
6.480720e-02 2.400851e+03 4.338015e+03 5.831332e+03 8.623023e+03  
6.571058e-02 2.373282e+03 4.288086e+03 5.764338e+03 8.525083e+03  
6.662655e-02 2.345032e+03 4.236952e+03 5.695739e+03 8.424787e+03  
6.755528e-02 2.316039e+03 4.184499e+03 5.625384e+03 8.321905e+03  
6.849697e-02 2.286263e+03 4.130662e+03 5.553183e+03 8.216300e+03  
6.945178e-02 2.255671e+03 4.075379e+03 5.479056e+03 8.107845e+03  
7.041990e-02 2.224226e+03 4.018588e+03 5.402915e+03 7.996407e+03  
7.140151e-02 2.191891e+03 3.960223e+03 5.324675e+03 7.881852e+03  
7.239681e-02 2.158664e+03 3.900284e+03 5.244331e+03 7.764168e+03  
7.340598e-02 2.124579e+03 3.838830e+03 5.161968e+03 7.643475e+03  
7.442922e-02 2.089675e+03 3.775936e+03 5.077681e+03 7.519910e+03  
7.546673e-02 2.053996e+03 3.711679e+03 4.991577e+03 7.393629e+03  
7.651869e-02 2.017600e+03 3.646167e+03 4.903798e+03 7.264837e+03  
7.758532e-02 1.980579e+03 3.579562e+03 4.814563e+03 7.133860e+03  
7.866682e-02 1.943035e+03 3.512051e+03 4.724121e+03 7.001066e+03  
7.976339e-02 1.905081e+03 3.443835e+03 4.632746e+03 6.866857e+03  
8.087525e-02 1.866838e+03 3.375132e+03 4.540725e+03 6.731667e+03  
8.200261e-02 1.828430e+03 3.306161e+03 4.448357e+03 6.595937e+03  
8.314568e-02 1.789988e+03 3.237159e+03 4.355958e+03 6.460139e+03  
8.430468e-02 1.751654e+03 3.168379e+03 4.263868e+03 6.324782e+03  
8.547985e-02 1.713573e+03 3.100078e+03 4.172434e+03 6.190385e+03  
8.667139e-02 1.675872e+03 3.032484e+03 4.081959e+03 6.057403e+03  
8.787954e-02 1.638682e+03 2.965829e+03 3.992757e+03 5.926307e+03  
8.910453e-02 1.602144e+03 2.900363e+03 3.905162e+03 5.797601e+03  
9.034660e-02 1.566391e+03 2.836324e+03 3.819496e+03 5.671767e+03  
9.160598e-02 1.531546e+03 2.773929e+03 3.736050e+03 5.549243e+03  
9.288292e-02 1.497739e+03 2.713407e+03 3.655129e+03 5.430492e+03  
9.417766e-02 1.465098e+03 2.654986e+03 3.577042e+03 5.315979e+03  
9.549045e-02 1.433718e+03 2.598833e+03 3.502011e+03 5.206044e+03  
9.682153e-02 1.403684e+03 2.545094e+03 3.430235e+03 5.100987e+03  
9.817117e-02 1.375080e+03 2.493922e+03 3.361918e+03 5.001120e+03  
9.953962e-02 1.347993e+03 2.445465e+03 3.297258e+03 4.906747e+03  
1.009272e-01 1.322440e+03 2.399754e+03 3.236297e+03 4.817935e+03  
1.023340e-01 1.298400e+03 2.356745e+03 3.178978e+03 4.734604e+03  
1.037605e-01 1.275843e+03 2.316387e+03 3.125230e+03 4.656656e+03  
1.052069e-01 1.254729e+03 2.278604e+03 3.074953e+03 4.583942e+03  
1.066734e-01 1.234950e+03 2.243204e+03 3.027888e+03 4.516082e+03  
1.081604e-01 1.216362e+03 2.209928e+03 2.983687e+03 4.452554e+03  
1.096681e-01 1.198804e+03 2.178490e+03 2.941966e+03 4.392782e+03  
1.111968e-01 1.182103e+03 2.148580e+03 2.902309e+03 4.336143e+03  
1.127468e-01 1.166077e+03 2.119874e+03 2.864281e+03 4.281979e+03  
1.143184e-01 1.150527e+03 2.092023e+03 2.827409e+03 4.229577e+03  
1.159120e-01 1.135242e+03 2.064649e+03 2.791186e+03 4.178166e+03  
1.175277e-01 1.120033e+03 2.037418e+03 2.755163e+03 4.127062e+03  
1.191660e-01 1.104737e+03 2.010043e+03 2.718951e+03 4.075668e+03  
1.208271e-01 1.089178e+03 1.982212e+03 2.682129e+03 4.023341e+03  
1.225114e-01 1.073192e+03 1.953636e+03 2.644307e+03 3.969475e+03  
1.242191e-01 1.056668e+03 1.924120e+03 2.605218e+03 3.913656e+03  
1.259506e-01 1.039496e+03 1.893469e+03 2.564601e+03 3.855473e+03  
1.277063e-01 1.021574e+03 1.861507e+03 2.522214e+03 3.794545e+03  
1.294865e-01 1.002875e+03 1.828185e+03 2.477990e+03 3.730758e+03  
1.312915e-01 9.833943e+02 1.793498e+03 2.431920e+03 3.664089e+03  
1.331216e-01 9.631405e+02 1.757461e+03 2.384024e+03 3.594556e+03  
1.349772e-01 9.421991e+02 1.720228e+03 2.334505e+03 3.522465e+03  
1.368587e-01 9.206934e+02 1.682016e+03 2.283657e+03 3.448260e+03  
1.387665e-01 8.987616e+02 1.643071e+03 2.231810e+03 3.372443e+03  
1.407008e-01 8.765763e+02 1.603697e+03 2.179376e+03 3.295641e+03  
1.426621e-01 8.543323e+02 1.564238e+03 2.126817e+03 3.218568e+03  
1.446507e-01 8.322310e+02 1.525048e+03 2.074613e+03 3.141959e+03  
1.466671e-01 8.104546e+02 1.486449e+03 2.023197e+03 3.066482e+03  
1.487115e-01 7.891916e+02 1.448772e+03 1.973015e+03 2.992827e+03  
1.507845e-01 7.686198e+02 1.412328e+03 1.924490e+03 2.921645e+03  
1.528864e-01 7.488877e+02 1.377377e+03 1.877972e+03 2.853481e+03  
1.550175e-01 7.301459e+02 1.344184e+03 1.833816e+03 2.788885e+03  
1.571784e-01 7.125025e+02 1.312935e+03 1.792278e+03 2.728254e+03  
1.593694e-01 6.960382e+02 1.283770e+03 1.753545e+03 2.671883e+03  
1.615909e-01 6.808049e+02 1.256779e+03 1.717738e+03 2.619966e+03  
1.638434e-01 6.667666e+02 1.231896e+03 1.684771e+03 2.572373e+03  
1.661273e-01 6.538611e+02 1.209010e+03 1.654492e+03 2.528880e+03  
1.684430e-01 6.419535e+02 1.187882e+03 1.626582e+03 2.488998e+03  
1.707910e-01 6.308543e+02 1.168179e+03 1.600590e+03 2.452035e+03  
1.731717e-01 6.203606e+02 1.149543e+03 1.576033e+03 2.417251e+03  
1.755856e-01 6.102600e+02 1.131602e+03 1.552409e+03 2.383865e+03  
1.780332e-01 6.003378e+02 1.113978e+03 1.529206e+03 2.351088e+03  
1.805149e-01 5.904245e+02 1.096376e+03 1.506024e+03 2.318291e+03  
1.830312e-01 5.803588e+02 1.078511e+03 1.482478e+03 2.284874e+03  
1.855825e-01 5.700138e+02 1.060164e+03 1.458267e+03 2.250362e+03  
1.881694e-01 5.592796e+02 1.041141e+03 1.433130e+03 2.214342e+03  
1.907924e-01 5.480877e+02 1.021324e+03 1.406905e+03 2.176553e+03  
1.934520e-01 5.364051e+02 1.000656e+03 1.379512e+03 2.136866e+03  
1.961486e-01 5.242570e+02 9.791814e+02 1.351011e+03 2.095370e+03  
1.988828e-01 5.117317e+02 9.570562e+02 1.321614e+03 2.052391e+03  
2.016551e-01 4.989615e+02 9.345123e+02 1.291634e+03 2.008421e+03  
2.044661e-01 4.861274e+02 9.118659e+02 1.261500e+03 1.964133e+03  
2.073162e-01 4.734138e+02 8.894395e+02 1.231651e+03 1.920213e+03  
2.102061e-01 4.610042e+02 8.675528e+02 1.202519e+03 1.877342e+03  
2.131362e-01 4.490525e+02 8.464736e+02 1.174468e+03 1.836094e+03  
2.161073e-01 4.376813e+02 8.264147e+02 1.147788e+03 1.796922e+03  
2.191197e-01 4.269697e+02 8.075124e+02 1.122663e+03 1.760119e+03  
2.221741e-01 4.169611e+02 7.898412e+02 1.099193e+03 1.725846e+03  
2.252711e-01 4.076528e+02 7.733947e+02 1.077372e+03 1.694092e+03  
2.284112e-01 3.990071e+02 7.581060e+02 1.057107e+03 1.664719e+03  
2.315951e-01 3.909337e+02 7.438167e+02 1.038186e+03 1.637393e+03  
2.348235e-01 3.833171e+02 7.303251e+02 1.020334e+03 1.611687e+03  
2.380968e-01 3.760215e+02 7.173946e+02 1.003232e+03 1.587101e+03  
2.414157e-01 3.689087e+02 7.047843e+02 9.865511e+02 1.563120e+03  
2.447809e-01 3.618426e+02 6.922578e+02 9.699719e+02 1.539240e+03  
2.481930e-01 3.547070e+02 6.796136e+02 9.532199e+02 1.515029e+03  
2.516527e-01 3.474101e+02 6.666927e+02 9.360792e+02 1.490144e+03  
2.551606e-01 3.399008e+02 6.534067e+02 9.184292e+02 1.464395e+03  
2.587174e-01 3.321888e+02 6.397734e+02 9.002940e+02 1.437820e+03  
2.623238e-01 3.243357e+02 6.258999e+02 8.818195e+02 1.410648e+03  
2.659804e-01 3.164477e+02 6.119708e+02 8.632566e+02 1.383279e+03  
2.696881e-01 3.086374e+02 5.981811e+02 8.448705e+02 1.356131e+03  
2.734474e-01 3.010093e+02 5.847115e+02 8.269071e+02 1.329594e+03  
2.772591e-01 2.936457e+02 5.717040e+02 8.095591e+02 1.303973e+03  
2.811239e-01 2.866079e+02 5.592637e+02 7.929694e+02 1.279496e+03  
2.850426e-01 2.799376e+02 5.474619e+02 7.772349e+02 1.256315e+03  
2.890160e-01 2.736535e+02 5.363299e+02 7.623978e+02 1.234499e+03  
2.930447e-01 2.677307e+02 5.258239e+02 7.483988e+02 1.213953e+03  
2.971296e-01 2.621081e+02 5.158376e+02 7.350936e+02 1.194452e+03  
3.012714e-01 2.566997e+02 5.062222e+02 7.222804e+02 1.175678e+03  
3.054710e-01 2.514140e+02 4.968201e+02 7.097455e+02 1.157295e+03  
3.097291e-01 2.461813e+02 4.875109e+02 6.973255e+02 1.139047e+03  
3.140465e-01 2.409537e+02 4.782125e+02 6.849092e+02 1.120758e+03  
3.184242e-01 2.357031e+02 4.688768e+02 6.724315e+02 1.102327e+03  
3.228628e-01 2.304237e+02 4.594942e+02 6.598798e+02 1.083735e+03  
3.273634e-01 2.251367e+02 4.501013e+02 6.473041e+02 1.065064e+03  
3.319266e-01 2.198932e+02 4.407859e+02 6.348239e+02 1.046502e+03  
3.365535e-01 2.147560e+02 4.316559e+02 6.225856e+02 1.028282e+03  
3.412449e-01 2.097780e+02 4.228013e+02 6.107113e+02 1.010596e+03  
3.460016e-01 2.049911e+02 4.142765e+02 5.992748e+02 9.935606e+02  
3.508247e-01 2.004075e+02 4.061017e+02 5.883033e+02 9.772193e+02  
3.557150e-01 1.960207e+02 3.982651e+02 5.777807e+02 9.615467e+02  
3.606735e-01 1.918089e+02 3.907291e+02 5.676561e+02 9.464631e+02  
3.657011e-01 1.877332e+02 3.834271e+02 5.578392e+02 9.318272e+02  
3.707988e-01 1.837502e+02 3.762847e+02 5.482298e+02 9.174824e+02  
3.759675e-01 1.798263e+02 3.692445e+02 5.387504e+02 9.033083e+02  
3.812083e-01 1.759442e+02 3.622774e+02 5.293617e+02 8.892446e+02  
3.865221e-01 1.721004e+02 3.553773e+02 5.200559e+02 8.752803e+02  
3.919100e-01 1.682985e+02 3.485506e+02 5.108420e+02 8.614306e+02  
3.973730e-01 1.645554e+02 3.418260e+02 5.017588e+02 8.477573e+02  
4.029122e-01 1.609003e+02 3.352526e+02 4.928730e+02 8.343648e+02  
4.085286e-01 1.573569e+02 3.288705e+02 4.842383e+02 8.213374e+02  
4.142232e-01 1.539321e+02 3.226912e+02 4.758702e+02 8.086991e+02  
4.199973e-01 1.506183e+02 3.167012e+02 4.677507e+02 7.964221e+02  
4.258518e-01 1.474072e+02 3.108863e+02 4.598605e+02 7.844766e+02  
4.317880e-01 1.442885e+02 3.052289e+02 4.521760e+02 7.728262e+02  
4.378069e-01 1.412420e+02 2.996947e+02 4.446511e+02 7.614000e+02  
4.439097e-01 1.382475e+02 2.942499e+02 4.372407e+02 7.501293e+02  
4.500975e-01 1.353045e+02 2.888937e+02 4.299438e+02 7.390132e+02  
4.563716e-01 1.324191e+02 2.836359e+02 4.227737e+02 7.280730e+02  
4.627332e-01 1.295934e+02 2.784803e+02 4.157358e+02 7.173173e+02  
4.691835e-01 1.268312e+02 2.734330e+02 4.088381e+02 7.067591e+02  
4.757236e-01 1.241452e+02 2.685150e+02 4.021089e+02 6.964417e+02  
4.823549e-01 1.215391e+02 2.637324e+02 3.955561e+02 6.863773e+02  
4.890787e-01 1.190024e+02 2.590673e+02 3.891558e+02 6.765296e+02  
4.958962e-01 1.165297e+02 2.545107e+02 3.828962e+02 6.668805e+02  
5.028087e-01 1.141184e+02 2.500579e+02 3.767710e+02 6.574211e+02  
5.098176e-01 1.117601e+02 2.456951e+02 3.707618e+02 6.481236e+02  
5.169242e-01 1.094478e+02 2.414107e+02 3.648534e+02 6.389657e+02  
5.241298e-01 1.071883e+02 2.372156e+02 3.590604e+02 6.299695e+02  
5.314359e-01 1.049831e+02 2.331123e+02 3.533860e+02 6.211400e+02  
5.388438e-01 1.028280e+02 2.290937e+02 3.478208e+02 6.124635e+02  
5.463550e-01 1.007304e+02 2.251720e+02 3.423809e+02 6.039639e+02  
5.539709e-01 9.868646e+01 2.213403e+02 3.370575e+02 5.956280e+02  
5.616930e-01 9.669093e+01 2.175902e+02 3.318392e+02 5.874393e+02  
5.695227e-01 9.474326e+01 2.139207e+02 3.267246e+02 5.793956e+02  
5.774615e-01 9.284105e+01 2.103276e+02 3.217086e+02 5.714894e+02  
5.855110e-01 9.097993e+01 2.068039e+02 3.167816e+02 5.637069e+02  
5.936727e-01 8.916327e+01 2.033547e+02 3.119506e+02 5.560585e+02  
6.019482e-01 8.738908e+01 1.999768e+02 3.072113e+02 5.485379e+02  
6.103390e-01 8.565733e+01 1.966701e+02 3.025635e+02 5.411446e+02  
6.188468e-01 8.396763e+01 1.934337e+02 2.980061e+02 5.338772e+02  
6.274732e-01 8.231860e+01 1.902652e+02 2.935361e+02 5.267311e+02  
6.362198e-01 8.070738e+01 1.871601e+02 2.891473e+02 5.196977e+02  
6.450884e-01 7.913332e+01 1.841172e+02 2.848382e+02 5.127747e+02  
6.540806e-01 7.759537e+01 1.811346e+02 2.806066e+02 5.059588e+02  
6.631981e-01 7.609296e+01 1.782113e+02 2.764510e+02 4.992481e+02  
6.724427e-01 7.462597e+01 1.753472e+02 2.723711e+02 4.926420e+02  
6.818162e-01 7.319336e+01 1.725402e+02 2.683646e+02 4.861370e+02  
6.913204e-01 7.179385e+01 1.697884e+02 2.644286e+02 4.797292e+02  
7.009570e-01 7.042622e+01 1.670898e+02 2.605606e+02 4.734150e+02  
7.107280e-01 6.908975e+01 1.644430e+02 2.567590e+02 4.671920e+02  
7.206351e-01 6.778382e+01 1.618470e+02 2.530224e+02 4.610581e+02  
7.306804e-01 6.650768e+01 1.593005e+02 2.493491e+02 4.550111e+02  
7.408657e-01 6.526055e+01 1.568023e+02 2.457373e+02 4.490484e+02  
7.511929e-01 6.404166e+01 1.543510e+02 2.421856e+02 4.431677e+02  
7.616642e-01 6.285015e+01 1.519451e+02 2.386919e+02 4.373664e+02  
7.722814e-01 6.168507e+01 1.495832e+02 2.352543e+02 4.316417e+02  
7.830465e-01 6.054579e+01 1.472641e+02 2.318715e+02 4.259917e+02  
7.939618e-01 5.943180e+01 1.449870e+02 2.285423e+02 4.204147e+02  
8.050292e-01 5.834249e+01 1.427509e+02 2.252654e+02 4.149089e+02  
8.162509e-01 5.727722e+01 1.405547e+02 2.220394e+02 4.094723e+02  
8.276289e-01 5.623539e+01 1.383974e+02 2.188631e+02 4.041032e+02  
8.391656e-01 5.521633e+01 1.362779e+02 2.157350e+02 3.987995e+02  
8.508632e-01 5.421929e+01 1.341949e+02 2.126537e+02 3.935594e+02  
8.627237e-01 5.324369e+01 1.321476e+02 2.096179e+02 3.883809e+02  
8.747496e-01 5.228909e+01 1.301352e+02 2.066267e+02 3.832629e+02  
8.869432e-01 5.135499e+01 1.281568e+02 2.036790e+02 3.782038e+02  
8.993067e-01 5.044083e+01 1.262116e+02 2.007737e+02 3.732022e+02  
9.118425e-01 4.954611e+01 1.242987e+02 1.979097e+02 3.682565e+02  
9.245531e-01 4.867029e+01 1.224173e+02 1.950861e+02 3.633653e+02  
9.374409e-01 4.781277e+01 1.205664e+02 1.923015e+02 3.585271e+02  
9.505083e-01 4.697302e+01 1.187452e+02 1.895550e+02 3.537404e+02  
9.637579e-01 4.615064e+01 1.169530e+02 1.868457e+02 3.490043e+02  
9.771921e-01 4.534524e+01 1.151891e+02 1.841729e+02 3.443176e+02  
9.908137e-01 4.455635e+01 1.134529e+02 1.815356e+02 3.396790e+02  
1.004625e+00 4.378355e+01 1.117437e+02 1.789331e+02 3.350877e+02  
1.018629e+00 4.302643e+01 1.100608e+02 1.763645e+02 3.305424e+02  
1.032828e+00 4.228455e+01 1.084035e+02 1.738290e+02 3.260422e+02  
1.047225e+00 4.155742e+01 1.067712e+02 1.713257e+02 3.215859e+02  
1.061823e+00 4.084471e+01 1.051631e+02 1.688539e+02 3.171728e+02  
1.076624e+00 4.014605e+01 1.035789e+02 1.664131e+02 3.128020e+02  
1.091632e+00 3.946104e+01 1.020179e+02 1.640024e+02 3.084725e+02  
1.106848e+00 3.878932e+01 1.004794e+02 1.616212e+02 3.041837e+02  
1.122277e+00 3.813061e+01 9.896322e+01 1.592689e+02 2.999348e+02  
1.137921e+00 3.748458e+01 9.746869e+01 1.569451e+02 2.957252e+02  
1.153783e+00 3.685089e+01 9.599533e+01 1.546491e+02 2.915541e+02  
1.169866e+00 3.622925e+01 9.454269e+01 1.523803e+02 2.874210e+02  
1.186174e+00 3.561935e+01 9.311034e+01 1.501382e+02 2.833252e+02  
1.202708e+00 3.502086e+01 9.169777e+01 1.479224e+02 2.792662e+02  
1.219473e+00 3.443346e+01 9.030453e+01 1.457322e+02 2.752433e+02  
1.236472e+00 3.385691e+01 8.893024e+01 1.435672e+02 2.712562e+02  
1.253708e+00 3.329093e+01 8.757451e+01 1.414270e+02 2.673043e+02  
1.271184e+00 3.273522e+01 8.623691e+01 1.393112e+02 2.633873e+02  
1.288904e+00 3.218954e+01 8.491708e+01 1.372192e+02 2.595046e+02  
1.306870e+00 3.165367e+01 8.361471e+01 1.351508e+02 2.556559e+02  
1.325087e+00 3.112737e+01 8.232944e+01 1.331056e+02 2.518410e+02  
1.343558e+00 3.061038e+01 8.106093e+01 1.310831e+02 2.480595e+02  
1.362287e+00 3.010250e+01 7.980888e+01 1.290831e+02 2.443110e+02  
1.381276e+00 2.960349e+01 7.857298e+01 1.271053e+02 2.405953e+02  
1.400531e+00 2.911313e+01 7.735289e+01 1.251493e+02 2.369122e+02  
1.420053e+00 2.863118e+01 7.614832e+01 1.232147e+02 2.332614e+02  
1.439848e+00 2.815749e+01 7.495903e+01 1.213013e+02 2.296427e+02  
1.459919e+00 2.769186e+01 7.378478e+01 1.194089e+02 2.260561e+02  
1.480269e+00 2.723409e+01 7.262527e+01 1.175372e+02 2.225012e+02  
1.500903e+00 2.678400e+01 7.148029e+01 1.156859e+02 2.189781e+02  
1.521825e+00 2.634142e+01 7.034958e+01 1.138549e+02 2.154865e+02  
1.543038e+00 2.590615e+01 6.923290e+01 1.120437e+02 2.120264e+02  
1.564548e+00 2.547800e+01 6.813001e+01 1.102523e+02 2.085976e+02  
1.586357e+00 2.505683e+01 6.704074e+01 1.084804e+02 2.052002e+02  
1.608469e+00 2.464252e+01 6.596489e+01 1.067279e+02 2.018341e+02  
1.630891e+00 2.423490e+01 6.490227e+01 1.049945e+02 1.984993e+02  
1.653624e+00 2.383382e+01 6.385269e+01 1.032801e+02 1.951957e+02  
1.676675e+00 2.343915e+01 6.281597e+01 1.015845e+02 1.919234e+02  
1.700047e+00 2.305073e+01 6.179191e+01 9.990757e+01 1.886824e+02  
1.723745e+00 2.266839e+01 6.078035e+01 9.824910e+01 1.854727e+02  
1.747773e+00 2.229203e+01 5.978112e+01 9.660896e+01 1.822943e+02  
1.772136e+00 2.192154e+01 5.879408e+01 9.498704e+01 1.791473e+02  
1.796838e+00 2.155679e+01 5.781910e+01 9.338318e+01 1.760317e+02  
1.821885e+00 2.119767e+01 5.685603e+01 9.179728e+01 1.729476e+02  
1.847281e+00 2.084407e+01 5.590473e+01 9.022921e+01 1.698951e+02  
1.873032e+00 2.049588e+01 5.496507e+01 8.867886e+01 1.668743e+02  
1.899141e+00 2.015297e+01 5.403691e+01 8.714610e+01 1.638852e+02  
1.925614e+00 1.981525e+01 5.312012e+01 8.563084e+01 1.609280e+02  
1.952456e+00 1.948261e+01 5.221459e+01 8.413297e+01 1.580027e+02  
1.979672e+00 1.915495e+01 5.132021e+01 8.265240e+01 1.551094e+02  
2.007267e+00 1.883216e+01 5.043684e+01 8.118904e+01 1.522482e+02  
2.035248e+00 1.851417e+01 4.956440e+01 7.974280e+01 1.494193e+02  
2.063618e+00 1.820089e+01 4.870278e+01 7.831360e+01 1.466227e+02  
2.092383e+00 1.789224e+01 4.785188e+01 7.690136e+01 1.438585e+02  
2.121550e+00 1.758813e+01 4.701161e+01 7.550600e+01 1.411268e+02  
2.151123e+00 1.728848e+01 4.618186e+01 7.412746e+01 1.384278e+02  
2.181109e+00 1.699322e+01 4.536256e+01 7.276565e+01 1.357614e+02  
2.211512e+00 1.670226e+01 4.455360e+01 7.142051e+01 1.331279e+02  
2.242340e+00 1.641553e+01 4.375490e+01 7.009198e+01 1.305273e+02  
2.273597e+00 1.613296e+01 4.296638e+01 6.877998e+01 1.279596e+02  
2.305289e+00 1.585449e+01 4.218796e+01 6.748445e+01 1.254249e+02  
2.337424e+00 1.558002e+01 4.141955e+01 6.620534e+01 1.229234e+02  
2.370006e+00 1.530952e+01 4.066107e+01 6.494257e+01 1.204550e+02  
2.403043e+00 1.504292e+01 3.991246e+01 6.369611e+01 1.180197e+02  
2.436540e+00 1.478015e+01 3.917364e+01 6.246588e+01 1.156178e+02  
2.470504e+00 1.452116e+01 3.844454e+01 6.125182e+01 1.132490e+02  
2.504942e+00 1.426589e+01 3.772508e+01 6.005389e+01 1.109136e+02  
2.539859e+00 1.401429e+01 3.701520e+01 5.887203e+01 1.086114e+02  
2.575263e+00 1.376629e+01 3.631483e+01 5.770617e+01 1.063426e+02  
2.611161e+00 1.352184e+01 3.562390e+01 5.655626e+01 1.041069e+02  
2.647559e+00 1.328090e+01 3.494234e+01 5.542224e+01 1.019045e+02  
2.684465e+00 1.304342e+01 3.427009e+01 5.430406e+01 9.973532e+01  
2.721885e+00 1.280934e+01 3.360709e+01 5.320166e+01 9.759924e+01  
2.759826e+00 1.257862e+01 3.295327e+01 5.211498e+01 9.549623e+01  
2.798297e+00 1.235122e+01 3.230857e+01 5.104396e+01 9.342619e+01  
2.837304e+00 1.212708e+01 3.167294e+01 4.998854e+01 9.138905e+01  
2.876854e+00 1.190618e+01 3.104630e+01 4.894865e+01 8.938469e+01  
2.916956e+00 1.168846e+01 3.042860e+01 4.792424e+01 8.741299e+01  
2.957617e+00 1.147388e+01 2.981977e+01 4.691522e+01 8.547382e+01  
2.998844e+00 1.126241e+01 2.921977e+01 4.592155e+01 8.356703e+01  
3.040646e+00 1.105401e+01 2.862852e+01 4.494315e+01 8.169247e+01  
3.083031e+00 1.084863e+01 2.804597e+01 4.397994e+01 7.984996e+01  
3.126007e+00 1.064625e+01 2.747207e+01 4.303185e+01 7.803933e+01  
3.169582e+00 1.044681e+01 2.690674e+01 4.209881e+01 7.626037e+01  
3.213764e+00 1.025030e+01 2.634994e+01 4.118073e+01 7.451288e+01  
3.258562e+00 1.005667e+01 2.580160e+01 4.027754e+01 7.279665e+01  
3.303985e+00 9.865888e+00 2.526167e+01 3.938914e+01 7.111144e+01  
3.350041e+00 9.677927e+00 2.473009e+01 3.851546e+01 6.945702e+01  
3.396739e+00 9.492752e+00 2.420679e+01 3.765640e+01 6.783313e+01  
3.444087e+00 9.310331e+00 2.369173e+01 3.681187e+01 6.623951e+01  
3.492096e+00 9.130632e+00 2.318483e+01 3.598177e+01 6.467590e+01  
3.540774e+00 8.953626e+00 2.268605e+01 3.516600e+01 6.314202e+01  
3.590130e+00 8.779281e+00 2.219532e+01 3.436447e+01 6.163758e+01  
3.640175e+00 8.607568e+00 2.171258e+01 3.357706e+01 6.016228e+01  
3.690917e+00 8.438457e+00 2.123776e+01 3.280366e+01 5.871584e+01  
3.742366e+00 8.271922e+00 2.077082e+01 3.204417e+01 5.729792e+01  
3.794533e+00 8.107934e+00 2.031169e+01 3.129847e+01 5.590823e+01  
3.847427e+00 7.946465e+00 1.986030e+01 3.056644e+01 5.454643e+01  
3.901058e+00 7.787489e+00 1.941659e+01 2.984796e+01 5.321221e+01  
3.955436e+00 7.630978e+00 1.898050e+01 2.914291e+01 5.190521e+01  
4.010573e+00 7.476906e+00 1.855197e+01 2.845116e+01 5.062512e+01  
4.066478e+00 7.325247e+00 1.813093e+01 2.777259e+01 4.937158e+01  
4.123163e+00 7.175975e+00 1.771731e+01 2.710705e+01 4.814424e+01  
4.180637e+00 7.029064e+00 1.731106e+01 2.645441e+01 4.694276e+01  
4.238913e+00 6.884490e+00 1.691209e+01 2.581455e+01 4.576677e+01  
4.298001e+00 6.742226e+00 1.652035e+01 2.518731e+01 4.461594e+01  
4.357913e+00 6.602250e+00 1.613577e+01 2.457255e+01 4.348988e+01  
4.418660e+00 6.464536e+00 1.575828e+01 2.397014e+01 4.238824e+01  
4.480254e+00 6.329060e+00 1.538780e+01 2.337992e+01 4.131067e+01  
4.542706e+00 6.195798e+00 1.502427e+01 2.280174e+01 4.025678e+01  
4.606029e+00 6.064727e+00 1.466762e+01 2.223547e+01 3.922622e+01  
4.670234e+00 5.935822e+00 1.431776e+01 2.168093e+01 3.821862e+01  
4.735335e+00 5.809061e+00 1.397464e+01 2.113799e+01 3.723361e+01  
4.801343e+00 5.684420e+00 1.363818e+01 2.060649e+01 3.627082e+01  
4.868271e+00 5.561877e+00 1.330829e+01 2.008626e+01 3.532988e+01  
4.936132e+00 5.441407e+00 1.298492e+01 1.957716e+01 3.441044e+01  
5.004939e+00 5.322989e+00 1.266797e+01 1.907903e+01 3.351211e+01  
5.074705e+00 5.206600e+00 1.235738e+01 1.859170e+01 3.263455e+01  
5.145444e+00 5.092218e+00 1.205306e+01 1.811502e+01 3.177737e+01  
5.217169e+00 4.979819e+00 1.175494e+01 1.764883e+01 3.094022e+01  
5.289893e+00 4.869383e+00 1.146294e+01 1.719296e+01 3.012274e+01  
5.363631e+00 4.760886e+00 1.117697e+01 1.674726e+01 2.932457e+01  
5.438397e+00 4.654307e+00 1.089697e+01 1.631156e+01 2.854535e+01  
5.514206e+00 4.549625e+00 1.062285e+01 1.588571e+01 2.778473e+01  
5.591071e+00 4.446816e+00 1.035453e+01 1.546954e+01 2.704235e+01  
5.669007e+00 4.345861e+00 1.009193e+01 1.506289e+01 2.631786e+01  
5.748030e+00 4.246736e+00 9.834961e+00 1.466560e+01 2.561093e+01  
5.828155e+00 4.149421e+00 9.583550e+00 1.427752e+01 2.492120e+01  
5.909396e+00 4.053894e+00 9.337613e+00 1.389847e+01 2.424833e+01  
5.991770e+00 3.960134e+00 9.097067e+00 1.352831e+01 2.359200e+01  
6.075292e+00 3.868120e+00 8.861831e+00 1.316687e+01 2.295185e+01  
6.159978e+00 3.777830e+00 8.631821e+00 1.281399e+01 2.232757e+01  
6.245845e+00 3.689244e+00 8.406957e+00 1.246953e+01 2.171883e+01  
6.332908e+00 3.602340e+00 8.187155e+00 1.213331e+01 2.112530e+01  
6.421186e+00 3.517099e+00 7.972333e+00 1.180520e+01 2.054667e+01  
6.510694e+00 3.433498e+00 7.762410e+00 1.148503e+01 1.998261e+01  
6.601449e+00 3.351517e+00 7.557303e+00 1.117265e+01 1.943283e+01  
6.693470e+00 3.271135e+00 7.356931e+00 1.086791e+01 1.889701e+01  
6.786773e+00 3.192333e+00 7.161211e+00 1.057066e+01 1.837485e+01  
6.881377e+00 3.115088e+00 6.970064e+00 1.028076e+01 1.786606e+01  
6.977300e+00 3.039381e+00 6.783409e+00 9.998048e+00 1.737033e+01  
7.074559e+00 2.965192e+00 6.601164e+00 9.722387e+00 1.688738e+01  
7.173175e+00 2.892499e+00 6.423250e+00 9.453630e+00 1.641693e+01  
7.273165e+00 2.821283e+00 6.249588e+00 9.191636e+00 1.595868e+01  
7.374549e+00 2.751523e+00 6.080099e+00 8.936263e+00 1.551238e+01  
7.477346e+00 2.683199e+00 5.914704e+00 8.687373e+00 1.507774e+01  
7.581576e+00 2.616292e+00 5.753325e+00 8.444828e+00 1.465449e+01  
7.687260e+00 2.550780e+00 5.595885e+00 8.208491e+00 1.424238e+01  
7.794416e+00 2.486644e+00 5.442309e+00 7.978230e+00 1.384114e+01  
7.903066e+00 2.423864e+00 5.292519e+00 7.753911e+00 1.345052e+01  
8.013230e+00 2.362420e+00 5.146440e+00 7.535405e+00 1.307027e+01  
8.124930e+00 2.302292e+00 5.003999e+00 7.322583e+00 1.270014e+01  
8.238187e+00 2.243460e+00 4.865122e+00 7.115318e+00 1.233990e+01  
8.353023e+00 2.185905e+00 4.729736e+00 6.913486e+00 1.198931e+01  
8.469460e+00 2.129607e+00 4.597768e+00 6.716963e+00 1.164813e+01  
8.587519e+00 2.074547e+00 4.469147e+00 6.525629e+00 1.131614e+01  
8.707225e+00 2.020704e+00 4.343804e+00 6.339364e+00 1.099311e+01  
8.828599e+00 1.968060e+00 4.221669e+00 6.158052e+00 1.067883e+01  
8.951665e+00 1.916595e+00 4.102672e+00 5.981578e+00 1.037308e+01  
9.076446e+00 1.866290e+00 3.986747e+00 5.809827e+00 1.007565e+01  
9.202967e+00 1.817125e+00 3.873825e+00 5.642690e+00 9.786332e+00  
9.331251e+00 1.769082e+00 3.763843e+00 5.480056e+00 9.504925e+00  
9.461324e+00 1.722142e+00 3.656734e+00 5.321818e+00 9.231233e+00  
9.593209e+00 1.676286e+00 3.552434e+00 5.167871e+00 8.965059e+00  
9.726934e+00 1.631494e+00 3.450881e+00 5.018110e+00 8.706216e+00  
9.862522e+00 1.587749e+00 3.352012e+00 4.872435e+00 8.454517e+00  
1.000000e+01 1.545032e+00 3.255766e+00 4.730746e+00 8.209780e+00  
