1.000000e-02 3.595247e+03 6.536907e+03 8.821647e+03 1.309449e+04  
1.013939e-02 3.616328e+03 6.575100e+03 8.873057e+03 1.317049e+04  
1.028073e-02 3.637160e+03 6.612836e+03 8.923847e+03 1.324556e+04  
1.042404e-02 3.657732e+03 6.650095e+03 8.973991e+03 1.331967e+04  
1.056935e-02 3.678033e+03 6.686859e+03 9.023463e+03 1.339277e+04  
1.071668e-02 3.698053e+03 6.723108e+03 9.072237e+03 1.346482e+04  
1.086606e-02 3.717781e+03 6.758823e+03 9.120286e+03 1.353580e+04  
1.101753e-02 3.737206e+03 6.793983e+03 9.167585e+03 1.360565e+04  
1.117111e-02 3.756317e+03 6.828570e+03 9.214105e+03 1.367435e+04  
1.132683e-02 3.775103e+03 6.862561e+03 9.259819e+03 1.374184e+04  
1.148472e-02 3.793552e+03 6.895935e+03 9.304697e+03 1.380808e+04  
1.164481e-02 3.811652e+03 6.928672e+03 9.348712e+03 1.387303e+04  
1.180713e-02 3.829392e+03 6.960750e+03 9.391835e+03 1.393665e+04  
1.197171e-02 3.846761e+03 6.992149e+03 9.434037e+03 1.399890e+04  
1.213859e-02 3.863746e+03 7.022849e+03 9.475293e+03 1.405974e+04  
1.230780e-02 3.880337e+03 7.052827e+03 9.515572e+03 1.411912e+04  
1.247936e-02 3.896523e+03 7.082066e+03 9.554849e+03 1.417701e+04  
1.265332e-02 3.912293e+03 7.110543e+03 9.593096e+03 1.423336e+04  
1.282970e-02 3.927635e+03 7.138240e+03 9.630287e+03 1.428814e+04  
1.300854e-02 3.942539e+03 7.165137e+03 9.666395e+03 1.434131e+04  
1.318987e-02 3.956995e+03 7.191216e+03 9.701396e+03 1.439283e+04  
1.337373e-02 3.970993e+03 7.216458e+03 9.735265e+03 1.444266e+04  
1.356015e-02 3.984522e+03 7.240843e+03 9.767974e+03 1.449077e+04  
1.374917e-02 3.997568e+03 7.264348e+03 9.799493e+03 1.453710e+04  
1.394083e-02 4.010120e+03 7.286950e+03 9.829789e+03 1.458161e+04  
1.413516e-02 4.022163e+03 7.308624e+03 9.858831e+03 1.462426e+04  
1.433219e-02 4.033686e+03 7.329349e+03 9.886590e+03 1.466500e+04  
1.453198e-02 4.044677e+03 7.349103e+03 9.913034e+03 1.470378e+04  
1.473454e-02 4.055123e+03 7.367862e+03 9.938134e+03 1.474056e+04  
1.493993e-02 4.065013e+03 7.385608e+03 9.961863e+03 1.477531e+04  
1.514819e-02 4.074335e+03 7.402318e+03 9.984192e+03 1.480797e+04  
1.535935e-02 4.083078e+03 7.417973e+03 1.000510e+04 1.483851e+04  
1.557345e-02 4.091233e+03 7.432554e+03 1.002455e+04 1.486690e+04  
1.579053e-02 4.098789e+03 7.446044e+03 1.004252e+04 1.489309e+04  
1.601064e-02 4.105737e+03 7.458425e+03 1.005900e+04 1.491706e+04  
1.623382e-02 4.112068e+03 7.469682e+03 1.007396e+04 1.493877e+04  
1.646012e-02 4.117774e+03 7.479799e+03 1.008738e+04 1.495819e+04  
1.668956e-02 4.122843e+03 7.488756e+03 1.009923e+04 1.497528e+04  
1.692220e-02 4.127267e+03 7.496537e+03 1.010949e+04 1.499002e+04  
1.715809e-02 4.131034e+03 7.503121e+03 1.011814e+04 1.500235e+04  
1.739726e-02 4.134136e+03 7.508495e+03 1.012515e+04 1.501226e+04  
1.763977e-02 4.136564e+03 7.512641e+03 1.013050e+04 1.501971e+04  
1.788566e-02 4.138312e+03 7.515547e+03 1.013418e+04 1.502466e+04  
1.813498e-02 4.139371e+03 7.517199e+03 1.013616e+04 1.502711e+04  
1.838777e-02 4.139734e+03 7.517583e+03 1.013643e+04 1.502702e+04  
1.864409e-02 4.139392e+03 7.516685e+03 1.013497e+04 1.502436e+04  
1.890397e-02 4.138338e+03 7.514491e+03 1.013177e+04 1.501911e+04  
1.916748e-02 4.136567e+03 7.510991e+03 1.012679e+04 1.501124e+04  
1.943467e-02 4.134072e+03 7.506174e+03 1.012004e+04 1.500073e+04  
1.970558e-02 4.130850e+03 7.500033e+03 1.011151e+04 1.498758e+04  
1.998026e-02 4.126897e+03 7.492563e+03 1.010118e+04 1.497176e+04  
2.025878e-02 4.122209e+03 7.483756e+03 1.008904e+04 1.495328e+04  
2.054117e-02 4.116783e+03 7.473605e+03 1.007509e+04 1.493210e+04  
2.082751e-02 4.110614e+03 7.462104e+03 1.005932e+04 1.490823e+04  
2.111783e-02 4.103701e+03 7.449251e+03 1.004173e+04 1.488165e+04  
2.141220e-02 4.096045e+03 7.435045e+03 1.002231e+04 1.485238e+04  
2.171068e-02 4.087645e+03 7.419488e+03 1.000107e+04 1.482040e+04  
2.201331e-02 4.078505e+03 7.402586e+03 9.978016e+03 1.478574e+04  
2.232016e-02 4.068627e+03 7.384341e+03 9.953149e+03 1.474840e+04  
2.263130e-02 4.058010e+03 7.364755e+03 9.926474e+03 1.470838e+04  
2.294676e-02 4.046657e+03 7.343832e+03 9.897997e+03 1.466569e+04  
2.326663e-02 4.034573e+03 7.321579e+03 9.867728e+03 1.462036e+04  
2.359095e-02 4.021763e+03 7.298008e+03 9.835681e+03 1.457239e+04  
2.391980e-02 4.008233e+03 7.273132e+03 9.801875e+03 1.452182e+04  
2.425323e-02 3.993995e+03 7.246967e+03 9.766333e+03 1.446868e+04  
2.459130e-02 3.979055e+03 7.219531e+03 9.729076e+03 1.441301e+04  
2.493409e-02 3.963422e+03 7.190834e+03 9.690122e+03 1.435483e+04  
2.528166e-02 3.947101e+03 7.160892e+03 9.649489e+03 1.429417e+04  
2.563407e-02 3.930104e+03 7.129722e+03 9.607203e+03 1.423107e+04  
2.599140e-02 3.912443e+03 7.097346e+03 9.563293e+03 1.416557e+04  
2.635371e-02 3.894130e+03 7.063791e+03 9.517795e+03 1.409772e+04  
2.672106e-02 3.875184e+03 7.029086e+03 9.470749e+03 1.402759e+04  
2.709354e-02 3.855619e+03 6.993261e+03 9.422194e+03 1.395524e+04  
2.747121e-02 3.835450e+03 6.956339e+03 9.372165e+03 1.388070e+04  
2.785414e-02 3.814690e+03 6.918348e+03 9.320696e+03 1.380405e+04  
2.824241e-02 3.793356e+03 6.879318e+03 9.267829e+03 1.372533e+04  
2.863610e-02 3.771468e+03 6.839283e+03 9.213610e+03 1.364462e+04  
2.903527e-02 3.749046e+03 6.798283e+03 9.158094e+03 1.356199e+04  
2.944000e-02 3.726114e+03 6.756362e+03 9.101338e+03 1.347755e+04  
2.985038e-02 3.702698e+03 6.713563e+03 9.043404e+03 1.339137e+04  
3.026648e-02 3.678816e+03 6.669922e+03 8.984338e+03 1.330352e+04  
3.068838e-02 3.654487e+03 6.625476e+03 8.924190e+03 1.321408e+04  
3.111616e-02 3.629734e+03 6.580262e+03 8.863012e+03 1.312313e+04  
3.154990e-02 3.604581e+03 6.534326e+03 8.800865e+03 1.303076e+04  
3.198969e-02 3.579054e+03 6.487717e+03 8.737815e+03 1.293706e+04  
3.243561e-02 3.553183e+03 6.440488e+03 8.673933e+03 1.284215e+04  
3.288774e-02 3.526999e+03 6.392694e+03 8.609295e+03 1.274613e+04  
3.334618e-02 3.500524e+03 6.344378e+03 8.543958e+03 1.264909e+04  
3.381101e-02 3.473780e+03 6.295579e+03 8.477975e+03 1.255111e+04  
3.428231e-02 3.446790e+03 6.246339e+03 8.411403e+03 1.245227e+04  
3.476019e-02 3.419581e+03 6.196705e+03 8.344307e+03 1.235267e+04  
3.524473e-02 3.392180e+03 6.146729e+03 8.276753e+03 1.225241e+04  
3.573602e-02 3.364617e+03 6.096465e+03 8.208818e+03 1.215160e+04  
3.623416e-02 3.336924e+03 6.045970e+03 8.140578e+03 1.205036e+04  
3.673925e-02 3.309126e+03 5.995290e+03 8.072094e+03 1.194878e+04  
3.725137e-02 3.281244e+03 5.944463e+03 8.003419e+03 1.184693e+04  
3.777064e-02 3.253300e+03 5.893529e+03 7.934606e+03 1.174490e+04  
3.829714e-02 3.225319e+03 5.842533e+03 7.865717e+03 1.164277e+04  
3.883098e-02 3.197325e+03 5.791522e+03 7.796812e+03 1.154065e+04  
3.937226e-02 3.169347e+03 5.740544e+03 7.727962e+03 1.143862e+04  
3.992109e-02 3.141414e+03 5.689654e+03 7.659235e+03 1.133680e+04  
4.047757e-02 3.113542e+03 5.638881e+03 7.590675e+03 1.123526e+04  
4.104181e-02 3.085739e+03 5.588239e+03 7.522298e+03 1.113400e+04  
4.161391e-02 3.058011e+03 5.537739e+03 7.454119e+03 1.103307e+04  
4.219398e-02 3.030363e+03 5.487391e+03 7.386155e+03 1.093248e+04  
4.278214e-02 3.002802e+03 5.437207e+03 7.318419e+03 1.083225e+04  
4.337850e-02 2.975334e+03 5.387197e+03 7.250927e+03 1.073241e+04  
4.398317e-02 2.947964e+03 5.337372e+03 7.183693e+03 1.063297e+04  
4.459628e-02 2.920702e+03 5.287750e+03 7.116741e+03 1.053399e+04  
4.521792e-02 2.893564e+03 5.238359e+03 7.050109e+03 1.043550e+04  
4.584824e-02 2.866566e+03 5.189229e+03 6.983837e+03 1.033758e+04  
4.648734e-02 2.839725e+03 5.140391e+03 6.917969e+03 1.024029e+04  
4.713535e-02 2.813059e+03 5.091878e+03 6.852548e+03 1.014369e+04  
4.779239e-02 2.786587e+03 5.043722e+03 6.787619e+03 1.004786e+04  
4.845859e-02 2.760329e+03 4.995960e+03 6.723230e+03 9.952852e+03  
4.913407e-02 2.734286e+03 4.948594e+03 6.659387e+03 9.858691e+03  
4.981898e-02 2.708422e+03 4.901560e+03 6.596001e+03 9.765242e+03  
5.051342e-02 2.682691e+03 4.854776e+03 6.532962e+03 9.672341e+03  
5.121755e-02 2.657043e+03 4.808149e+03 6.470147e+03 9.579807e+03  
5.193150e-02 2.631422e+03 4.761581e+03 6.407422e+03 9.487440e+03  
5.265540e-02 2.605769e+03 4.714964e+03 6.344643e+03 9.395023e+03  
5.338938e-02 2.580018e+03 4.668179e+03 6.281650e+03 9.302319e+03  
5.413360e-02 2.554129e+03 4.621154e+03 6.218345e+03 9.209183e+03  
5.488820e-02 2.528105e+03 4.573898e+03 6.154739e+03 9.115630e+03  
5.565331e-02 2.501956e+03 4.526425e+03 6.090855e+03 9.021694e+03  
5.642908e-02 2.475691e+03 4.478754e+03 6.026717e+03 8.927409e+03  
5.721568e-02 2.449321e+03 4.430904e+03 5.962349e+03 8.832813e+03  
5.801323e-02 2.422856e+03 4.382895e+03 5.897779e+03 8.737946e+03  
5.882190e-02 2.396299e+03 4.334732e+03 5.833015e+03 8.642820e+03  
5.964185e-02 2.369625e+03 4.286369e+03 5.767995e+03 8.547340e+03  
6.047322e-02 2.342798e+03 4.237743e+03 5.702631e+03 8.451377e+03  
6.131619e-02 2.315780e+03 4.188784e+03 5.636833e+03 8.354790e+03  
6.217090e-02 2.288528e+03 4.139418e+03 5.570498e+03 8.257428e+03  
6.303753e-02 2.260998e+03 4.089563e+03 5.503519e+03 8.159126e+03  
6.391624e-02 2.233156e+03 4.039161e+03 5.435812e+03 8.059759e+03  
6.480720e-02 2.204993e+03 3.988196e+03 5.367360e+03 7.959296e+03  
6.571058e-02 2.176505e+03 3.936659e+03 5.298150e+03 7.857716e+03  
6.662655e-02 2.147686e+03 3.884542e+03 5.228169e+03 7.754998e+03  
6.755528e-02 2.118531e+03 3.831834e+03 5.157403e+03 7.651118e+03  
6.849697e-02 2.089036e+03 3.778532e+03 5.085848e+03 7.546067e+03  
6.945178e-02 2.059222e+03 3.724671e+03 5.013550e+03 7.439910e+03  
7.041990e-02 2.029115e+03 3.670301e+03 4.940578e+03 7.332747e+03  
7.140151e-02 1.998747e+03 3.615477e+03 4.867003e+03 7.224684e+03  
7.239681e-02 1.968149e+03 3.560258e+03 4.792906e+03 7.115840e+03  
7.340598e-02 1.937361e+03 3.504715e+03 4.718382e+03 7.006352e+03  
7.442922e-02 1.906441e+03 3.448951e+03 4.643570e+03 6.896429e+03  
7.546673e-02 1.875456e+03 3.393090e+03 4.568635e+03 6.786317e+03  
7.651869e-02 1.844480e+03 3.337261e+03 4.493755e+03 6.676282e+03  
7.758532e-02 1.813591e+03 3.281608e+03 4.419120e+03 6.566607e+03  
7.866682e-02 1.782865e+03 3.226265e+03 4.344912e+03 6.457567e+03  
7.976339e-02 1.752363e+03 3.171343e+03 4.271280e+03 6.349386e+03  
8.087525e-02 1.722150e+03 3.116956e+03 4.198379e+03 6.242296e+03  
8.200261e-02 1.692293e+03 3.063227e+03 4.126374e+03 6.136547e+03  
8.314568e-02 1.662860e+03 3.010276e+03 4.055428e+03 6.032384e+03  
8.430468e-02 1.633890e+03 2.958174e+03 3.985634e+03 5.929949e+03  
8.547985e-02 1.605413e+03 2.906972e+03 3.917064e+03 5.829351e+03  
8.667139e-02 1.577459e+03 2.856724e+03 3.849789e+03 5.730698e+03  
8.787954e-02 1.550057e+03 2.807484e+03 3.783882e+03 5.634103e+03  
8.910453e-02 1.523228e+03 2.759288e+03 3.719392e+03 5.539639e+03  
9.034660e-02 1.496988e+03 2.712162e+03 3.656354e+03 5.447362e+03  
9.160598e-02 1.471352e+03 2.666132e+03 3.594804e+03 5.357327e+03  
9.288292e-02 1.446332e+03 2.621223e+03 3.534774e+03 5.269586e+03  
9.417766e-02 1.421943e+03 2.577458e+03 3.476297e+03 5.184188e+03  
9.549045e-02 1.398197e+03 2.534858e+03 3.419400e+03 5.101180e+03  
9.682153e-02 1.375104e+03 2.493444e+03 3.364111e+03 5.020604e+03  
9.817117e-02 1.352670e+03 2.453219e+03 3.310437e+03 4.942474e+03  
9.953962e-02 1.330874e+03 2.414152e+03 3.258334e+03 4.866726e+03  
1.009272e-01 1.309695e+03 2.376199e+03 3.207742e+03 4.793271e+03  
1.023340e-01 1.289100e+03 2.339304e+03 3.158589e+03 4.721999e+03  
1.037605e-01 1.269030e+03 2.303360e+03 3.110726e+03 4.652688e+03  
1.052069e-01 1.249398e+03 2.268210e+03 3.063945e+03 4.585018e+03  
1.066734e-01 1.230109e+03 2.233684e+03 3.018011e+03 4.518634e+03  
1.081604e-01 1.211058e+03 2.199596e+03 2.972674e+03 4.453148e+03  
1.096681e-01 1.192151e+03 2.165774e+03 2.927701e+03 4.388204e+03  
1.111968e-01 1.173303e+03 2.132070e+03 2.882890e+03 4.323488e+03  
1.127468e-01 1.154425e+03 2.098322e+03 2.838021e+03 4.258660e+03  
1.143184e-01 1.135421e+03 2.064361e+03 2.792864e+03 4.193359e+03  
1.159120e-01 1.116241e+03 2.030095e+03 2.747292e+03 4.127389e+03  
1.175277e-01 1.096875e+03 1.995509e+03 2.701286e+03 4.060710e+03  
1.191660e-01 1.077317e+03 1.960590e+03 2.654823e+03 3.993285e+03  
1.208271e-01 1.057562e+03 1.925332e+03 2.607896e+03 3.925094e+03  
1.225114e-01 1.037643e+03 1.889791e+03 2.560580e+03 3.856250e+03  
1.242191e-01 1.017608e+03 1.854054e+03 2.512992e+03 3.786928e+03  
1.259506e-01 9.975103e+02 1.818216e+03 2.465259e+03 3.717321e+03  
1.277063e-01 9.774066e+02 1.782379e+03 2.417518e+03 3.647638e+03  
1.294865e-01 9.573577e+02 1.746649e+03 2.369916e+03 3.578101e+03  
1.312915e-01 9.374290e+02 1.711144e+03 2.322609e+03 3.508954e+03  
1.331216e-01 9.176890e+02 1.675985e+03 2.275762e+03 3.440451e+03  
1.349772e-01 8.982032e+02 1.641290e+03 2.229535e+03 3.372838e+03  
1.368587e-01 8.790391e+02 1.607177e+03 2.184089e+03 3.306366e+03  
1.387665e-01 8.602668e+02 1.573771e+03 2.139593e+03 3.241301e+03  
1.407008e-01 8.419402e+02 1.541167e+03 2.096178e+03 3.177845e+03  
1.426621e-01 8.241043e+02 1.509446e+03 2.053952e+03 3.116170e+03  
1.446507e-01 8.068045e+02 1.478686e+03 2.013023e+03 3.056446e+03  
1.466671e-01 7.900629e+02 1.448928e+03 1.973445e+03 2.998761e+03  
1.487115e-01 7.738833e+02 1.420176e+03 1.935226e+03 2.943130e+03  
1.507845e-01 7.582667e+02 1.392433e+03 1.898369e+03 2.889560e+03  
1.528864e-01 7.432017e+02 1.365677e+03 1.862845e+03 2.838007e+03  
1.550175e-01 7.286668e+02 1.339868e+03 1.828601e+03 2.788395e+03  
1.571784e-01 7.146336e+02 1.314957e+03 1.795568e+03 2.740616e+03  
1.593694e-01 7.010438e+02 1.290839e+03 1.763604e+03 2.694449e+03  
1.615909e-01 6.878219e+02 1.267379e+03 1.732526e+03 2.649610e+03  
1.638434e-01 6.748869e+02 1.244433e+03 1.702137e+03 2.605787e+03  
1.661273e-01 6.621558e+02 1.221853e+03 1.672234e+03 2.562664e+03  
1.684430e-01 6.495403e+02 1.199482e+03 1.642603e+03 2.519898e+03  
1.707910e-01 6.369751e+02 1.177204e+03 1.613085e+03 2.477238e+03  
1.731717e-01 6.244249e+02 1.154956e+03 1.583592e+03 2.434544e+03  
1.755856e-01 6.118609e+02 1.132686e+03 1.554054e+03 2.391702e+03  
1.780332e-01 5.992933e+02 1.110413e+03 1.524495e+03 2.348747e+03  
1.805149e-01 5.867464e+02 1.088180e+03 1.494974e+03 2.305770e+03  
1.830312e-01 5.742435e+02 1.066029e+03 1.465546e+03 2.262857e+03  
1.855825e-01 5.618064e+02 1.043996e+03 1.436263e+03 2.220093e+03  
1.881694e-01 5.494617e+02 1.022131e+03 1.407191e+03 2.177577e+03  
1.907924e-01 5.372495e+02 1.000503e+03 1.378426e+03 2.135464e+03  
1.934520e-01 5.252164e+02 9.791947e+02 1.350080e+03 2.093935e+03  
1.961486e-01 5.134244e+02 9.583165e+02 1.322305e+03 2.053229e+03  
1.988828e-01 5.019436e+02 9.379922e+02 1.295270e+03 2.013620e+03  
2.016551e-01 4.908182e+02 9.182991e+02 1.269082e+03 1.975280e+03  
2.044661e-01 4.800669e+02 8.992705e+02 1.243787e+03 1.938285e+03  
2.073162e-01 4.696874e+02 8.809014e+02 1.219379e+03 1.902627e+03  
2.102061e-01 4.596480e+02 8.631357e+02 1.195781e+03 1.868185e+03  
2.131362e-01 4.499140e+02 8.459114e+02 1.172908e+03 1.834825e+03  
2.161073e-01 4.404509e+02 8.291670e+02 1.150675e+03 1.802414e+03  
2.191197e-01 4.312263e+02 8.128449e+02 1.129005e+03 1.770828e+03  
2.221741e-01 4.222147e+02 7.968997e+02 1.107835e+03 1.739967e+03  
2.252711e-01 4.133841e+02 7.812749e+02 1.087087e+03 1.709709e+03  
2.284112e-01 4.046913e+02 7.658935e+02 1.066656e+03 1.679883e+03  
2.315951e-01 3.961006e+02 7.506924e+02 1.046454e+03 1.650352e+03  
2.348235e-01 3.875926e+02 7.356372e+02 1.026435e+03 1.621038e+03  
2.380968e-01 3.791643e+02 7.207227e+02 1.006591e+03 1.591932e+03  
2.414157e-01 3.708310e+02 7.059757e+02 9.869594e+02 1.563092e+03  
2.447809e-01 3.626147e+02 6.914351e+02 9.675936e+02 1.534607e+03  
2.481930e-01 3.545400e+02 6.771440e+02 9.485533e+02 1.506574e+03  
2.516527e-01 3.466186e+02 6.631232e+02 9.298671e+02 1.479039e+03  
2.551606e-01 3.388596e+02 6.493886e+02 9.115573e+02 1.452040e+03  
2.587174e-01 3.312801e+02 6.359699e+02 8.936651e+02 1.425646e+03  
2.623238e-01 3.239005e+02 6.229032e+02 8.762401e+02 1.399937e+03  
2.659804e-01 3.167413e+02 6.102242e+02 8.593323e+02 1.374996e+03  
2.696881e-01 3.098014e+02 5.979308e+02 8.429388e+02 1.350820e+03  
2.734474e-01 3.030613e+02 5.859882e+02 8.270120e+02 1.327333e+03  
2.772591e-01 2.964842e+02 5.743315e+02 8.114626e+02 1.304392e+03  
2.811239e-01 2.900430e+02 5.629130e+02 7.962252e+02 1.281893e+03  
2.850426e-01 2.837264e+02 5.517126e+02 7.812722e+02 1.259791e+03  
2.890160e-01 2.775341e+02 5.407297e+02 7.666031e+02 1.238088e+03  
2.930447e-01 2.714641e+02 5.299605e+02 7.522130e+02 1.216775e+03  
2.971296e-01 2.655081e+02 5.193905e+02 7.380819e+02 1.195824e+03  
3.012714e-01 2.596557e+02 5.090014e+02 7.241849e+02 1.175193e+03  
3.054710e-01 2.539061e+02 4.987917e+02 7.105203e+02 1.154882e+03  
3.097291e-01 2.482713e+02 4.887823e+02 6.971170e+02 1.134938e+03  
3.140465e-01 2.427690e+02 4.790043e+02 6.840182e+02 1.115434e+03  
3.184242e-01 2.374058e+02 4.694690e+02 6.712398e+02 1.096394e+03  
3.228628e-01 2.321779e+02 4.601697e+02 6.587726e+02 1.077807e+03  
3.273634e-01 2.270783e+02 4.510940e+02 6.465999e+02 1.059646e+03  
3.319266e-01 2.220997e+02 4.422289e+02 6.347041e+02 1.041884e+03  
3.365535e-01 2.172424e+02 4.335749e+02 6.230859e+02 1.024522e+03  
3.412449e-01 2.125062e+02 4.251314e+02 6.117448e+02 1.007562e+03  
3.460016e-01 2.078786e+02 4.168766e+02 6.006510e+02 9.909554e+02  
3.508247e-01 2.033463e+02 4.087870e+02 5.897723e+02 9.746518e+02  
3.557150e-01 1.989045e+02 4.008544e+02 5.790978e+02 9.586345e+02  
3.606735e-01 1.945575e+02 3.930859e+02 5.686375e+02 9.429208e+02  
3.657011e-01 1.903113e+02 3.854924e+02 5.584062e+02 9.275358e+02  
3.707988e-01 1.861662e+02 3.780739e+02 5.484048e+02 9.124816e+02  
3.759675e-01 1.821154e+02 3.708187e+02 5.386168e+02 8.977327e+02  
3.812083e-01 1.781589e+02 3.637265e+02 5.290425e+02 8.832903e+02  
3.865221e-01 1.742981e+02 3.567996e+02 5.196850e+02 8.691605e+02  
3.919100e-01 1.705333e+02 3.500389e+02 5.105456e+02 8.553462e+02  
3.973730e-01 1.668597e+02 3.434354e+02 5.016123e+02 8.418288e+02  
4.029122e-01 1.632695e+02 3.369758e+02 4.928670e+02 8.285800e+02  
4.085286e-01 1.597608e+02 3.306565e+02 4.843049e+02 8.155931e+02  
4.142232e-01 1.563344e+02 3.244792e+02 4.759284e+02 8.028727e+02  
4.199973e-01 1.529890e+02 3.184412e+02 4.677343e+02 7.904142e+02  
4.258518e-01 1.497199e+02 3.125345e+02 4.597116e+02 7.782008e+02  
4.317880e-01 1.465249e+02 3.067551e+02 4.518548e+02 7.662246e+02  
4.378069e-01 1.434081e+02 3.011102e+02 4.441743e+02 7.545026e+02  
4.439097e-01 1.403680e+02 2.955968e+02 4.366659e+02 7.430289e+02  
4.500975e-01 1.374001e+02 2.902073e+02 4.293193e+02 7.317877e+02  
4.563716e-01 1.345003e+02 2.849344e+02 4.221248e+02 7.207641e+02  
4.627332e-01 1.316705e+02 2.797817e+02 4.150872e+02 7.099663e+02  
4.691835e-01 1.289104e+02 2.747479e+02 4.082053e+02 6.993928e+02  
4.757236e-01 1.262117e+02 2.698194e+02 4.014602e+02 6.890144e+02  
4.823549e-01 1.235764e+02 2.649990e+02 3.948563e+02 6.788384e+02  
4.890787e-01 1.210066e+02 2.602907e+02 3.883987e+02 6.688735e+02  
4.958962e-01 1.184967e+02 2.556844e+02 3.820741e+02 6.590989e+02  
5.028087e-01 1.160438e+02 2.511752e+02 3.758757e+02 6.495048e+02  
5.098176e-01 1.136520e+02 2.467702e+02 3.698135e+02 6.401066e+02  
5.169242e-01 1.113178e+02 2.424633e+02 3.638790e+02 6.308919e+02  
5.241298e-01 1.090357e+02 2.382450e+02 3.580596e+02 6.218413e+02  
5.314359e-01 1.068091e+02 2.341210e+02 3.523632e+02 6.129672e+02  
5.388438e-01 1.046359e+02 2.300876e+02 3.467845e+02 6.042618e+02  
5.463550e-01 1.025127e+02 2.261391e+02 3.413163e+02 5.957142e+02  
5.539709e-01 1.004394e+02 2.222752e+02 3.359580e+02 5.873239e+02  
5.616930e-01 9.841677e+01 2.184972e+02 3.307114e+02 5.790935e+02  
5.695227e-01 9.644007e+01 2.147969e+02 3.255657e+02 5.710070e+02  
5.774615e-01 9.451019e+01 2.111757e+02 3.205228e+02 5.630673e+02  
5.855110e-01 9.262651e+01 2.076326e+02 3.155812e+02 5.552724e+02  
5.936727e-01 9.078608e+01 2.041626e+02 3.107344e+02 5.476125e+02  
6.019482e-01 8.898867e+01 2.007652e+02 3.059817e+02 5.400866e+02  
6.103390e-01 8.723497e+01 1.974414e+02 3.013245e+02 5.326971e+02  
6.188468e-01 8.552078e+01 1.941841e+02 2.967535e+02 5.254299e+02  
6.274732e-01 8.384673e+01 1.909945e+02 2.922700e+02 5.182871e+02  
6.362198e-01 8.221260e+01 1.878719e+02 2.878734e+02 5.112679e+02  
6.450884e-01 8.061566e+01 1.848118e+02 2.835577e+02 5.043632e+02  
6.540806e-01 7.905602e+01 1.818144e+02 2.793229e+02 4.975734e+02  
6.631981e-01 7.753308e+01 1.788785e+02 2.751677e+02 4.908962e+02  
6.724427e-01 7.604471e+01 1.760005e+02 2.710873e+02 4.843248e+02  
6.818162e-01 7.459032e+01 1.731795e+02 2.670804e+02 4.778573e+02  
6.913204e-01 7.316944e+01 1.704146e+02 2.631459e+02 4.714919e+02  
7.009570e-01 7.178143e+01 1.677046e+02 2.592824e+02 4.652264e+02  
7.107280e-01 7.042550e+01 1.650482e+02 2.554879e+02 4.590582e+02  
7.206351e-01 6.910063e+01 1.624436e+02 2.517602e+02 4.529839e+02  
7.306804e-01 6.780568e+01 1.598890e+02 2.480968e+02 4.469998e+02  
7.408657e-01 6.653962e+01 1.573826e+02 2.444955e+02 4.411028e+02  
7.511929e-01 6.530186e+01 1.549233e+02 2.409550e+02 4.352908e+02  
7.616642e-01 6.409182e+01 1.525103e+02 2.374738e+02 4.295619e+02  
7.722814e-01 6.290884e+01 1.501423e+02 2.340506e+02 4.239138e+02  
7.830465e-01 6.175224e+01 1.478182e+02 2.306838e+02 4.183444e+02  
7.939618e-01 6.062137e+01 1.455369e+02 2.273720e+02 4.128516e+02  
8.050292e-01 5.951549e+01 1.432971e+02 2.241135e+02 4.074330e+02  
8.162509e-01 5.843379e+01 1.410975e+02 2.209067e+02 4.020861e+02  
8.276289e-01 5.737572e+01 1.389372e+02 2.177503e+02 3.968091e+02  
8.391656e-01 5.634070e+01 1.368151e+02 2.146430e+02 3.916001e+02  
8.508632e-01 5.532811e+01 1.347303e+02 2.115835e+02 3.864573e+02  
8.627237e-01 5.433732e+01 1.326817e+02 2.085705e+02 3.813786e+02  
8.747496e-01 5.336787e+01 1.306686e+02 2.056030e+02 3.763627e+02  
8.869432e-01 5.241921e+01 1.286899e+02 2.026797e+02 3.714077e+02  
8.993067e-01 5.149074e+01 1.267447e+02 1.997994e+02 3.665119e+02  
9.118425e-01 5.058197e+01 1.248322e+02 1.969611e+02 3.616737e+02  
9.245531e-01 4.969240e+01 1.229517e+02 1.941637e+02 3.568916e+02  
9.374409e-01 4.882149e+01 1.211020e+02 1.914060e+02 3.521641e+02  
9.505083e-01 4.796868e+01 1.192825e+02 1.886870e+02 3.474896e+02  
9.637579e-01 4.713351e+01 1.174923e+02 1.860055e+02 3.428666e+02  
9.771921e-01 4.631554e+01 1.157307e+02 1.833611e+02 3.382940e+02  
9.908137e-01 4.551422e+01 1.139969e+02 1.807523e+02 3.337702e+02  
1.004625e+00 4.472912e+01 1.122901e+02 1.781782e+02 3.292940e+02  
1.018629e+00 4.395987e+01 1.106097e+02 1.756382e+02 3.248644e+02  
1.032828e+00 4.320608e+01 1.089552e+02 1.731315e+02 3.204803e+02  
1.047225e+00 4.246731e+01 1.073257e+02 1.706573e+02 3.161405e+02  
1.061823e+00 4.174321e+01 1.057208e+02 1.682147e+02 3.118440e+02  
1.076624e+00 4.103339e+01 1.041399e+02 1.658031e+02 3.075899e+02  
1.091632e+00 4.033744e+01 1.025823e+02 1.634218e+02 3.033772e+02  
1.106848e+00 3.965498e+01 1.010474e+02 1.610698e+02 2.992048e+02  
1.122277e+00 3.898570e+01 9.953475e+01 1.587468e+02 2.950720e+02  
1.137921e+00 3.832930e+01 9.804384e+01 1.564521e+02 2.909781e+02  
1.153783e+00 3.768542e+01 9.657413e+01 1.541850e+02 2.869222e+02  
1.169866e+00 3.705373e+01 9.512513e+01 1.519450e+02 2.829036e+02  
1.186174e+00 3.643393e+01 9.369638e+01 1.497315e+02 2.789215e+02  
1.202708e+00 3.582569e+01 9.228737e+01 1.475439e+02 2.749753e+02  
1.219473e+00 3.522864e+01 9.089759e+01 1.453816e+02 2.710643e+02  
1.236472e+00 3.464256e+01 8.952667e+01 1.432442e+02 2.671880e+02  
1.253708e+00 3.406719e+01 8.817424e+01 1.411312e+02 2.633458e+02  
1.271184e+00 3.350227e+01 8.683990e+01 1.390422e+02 2.595372e+02  
1.288904e+00 3.294752e+01 8.552326e+01 1.369768e+02 2.557618e+02  
1.306870e+00 3.240271e+01 8.422397e+01 1.349344e+02 2.520190e+02  
1.325087e+00 3.186757e+01 8.294165e+01 1.329149e+02 2.483086e+02  
1.343558e+00 3.134182e+01 8.167590e+01 1.309175e+02 2.446299e+02  
1.362287e+00 3.082524e+01 8.042642e+01 1.289422e+02 2.409828e+02  
1.381276e+00 3.031765e+01 7.919294e+01 1.269884e+02 2.373668e+02  
1.400531e+00 2.981882e+01 7.797514e+01 1.250559e+02 2.337818e+02  
1.420053e+00 2.932854e+01 7.677271e+01 1.231444e+02 2.302274e+02  
1.439848e+00 2.884661e+01 7.558541e+01 1.212536e+02 2.267034e+02  
1.459919e+00 2.837284e+01 7.441295e+01 1.193832e+02 2.232096e+02  
1.480269e+00 2.790699e+01 7.325502e+01 1.175328e+02 2.197458e+02  
1.500903e+00 2.744888e+01 7.211138e+01 1.157023e+02 2.163117e+02  
1.521825e+00 2.699834e+01 7.098181e+01 1.138913e+02 2.129073e+02  
1.543038e+00 2.655520e+01 6.986607e+01 1.120997e+02 2.095325e+02  
1.564548e+00 2.611926e+01 6.876392e+01 1.103271e+02 2.061871e+02  
1.586357e+00 2.569038e+01 6.767516e+01 1.085735e+02 2.028711e+02  
1.608469e+00 2.526842e+01 6.659962e+01 1.068386e+02 1.995844e+02  
1.630891e+00 2.485322e+01 6.553709e+01 1.051223e+02 1.963270e+02  
1.653624e+00 2.444463e+01 6.448736e+01 1.034242e+02 1.930989e+02  
1.676675e+00 2.404250e+01 6.345028e+01 1.017444e+02 1.899000e+02  
1.700047e+00 2.364669e+01 6.242565e+01 1.000825e+02 1.867304e+02  
1.723745e+00 2.325703e+01 6.141328e+01 9.843849e+01 1.835901e+02  
1.747773e+00 2.287340e+01 6.041302e+01 9.681215e+01 1.804792e+02  
1.772136e+00 2.249569e+01 5.942473e+01 9.520338e+01 1.773976e+02  
1.796838e+00 2.212376e+01 5.844825e+01 9.361204e+01 1.743455e+02  
1.821885e+00 2.175751e+01 5.748345e+01 9.203800e+01 1.713230e+02  
1.847281e+00 2.139681e+01 5.653019e+01 9.048117e+01 1.683301e+02  
1.873032e+00 2.104156e+01 5.558834e+01 8.894142e+01 1.653670e+02  
1.899141e+00 2.069163e+01 5.465777e+01 8.741865e+01 1.624337e+02  
1.925614e+00 2.034693e+01 5.373836e+01 8.591276e+01 1.595303e+02  
1.952456e+00 2.000736e+01 5.282999e+01 8.442366e+01 1.566571e+02  
1.979672e+00 1.967281e+01 5.193256e+01 8.295127e+01 1.538141e+02  
2.007267e+00 1.934319e+01 5.104595e+01 8.149551e+01 1.510014e+02  
2.035248e+00 1.901841e+01 5.017005e+01 8.005628e+01 1.482192e+02  
2.063618e+00 1.869839e+01 4.930479e+01 7.863354e+01 1.454677e+02  
2.092383e+00 1.838303e+01 4.845005e+01 7.722720e+01 1.427468e+02  
2.121550e+00 1.807225e+01 4.760573e+01 7.583720e+01 1.400569e+02  
2.151123e+00 1.776597e+01 4.677177e+01 7.446347e+01 1.373980e+02  
2.181109e+00 1.746412e+01 4.594806e+01 7.310597e+01 1.347703e+02  
2.211512e+00 1.716660e+01 4.513451e+01 7.176462e+01 1.321738e+02  
2.242340e+00 1.687335e+01 4.433106e+01 7.043938e+01 1.296088e+02  
2.273597e+00 1.658429e+01 4.353762e+01 6.913020e+01 1.270752e+02  
2.305289e+00 1.629937e+01 4.275412e+01 6.783703e+01 1.245734e+02  
2.337424e+00 1.601851e+01 4.198047e+01 6.655981e+01 1.221033e+02  
2.370006e+00 1.574165e+01 4.121662e+01 6.529851e+01 1.196650e+02  
2.403043e+00 1.546872e+01 4.046249e+01 6.405309e+01 1.172587e+02  
2.436540e+00 1.519968e+01 3.971802e+01 6.282349e+01 1.148844e+02  
2.470504e+00 1.493444e+01 3.898313e+01 6.160967e+01 1.125421e+02  
2.504942e+00 1.467297e+01 3.825776e+01 6.041160e+01 1.102321e+02  
2.539859e+00 1.441520e+01 3.754185e+01 5.922923e+01 1.079542e+02  
2.575263e+00 1.416107e+01 3.683534e+01 5.806252e+01 1.057086e+02  
2.611161e+00 1.391054e+01 3.613817e+01 5.691143e+01 1.034952e+02  
2.647559e+00 1.366356e+01 3.545027e+01 5.577591e+01 1.013141e+02  
2.684465e+00 1.342007e+01 3.477159e+01 5.465593e+01 9.916532e+01  
2.721885e+00 1.318003e+01 3.410207e+01 5.355144e+01 9.704875e+01  
2.759826e+00 1.294340e+01 3.344166e+01 5.246240e+01 9.496440e+01  
2.798297e+00 1.271012e+01 3.279029e+01 5.138877e+01 9.291224e+01  
2.837304e+00 1.248016e+01 3.214792e+01 5.033049e+01 9.089220e+01  
2.876854e+00 1.225347e+01 3.151449e+01 4.928752e+01 8.890421e+01  
2.916956e+00 1.203001e+01 3.088994e+01 4.825981e+01 8.694819e+01  
2.957617e+00 1.180975e+01 3.027423e+01 4.724731e+01 8.502404e+01  
2.998844e+00 1.159263e+01 2.966729e+01 4.624996e+01 8.313165e+01  
3.040646e+00 1.137862e+01 2.906907e+01 4.526772e+01 8.127088e+01  
3.083031e+00 1.116769e+01 2.847953e+01 4.430051e+01 7.944159e+01  
3.126007e+00 1.095980e+01 2.789860e+01 4.334828e+01 7.764364e+01  
3.169582e+00 1.075491e+01 2.732625e+01 4.241097e+01 7.587686e+01  
3.213764e+00 1.055299e+01 2.676240e+01 4.148850e+01 7.414105e+01  
3.258562e+00 1.035400e+01 2.620701e+01 4.058082e+01 7.243604e+01  
3.303985e+00 1.015791e+01 2.566003e+01 3.968784e+01 7.076162e+01  
3.350041e+00 9.964692e+00 2.512141e+01 3.880949e+01 6.911756e+01  
3.396739e+00 9.774309e+00 2.459108e+01 3.794569e+01 6.750365e+01  
3.444087e+00 9.586732e+00 2.406901e+01 3.709636e+01 6.591964e+01  
3.492096e+00 9.401929e+00 2.355512e+01 3.626141e+01 6.436529e+01  
3.540774e+00 9.219871e+00 2.304937e+01 3.544076e+01 6.284033e+01  
3.590130e+00 9.040528e+00 2.255171e+01 3.463430e+01 6.134449e+01  
3.640175e+00 8.863870e+00 2.206207e+01 3.384195e+01 5.987750e+01  
3.690917e+00 8.689869e+00 2.158041e+01 3.306359e+01 5.843908e+01  
3.742366e+00 8.518497e+00 2.110665e+01 3.229914e+01 5.702892e+01  
3.794533e+00 8.349726e+00 2.064076e+01 3.154848e+01 5.564672e+01  
3.847427e+00 8.183529e+00 2.018266e+01 3.081150e+01 5.429218e+01  
3.901058e+00 8.019880e+00 1.973231e+01 3.008809e+01 5.296498e+01  
3.955436e+00 7.858752e+00 1.928963e+01 2.937812e+01 5.166480e+01  
4.010573e+00 7.700119e+00 1.885458e+01 2.868149e+01 5.039131e+01  
4.066478e+00 7.543955e+00 1.842708e+01 2.799806e+01 4.914418e+01  
4.123163e+00 7.390234e+00 1.800708e+01 2.732770e+01 4.792306e+01  
4.180637e+00 7.238932e+00 1.759451e+01 2.667029e+01 4.672762e+01  
4.238913e+00 7.090023e+00 1.718931e+01 2.602570e+01 4.555752e+01  
4.298001e+00 6.943482e+00 1.679141e+01 2.539378e+01 4.441239e+01  
4.357913e+00 6.799285e+00 1.640075e+01 2.477441e+01 4.329190e+01  
4.418660e+00 6.657408e+00 1.601727e+01 2.416743e+01 4.219568e+01  
4.480254e+00 6.517826e+00 1.564088e+01 2.357271e+01 4.112337e+01  
4.542706e+00 6.380516e+00 1.527153e+01 2.299010e+01 4.007463e+01  
4.606029e+00 6.245454e+00 1.490914e+01 2.241945e+01 3.904908e+01  
4.670234e+00 6.112616e+00 1.455365e+01 2.186061e+01 3.804636e+01  
4.735335e+00 5.981980e+00 1.420497e+01 2.131343e+01 3.706612e+01  
4.801343e+00 5.853521e+00 1.386304e+01 2.077777e+01 3.610798e+01  
4.868271e+00 5.727217e+00 1.352779e+01 2.025345e+01 3.517159e+01  
4.936132e+00 5.603045e+00 1.319914e+01 1.974033e+01 3.425658e+01  
5.004939e+00 5.480982e+00 1.287701e+01 1.923826e+01 3.336259e+01  
5.074705e+00 5.361006e+00 1.256133e+01 1.874706e+01 3.248926e+01  
5.145444e+00 5.243093e+00 1.225202e+01 1.826659e+01 3.163622e+01  
5.217169e+00 5.127222e+00 1.194900e+01 1.779668e+01 3.080312e+01  
5.289893e+00 5.013370e+00 1.165220e+01 1.733718e+01 2.998959e+01  
5.363631e+00 4.901515e+00 1.136153e+01 1.688791e+01 2.919529e+01  
5.438397e+00 4.791635e+00 1.107692e+01 1.644873e+01 2.841985e+01  
5.514206e+00 4.683707e+00 1.079828e+01 1.601947e+01 2.766292e+01  
5.591071e+00 4.577710e+00 1.052553e+01 1.559996e+01 2.692416e+01  
5.669007e+00 4.473622e+00 1.025860e+01 1.519005e+01 2.620321e+01  
5.748030e+00 4.371421e+00 9.997392e+00 1.478958e+01 2.549973e+01  
5.828155e+00 4.271085e+00 9.741834e+00 1.439838e+01 2.481339e+01  
5.909396e+00 4.172593e+00 9.491840e+00 1.401630e+01 2.414383e+01  
5.991770e+00 4.075923e+00 9.247328e+00 1.364317e+01 2.349072e+01  
6.075292e+00 3.981053e+00 9.008214e+00 1.327883e+01 2.285374e+01  
6.159978e+00 3.887963e+00 8.774415e+00 1.292314e+01 2.223255e+01  
6.245845e+00 3.796630e+00 8.545848e+00 1.257591e+01 2.162683e+01  
6.332908e+00 3.707033e+00 8.322429e+00 1.223701e+01 2.103625e+01  
6.421186e+00 3.619152e+00 8.104076e+00 1.190628e+01 2.046051e+01  
6.510694e+00 3.532964e+00 7.890704e+00 1.158355e+01 1.989927e+01  
6.601449e+00 3.448449e+00 7.682230e+00 1.126869e+01 1.935225e+01  
6.693470e+00 3.365585e+00 7.478572e+00 1.096152e+01 1.881912e+01  
6.786773e+00 3.284352e+00 7.279648e+00 1.066191e+01 1.829959e+01  
6.881377e+00 3.204727e+00 7.085373e+00 1.036970e+01 1.779336e+01  
6.977300e+00 3.126692e+00 6.895667e+00 1.008475e+01 1.730014e+01  
7.074559e+00 3.050223e+00 6.710447e+00 9.806902e+00 1.681964e+01  
7.173175e+00 2.975301e+00 6.529633e+00 9.536018e+00 1.635157e+01  
7.273165e+00 2.901904e+00 6.353142e+00 9.271952e+00 1.589566e+01  
7.374549e+00 2.830012e+00 6.180896e+00 9.014562e+00 1.545162e+01  
7.477346e+00 2.759604e+00 6.012814e+00 8.763708e+00 1.501919e+01  
7.581576e+00 2.690660e+00 5.848817e+00 8.519251e+00 1.459811e+01  
7.687260e+00 2.623157e+00 5.688826e+00 8.281054e+00 1.418810e+01  
7.794416e+00 2.557077e+00 5.532764e+00 8.048981e+00 1.378891e+01  
7.903066e+00 2.492398e+00 5.380553e+00 7.822899e+00 1.340028e+01  
8.013230e+00 2.429099e+00 5.232116e+00 7.602676e+00 1.302198e+01  
8.124930e+00 2.367161e+00 5.087379e+00 7.388184e+00 1.265375e+01  
8.238187e+00 2.306562e+00 4.946265e+00 7.179293e+00 1.229535e+01  
8.353023e+00 2.247283e+00 4.808700e+00 6.975877e+00 1.194654e+01  
8.469460e+00 2.189302e+00 4.674612e+00 6.777814e+00 1.160711e+01  
8.587519e+00 2.132601e+00 4.543927e+00 6.584981e+00 1.127681e+01  
8.707225e+00 2.077157e+00 4.416575e+00 6.397257e+00 1.095543e+01  
8.828599e+00 2.022952e+00 4.292483e+00 6.214524e+00 1.064275e+01  
8.951665e+00 1.969966e+00 4.171582e+00 6.036667e+00 1.033855e+01  
9.076446e+00 1.918178e+00 4.053803e+00 5.863570e+00 1.004263e+01  
9.202967e+00 1.867568e+00 3.939079e+00 5.695122e+00 9.754775e+00  
9.331251e+00 1.818116e+00 3.827341e+00 5.531212e+00 9.474789e+00  
9.461324e+00 1.769804e+00 3.718524e+00 5.371732e+00 9.202474e+00  
9.593209e+00 1.722611e+00 3.612562e+00 5.216575e+00 8.937637e+00  
9.726934e+00 1.676518e+00 3.509392e+00 5.065637e+00 8.680089e+00  
9.862522e+00 1.631505e+00 3.408949e+00 4.918815e+00 8.429644e+00  
1.000000e+01 1.587553e+00 3.311172e+00 4.776009e+00 8.186122e+00  
