1.000000e-02 7.052682e+03 1.277073e+04 1.717074e+04 2.529918e+04  
1.013939e-02 7.087891e+03 1.283421e+04 1.725583e+04 2.542390e+04  
1.028073e-02 7.122405e+03 1.289644e+04 1.733922e+04 2.554610e+04  
1.042404e-02 7.156199e+03 1.295735e+04 1.742084e+04 2.566567e+04  
1.056935e-02 7.189248e+03 1.301690e+04 1.750062e+04 2.578253e+04  
1.071668e-02 7.221526e+03 1.307506e+04 1.757852e+04 2.589659e+04  
1.086606e-02 7.253008e+03 1.313176e+04 1.765446e+04 2.600775e+04  
1.101753e-02 7.283665e+03 1.318697e+04 1.772838e+04 2.611592e+04  
1.117111e-02 7.313471e+03 1.324062e+04 1.780021e+04 2.622100e+04  
1.132683e-02 7.342398e+03 1.329268e+04 1.786988e+04 2.632288e+04  
1.148472e-02 7.370419e+03 1.334309e+04 1.793733e+04 2.642148e+04  
1.164481e-02 7.397507e+03 1.339180e+04 1.800249e+04 2.651669e+04  
1.180713e-02 7.423635e+03 1.343877e+04 1.806530e+04 2.660842e+04  
1.197171e-02 7.448774e+03 1.348394e+04 1.812569e+04 2.669657e+04  
1.213859e-02 7.472895e+03 1.352726e+04 1.818358e+04 2.678102e+04  
1.230780e-02 7.495966e+03 1.356867e+04 1.823889e+04 2.686167e+04  
1.247936e-02 7.517957e+03 1.360812e+04 1.829157e+04 2.693841e+04  
1.265332e-02 7.538840e+03 1.364555e+04 1.834153e+04 2.701114e+04  
1.282970e-02 7.558584e+03 1.368092e+04 1.838870e+04 2.707975e+04  
1.300854e-02 7.577160e+03 1.371416e+04 1.843301e+04 2.714413e+04  
1.318987e-02 7.594537e+03 1.374523e+04 1.847439e+04 2.720418e+04  
1.337373e-02 7.610687e+03 1.377406e+04 1.851277e+04 2.725979e+04  
1.356015e-02 7.625580e+03 1.380062e+04 1.854806e+04 2.731086e+04  
1.374917e-02 7.639185e+03 1.382483e+04 1.858022e+04 2.735728e+04  
1.394083e-02 7.651476e+03 1.384666e+04 1.860915e+04 2.739894e+04  
1.413516e-02 7.662423e+03 1.386605e+04 1.863480e+04 2.743576e+04  
1.433219e-02 7.671999e+03 1.388296e+04 1.865710e+04 2.746763e+04  
1.453198e-02 7.680177e+03 1.389732e+04 1.867598e+04 2.749446e+04  
1.473454e-02 7.686929e+03 1.390910e+04 1.869138e+04 2.751614e+04  
1.493993e-02 7.692224e+03 1.391823e+04 1.870322e+04 2.753257e+04  
1.514819e-02 7.696035e+03 1.392467e+04 1.871143e+04 2.754366e+04  
1.535935e-02 7.698336e+03 1.392837e+04 1.871596e+04 2.754930e+04  
1.557345e-02 7.699100e+03 1.392929e+04 1.871673e+04 2.754941e+04  
1.579053e-02 7.698304e+03 1.392737e+04 1.871369e+04 2.754390e+04  
1.601064e-02 7.695921e+03 1.392258e+04 1.870679e+04 2.753268e+04  
1.623382e-02 7.691926e+03 1.391486e+04 1.869594e+04 2.751565e+04  
1.646012e-02 7.686290e+03 1.390417e+04 1.868110e+04 2.749273e+04  
1.668956e-02 7.678989e+03 1.389045e+04 1.866219e+04 2.746382e+04  
1.692220e-02 7.669996e+03 1.387368e+04 1.863916e+04 2.742883e+04  
1.715809e-02 7.659290e+03 1.385380e+04 1.861195e+04 2.738769e+04  
1.739726e-02 7.646849e+03 1.383077e+04 1.858052e+04 2.734031e+04  
1.763977e-02 7.632652e+03 1.380457e+04 1.854480e+04 2.728663e+04  
1.788566e-02 7.616680e+03 1.377515e+04 1.850477e+04 2.722659e+04  
1.813498e-02 7.598916e+03 1.374248e+04 1.846037e+04 2.716011e+04  
1.838777e-02 7.579344e+03 1.370654e+04 1.841156e+04 2.708716e+04  
1.864409e-02 7.557951e+03 1.366730e+04 1.835832e+04 2.700767e+04  
1.890397e-02 7.534725e+03 1.362475e+04 1.830063e+04 2.692162e+04  
1.916748e-02 7.509659e+03 1.357886e+04 1.823846e+04 2.682899e+04  
1.943467e-02 7.482746e+03 1.352963e+04 1.817179e+04 2.672974e+04  
1.970558e-02 7.453978e+03 1.347705e+04 1.810062e+04 2.662385e+04  
1.998026e-02 7.423346e+03 1.342110e+04 1.802492e+04 2.651130e+04  
2.025878e-02 7.390843e+03 1.336176e+04 1.794467e+04 2.639207e+04  
2.054117e-02 7.356466e+03 1.329903e+04 1.785987e+04 2.626614e+04  
2.082751e-02 7.320215e+03 1.323292e+04 1.777052e+04 2.613351e+04  
2.111783e-02 7.282092e+03 1.316342e+04 1.767663e+04 2.599421e+04  
2.141220e-02 7.242105e+03 1.309055e+04 1.757821e+04 2.584826e+04  
2.171068e-02 7.200260e+03 1.301433e+04 1.747529e+04 2.569569e+04  
2.201331e-02 7.156566e+03 1.293477e+04 1.736789e+04 2.553653e+04  
2.232016e-02 7.111033e+03 1.285190e+04 1.725603e+04 2.537082e+04  
2.263130e-02 7.063679e+03 1.276573e+04 1.713976e+04 2.519864e+04  
2.294676e-02 7.014523e+03 1.267631e+04 1.701913e+04 2.502005e+04  
2.326663e-02 6.963592e+03 1.258369e+04 1.689420e+04 2.483515e+04  
2.359095e-02 6.910914e+03 1.248792e+04 1.676505e+04 2.464405e+04  
2.391980e-02 6.856521e+03 1.238906e+04 1.663176e+04 2.444687e+04  
2.425323e-02 6.800439e+03 1.228716e+04 1.649438e+04 2.424369e+04  
2.459130e-02 6.742698e+03 1.218227e+04 1.635300e+04 2.403465e+04  
2.493409e-02 6.683335e+03 1.207446e+04 1.620771e+04 2.381987e+04  
2.528166e-02 6.622394e+03 1.196380e+04 1.605861e+04 2.359950e+04  
2.563407e-02 6.559921e+03 1.185040e+04 1.590582e+04 2.337373e+04  
2.599140e-02 6.495972e+03 1.173434e+04 1.574948e+04 2.314276e+04  
2.635371e-02 6.430602e+03 1.161572e+04 1.558973e+04 2.290678e+04  
2.672106e-02 6.363860e+03 1.149465e+04 1.542667e+04 2.266597e+04  
2.709354e-02 6.295798e+03 1.137120e+04 1.526045e+04 2.242052e+04  
2.747121e-02 6.226476e+03 1.124550e+04 1.509121e+04 2.217066e+04  
2.785414e-02 6.155961e+03 1.111766e+04 1.491911e+04 2.191663e+04  
2.824241e-02 6.084325e+03 1.098781e+04 1.474434e+04 2.165868e+04  
2.863610e-02 6.011651e+03 1.085611e+04 1.456708e+04 2.139711e+04  
2.903527e-02 5.938020e+03 1.072269e+04 1.438755e+04 2.113222e+04  
2.944000e-02 5.863504e+03 1.058771e+04 1.420592e+04 2.086427e+04  
2.985038e-02 5.788179e+03 1.045128e+04 1.402237e+04 2.059353e+04  
3.026648e-02 5.712126e+03 1.031355e+04 1.383710e+04 2.032029e+04  
3.068838e-02 5.635435e+03 1.017470e+04 1.365033e+04 2.004487e+04  
3.111616e-02 5.558203e+03 1.003490e+04 1.346229e+04 1.976763e+04  
3.154990e-02 5.480535e+03 9.894325e+03 1.327325e+04 1.948894e+04  
3.198969e-02 5.402539e+03 9.753187e+03 1.308347e+04 1.920919e+04  
3.243561e-02 5.324304e+03 9.611639e+03 1.289315e+04 1.892869e+04  
3.288774e-02 5.245914e+03 9.469836e+03 1.270251e+04 1.864774e+04  
3.334618e-02 5.167461e+03 9.327944e+03 1.251177e+04 1.836669e+04  
3.381101e-02 5.089043e+03 9.186140e+03 1.232116e+04 1.808586e+04  
3.428231e-02 5.010767e+03 9.044614e+03 1.213095e+04 1.780565e+04  
3.476019e-02 4.932746e+03 8.903571e+03 1.194141e+04 1.752646e+04  
3.524473e-02 4.855096e+03 8.763223e+03 1.175281e+04 1.724870e+04  
3.573602e-02 4.777917e+03 8.623748e+03 1.156541e+04 1.697272e+04  
3.623416e-02 4.701303e+03 8.485314e+03 1.137942e+04 1.669886e+04  
3.673925e-02 4.625350e+03 8.348095e+03 1.119508e+04 1.642746e+04  
3.725137e-02 4.550164e+03 8.212280e+03 1.101265e+04 1.615890e+04  
3.777064e-02 4.475853e+03 8.078066e+03 1.083238e+04 1.589355e+04  
3.829714e-02 4.402534e+03 7.945661e+03 1.065455e+04 1.563182e+04  
3.883098e-02 4.330327e+03 7.815279e+03 1.047945e+04 1.537415e+04  
3.937226e-02 4.259311e+03 7.687063e+03 1.030728e+04 1.512081e+04  
3.992109e-02 4.189535e+03 7.561100e+03 1.013814e+04 1.487198e+04  
4.047757e-02 4.121047e+03 7.437477e+03 9.972162e+03 1.462781e+04  
4.104181e-02 4.053896e+03 7.316278e+03 9.809449e+03 1.438848e+04  
4.161391e-02 3.988130e+03 7.197591e+03 9.650118e+03 1.415415e+04  
4.219398e-02 3.923798e+03 7.081501e+03 9.494286e+03 1.392501e+04  
4.278214e-02 3.860949e+03 6.968097e+03 9.342069e+03 1.370121e+04  
4.337850e-02 3.799651e+03 6.857498e+03 9.193629e+03 1.348299e+04  
4.398317e-02 3.739994e+03 6.749867e+03 9.049179e+03 1.327068e+04  
4.459628e-02 3.682073e+03 6.645370e+03 8.908944e+03 1.306459e+04  
4.521792e-02 3.625987e+03 6.544184e+03 8.773158e+03 1.286508e+04  
4.584824e-02 3.571836e+03 6.446487e+03 8.642060e+03 1.267248e+04  
4.648734e-02 3.519727e+03 6.352467e+03 8.515898e+03 1.248718e+04  
4.713535e-02 3.469763e+03 6.262306e+03 8.394918e+03 1.230952e+04  
4.779239e-02 3.421960e+03 6.176034e+03 8.279155e+03 1.213956e+04  
4.845859e-02 3.376257e+03 6.093536e+03 8.168456e+03 1.197707e+04  
4.913407e-02 3.332580e+03 6.014676e+03 8.062638e+03 1.182179e+04  
4.981898e-02 3.290840e+03 5.939297e+03 7.961491e+03 1.167340e+04  
5.051342e-02 3.250941e+03 5.867222e+03 7.864774e+03 1.153156e+04  
5.121755e-02 3.212771e+03 5.798247e+03 7.772217e+03 1.139587e+04  
5.193150e-02 3.176234e+03 5.732202e+03 7.683591e+03 1.126599e+04  
5.265540e-02 3.141279e+03 5.668992e+03 7.598766e+03 1.114174e+04  
5.338938e-02 3.107850e+03 5.608514e+03 7.517605e+03 1.102291e+04  
5.413360e-02 3.075883e+03 5.550651e+03 7.439951e+03 1.090927e+04  
5.488820e-02 3.045304e+03 5.495271e+03 7.365627e+03 1.080057e+04  
5.565331e-02 3.016030e+03 5.442222e+03 7.294427e+03 1.069650e+04  
5.642908e-02 2.987951e+03 5.391305e+03 7.226088e+03 1.059668e+04  
5.721568e-02 2.960930e+03 5.342275e+03 7.160279e+03 1.050062e+04  
5.801323e-02 2.934814e+03 5.294858e+03 7.096635e+03 1.040780e+04  
5.882190e-02 2.909436e+03 5.248753e+03 7.034754e+03 1.031762e+04  
5.964185e-02 2.884611e+03 5.203632e+03 6.974197e+03 1.022943e+04  
6.047322e-02 2.860160e+03 5.159174e+03 6.914536e+03 1.014262e+04  
6.131619e-02 2.835946e+03 5.115133e+03 6.855444e+03 1.005670e+04  
6.217090e-02 2.811825e+03 5.071257e+03 6.796581e+03 9.971169e+03  
6.303753e-02 2.787644e+03 5.027269e+03 6.737581e+03 9.885498e+03  
6.391624e-02 2.763234e+03 4.982872e+03 6.678047e+03 9.799098e+03  
6.480720e-02 2.738423e+03 4.937762e+03 6.617573e+03 9.711375e+03  
6.571058e-02 2.713052e+03 4.891656e+03 6.555785e+03 9.621777e+03  
6.662655e-02 2.686954e+03 4.844259e+03 6.492287e+03 9.529721e+03  
6.755528e-02 2.659946e+03 4.795250e+03 6.426653e+03 9.434581e+03  
6.849697e-02 2.631836e+03 4.744290e+03 6.358432e+03 9.335689e+03  
6.945178e-02 2.602463e+03 4.691098e+03 6.287251e+03 9.232492e+03  
7.041990e-02 2.571703e+03 4.635458e+03 6.212821e+03 9.124563e+03  
7.140151e-02 2.539424e+03 4.577141e+03 6.134839e+03 9.011452e+03  
7.239681e-02 2.505489e+03 4.515905e+03 6.052985e+03 8.892682e+03  
7.340598e-02 2.469780e+03 4.451548e+03 5.966989e+03 8.767850e+03  
7.442922e-02 2.432257e+03 4.384006e+03 5.876767e+03 8.636827e+03  
7.546673e-02 2.392896e+03 4.313239e+03 5.782269e+03 8.499531e+03  
7.651869e-02 2.351672e+03 4.239211e+03 5.683445e+03 8.355887e+03  
7.758532e-02 2.308585e+03 4.161924e+03 5.580302e+03 8.205893e+03  
7.866682e-02 2.263720e+03 4.081534e+03 5.473046e+03 8.049853e+03  
7.976339e-02 2.217192e+03 3.998251e+03 5.361959e+03 7.888174e+03  
8.087525e-02 2.169132e+03 3.912307e+03 5.247353e+03 7.721311e+03  
8.200261e-02 2.119694e+03 3.823979e+03 5.129596e+03 7.549804e+03  
8.314568e-02 2.069084e+03 3.733634e+03 5.009179e+03 7.374372e+03  
8.430468e-02 2.017535e+03 3.641685e+03 4.886650e+03 7.195823e+03  
8.547985e-02 1.965299e+03 3.548578e+03 4.762606e+03 7.015035e+03  
8.667139e-02 1.912642e+03 3.454785e+03 4.637674e+03 6.832932e+03  
8.787954e-02 1.859840e+03 3.360793e+03 4.512504e+03 6.650471e+03  
8.910453e-02 1.807194e+03 3.267130e+03 4.387797e+03 6.468687e+03  
9.034660e-02 1.755016e+03 3.174346e+03 4.264288e+03 6.288663e+03  
9.160598e-02 1.703587e+03 3.082934e+03 4.142630e+03 6.111364e+03  
9.288292e-02 1.653187e+03 2.993385e+03 4.023476e+03 5.937753e+03  
9.417766e-02 1.604116e+03 2.906226e+03 3.907527e+03 5.768863e+03  
9.549045e-02 1.556689e+03 2.822006e+03 3.795510e+03 5.605768e+03  
9.682153e-02 1.511148e+03 2.741148e+03 3.687987e+03 5.449294e+03  
9.817117e-02 1.467697e+03 2.664006e+03 3.585428e+03 5.300134e+03  
9.953962e-02 1.426551e+03 2.590954e+03 3.488327e+03 5.159018e+03  
1.009272e-01 1.387925e+03 2.522364e+03 3.397176e+03 5.026667e+03  
1.023340e-01 1.351931e+03 2.458428e+03 3.312229e+03 4.903456e+03  
1.037605e-01 1.318631e+03 2.399249e+03 3.233617e+03 4.789581e+03  
1.052069e-01 1.288085e+03 2.344925e+03 3.161472e+03 4.685233e+03  
1.066734e-01 1.260322e+03 2.295503e+03 3.095852e+03 4.590502e+03  
1.081604e-01 1.235273e+03 2.250855e+03 3.036582e+03 4.505133e+03  
1.096681e-01 1.212834e+03 2.210790e+03 2.983411e+03 4.428756e+03  
1.111968e-01 1.192883e+03 2.175092e+03 2.936047e+03 4.360947e+03  
1.127468e-01 1.175239e+03 2.143436e+03 2.894057e+03 4.301075e+03  
1.143184e-01 1.159654e+03 2.115383e+03 2.856858e+03 4.248284e+03  
1.159120e-01 1.145853e+03 2.090448e+03 2.823805e+03 4.201628e+03  
1.175277e-01 1.133534e+03 2.068099e+03 2.794190e+03 4.160070e+03  
1.191660e-01 1.122366e+03 2.047754e+03 2.767239e+03 4.122471e+03  
1.208271e-01 1.111985e+03 2.028777e+03 2.742111e+03 4.087590e+03  
1.225114e-01 1.102004e+03 2.010495e+03 2.717911e+03 4.054106e+03  
1.242191e-01 1.092052e+03 1.992258e+03 2.693775e+03 4.020739e+03  
1.259506e-01 1.081736e+03 1.973389e+03 2.668806e+03 3.986154e+03  
1.277063e-01 1.070656e+03 1.953191e+03 2.642078e+03 3.948971e+03  
1.294865e-01 1.058509e+03 1.931146e+03 2.612902e+03 3.908158e+03  
1.312915e-01 1.045031e+03 1.906798e+03 2.580675e+03 3.862804e+03  
1.331216e-01 1.029961e+03 1.879703e+03 2.544803e+03 3.812015e+03  
1.349772e-01 1.013175e+03 1.849652e+03 2.505009e+03 3.755363e+03  
1.368587e-01 9.946022e+02 1.816528e+03 2.461139e+03 3.692606e+03  
1.387665e-01 9.742033e+02 1.780269e+03 2.413110e+03 3.623607e+03  
1.407008e-01 9.520701e+02 1.741041e+03 2.361141e+03 3.548686e+03  
1.426621e-01 9.283392e+02 1.699085e+03 2.305554e+03 3.468315e+03  
1.446507e-01 9.031956e+02 1.654724e+03 2.246781e+03 3.383136e+03  
1.466671e-01 8.769068e+02 1.608426e+03 2.185441e+03 3.294073e+03  
1.487115e-01 8.497752e+02 1.560714e+03 2.122232e+03 3.202171e+03  
1.507845e-01 8.221744e+02 1.512235e+03 2.058013e+03 3.108715e+03  
1.528864e-01 7.945417e+02 1.463743e+03 1.993787e+03 3.015206e+03  
1.550175e-01 7.673336e+02 1.416025e+03 1.930596e+03 2.923202e+03  
1.571784e-01 7.409853e+02 1.369827e+03 1.869432e+03 2.834184e+03  
1.593694e-01 7.159454e+02 1.325921e+03 1.811314e+03 2.749671e+03  
1.615909e-01 6.925680e+02 1.284910e+03 1.757043e+03 2.670852e+03  
1.638434e-01 6.711373e+02 1.247280e+03 1.707257e+03 2.598674e+03  
1.661273e-01 6.518569e+02 1.213374e+03 1.662408e+03 2.533808e+03  
1.684430e-01 6.347482e+02 1.183224e+03 1.622536e+03 2.476309e+03  
1.707910e-01 6.197868e+02 1.156780e+03 1.587573e+03 2.426076e+03  
1.731717e-01 6.068465e+02 1.133821e+03 1.557221e+03 2.382669e+03  
1.755856e-01 5.957536e+02 1.114041e+03 1.531078e+03 2.345491e+03  
1.780332e-01 5.862806e+02 1.097046e+03 1.508619e+03 2.313769e+03  
1.805149e-01 5.781560e+02 1.082366e+03 1.489222e+03 2.286581e+03  
1.830312e-01 5.710644e+02 1.069456e+03 1.472166e+03 2.262864e+03  
1.855825e-01 5.646452e+02 1.057698e+03 1.456634e+03 2.241401e+03  
1.881694e-01 5.584945e+02 1.046400e+03 1.441711e+03 2.220829e+03  
1.907924e-01 5.521624e+02 1.034796e+03 1.426380e+03 2.199630e+03  
1.934520e-01 5.452293e+02 1.022171e+03 1.409697e+03 2.176384e+03  
1.961486e-01 5.373335e+02 1.007914e+03 1.390850e+03 2.149868e+03  
1.988828e-01 5.282240e+02 9.916013e+02 1.369279e+03 2.119233e+03  
2.016551e-01 5.178015e+02 9.730697e+02 1.344767e+03 2.084145e+03  
2.044661e-01 5.060837e+02 9.523545e+02 1.317361e+03 2.044670e+03  
2.073162e-01 4.932130e+02 9.297023e+02 1.287388e+03 2.001298e+03  
2.102061e-01 4.794072e+02 9.054870e+02 1.255346e+03 1.954776e+03  
2.131362e-01 4.649480e+02 8.801894e+02 1.221873e+03 1.906068e+03  
2.161073e-01 4.501543e+02 8.543522e+02 1.187688e+03 1.856257e+03  
2.191197e-01 4.353780e+02 8.285721e+02 1.153582e+03 1.806534e+03  
2.221741e-01 4.210012e+02 8.034954e+02 1.120411e+03 1.758181e+03  
2.252711e-01 4.073916e+02 7.797423e+02 1.088993e+03 1.712424e+03  
2.284112e-01 3.948477e+02 7.578139e+02 1.059987e+03 1.670245e+03  
2.315951e-01 3.835754e+02 7.380543e+02 1.033846e+03 1.632315e+03  
2.348235e-01 3.736766e+02 7.206304e+02 1.010787e+03 1.598952e+03  
2.380968e-01 3.651188e+02 7.054821e+02 9.907271e+02 1.570032e+03  
2.414157e-01 3.577842e+02 6.924059e+02 9.733974e+02 1.545149e+03  
2.447809e-01 3.514811e+02 6.810747e+02 9.583648e+02 1.523660e+03  
2.481930e-01 3.459516e+02 6.710513e+02 9.450522e+02 1.504704e+03  
2.516527e-01 3.408854e+02 6.618114e+02 9.327683e+02 1.487252e+03  
2.551606e-01 3.359414e+02 6.527815e+02 9.207571e+02 1.470176e+03  
2.587174e-01 3.307877e+02 6.434055e+02 9.082855e+02 1.452380e+03  
2.623238e-01 3.251410e+02 6.332104e+02 8.947298e+02 1.432930e+03  
2.659804e-01 3.188396e+02 6.219285e+02 8.797379e+02 1.411298e+03  
2.696881e-01 3.118386e+02 6.094880e+02 8.632158e+02 1.387343e+03  
2.734474e-01 3.041969e+02 5.959908e+02 8.452993e+02 1.361271e+03  
2.772591e-01 2.960592e+02 5.816814e+02 8.263121e+02 1.333570e+03  
2.811239e-01 2.876255e+02 5.668955e+02 8.066982e+02 1.304909e+03  
2.850426e-01 2.791346e+02 5.520322e+02 7.869840e+02 1.276078e+03  
2.890160e-01 2.708499e+02 5.375304e+02 7.677471e+02 1.247939e+03  
2.930447e-01 2.630359e+02 5.238286e+02 7.495633e+02 1.221350e+03  
2.971296e-01 2.558868e+02 5.112469e+02 7.328511e+02 1.196929e+03  
3.012714e-01 2.494988e+02 4.999418e+02 7.178139e+02 1.174974e+03  
3.054710e-01 2.438631e+02 4.898951e+02 7.044256e+02 1.155442e+03  
3.097291e-01 2.388746e+02 4.809293e+02 6.924517e+02 1.137981e+03  
3.140465e-01 2.343813e+02 4.727901e+02 6.815578e+02 1.122093e+03  
3.184242e-01 2.301967e+02 4.651676e+02 6.713368e+02 1.107175e+03  
3.228628e-01 2.261155e+02 4.577217e+02 6.613432e+02 1.092567e+03  
3.273634e-01 2.219357e+02 4.501195e+02 6.511413e+02 1.077623e+03  
3.319266e-01 2.174943e+02 4.420941e+02 6.403824e+02 1.061830e+03  
3.365535e-01 2.127320e+02 4.335495e+02 6.289419e+02 1.045005e+03  
3.412449e-01 2.076752e+02 4.245314e+02 6.168811e+02 1.027243e+03  
3.460016e-01 2.024322e+02 4.152191e+02 6.044357e+02 1.008896e+03  
3.508247e-01 1.971395e+02 4.058376e+02 5.919004e+02 9.904018e+02  
3.557150e-01 1.919424e+02 3.966250e+02 5.795867e+02 9.722218e+02  
3.606735e-01 1.869871e+02 3.878199e+02 5.678052e+02 9.548121e+02  
3.657011e-01 1.823830e+02 3.795992e+02 5.567852e+02 9.385070e+02  
3.707988e-01 1.781768e+02 3.720371e+02 5.466221e+02 9.234429e+02  
3.759675e-01 1.743430e+02 3.650899e+02 5.372572e+02 9.095305e+02  
3.812083e-01 1.707986e+02 3.586206e+02 5.285116e+02 8.965052e+02  
3.865221e-01 1.674390e+02 3.524579e+02 5.201620e+02 8.840397e+02  
3.919100e-01 1.641440e+02 3.464064e+02 5.119544e+02 8.717634e+02  
3.973730e-01 1.608066e+02 3.402930e+02 5.036649e+02 8.593508e+02  
4.029122e-01 1.573637e+02 3.340162e+02 4.951625e+02 8.466136e+02  
4.085286e-01 1.538188e+02 3.275831e+02 4.864572e+02 8.335694e+02  
4.142232e-01 1.502186e+02 3.210695e+02 4.776482e+02 8.203646e+02  
4.199973e-01 1.466311e+02 3.145858e+02 4.688788e+02 8.072085e+02  
4.258518e-01 1.431336e+02 3.082559e+02 4.603089e+02 7.943331e+02  
4.317880e-01 1.398027e+02 3.022022e+02 4.520960e+02 7.819644e+02  
4.378069e-01 1.366782e+02 2.964873e+02 4.443198e+02 7.702150e+02  
4.439097e-01 1.337483e+02 2.910912e+02 4.369537e+02 7.590443e+02  
4.500975e-01 1.309723e+02 2.859476e+02 4.299118e+02 7.483276e+02  
4.563716e-01 1.283023e+02 2.809794e+02 4.230945e+02 7.379214e+02  
4.627332e-01 1.256758e+02 2.760868e+02 4.163739e+02 7.276432e+02  
4.691835e-01 1.230410e+02 2.711878e+02 4.096449e+02 7.173446e+02  
4.757236e-01 1.203876e+02 2.662664e+02 4.028879e+02 7.069994e+02  
4.823549e-01 1.177381e+02 2.613585e+02 3.961492e+02 6.966747e+02  
4.890787e-01 1.151207e+02 2.565090e+02 3.894861e+02 6.864525e+02  
4.958962e-01 1.125716e+02 2.517748e+02 3.829714e+02 6.764353e+02  
5.028087e-01 1.101277e+02 2.472134e+02 3.766779e+02 6.667249e+02  
5.098176e-01 1.077941e+02 2.428320e+02 3.706140e+02 6.573316e+02  
5.169242e-01 1.055581e+02 2.386102e+02 3.647535e+02 6.482176e+02  
5.241298e-01 1.033981e+02 2.345137e+02 3.590525e+02 6.393210e+02  
5.314359e-01 1.012828e+02 2.304930e+02 3.534484e+02 6.305548e+02  
5.388438e-01 9.918903e+01 2.265124e+02 3.478961e+02 6.218571e+02  
5.463550e-01 9.711596e+01 2.225705e+02 3.423942e+02 6.132266e+02  
5.539709e-01 9.507120e+01 2.186793e+02 3.369577e+02 6.046849e+02  
5.616930e-01 9.306746e+01 2.148584e+02 3.316115e+02 5.962658e+02  
5.695227e-01 9.112534e+01 2.111391e+02 3.263947e+02 5.880228e+02  
5.774615e-01 8.924962e+01 2.075285e+02 3.213158e+02 5.799666e+02  
5.855110e-01 8.743400e+01 2.040165e+02 3.163620e+02 5.720791e+02  
5.936727e-01 8.567189e+01 2.005926e+02 3.115199e+02 5.643420e+02  
6.019482e-01 8.394795e+01 1.972332e+02 3.067600e+02 5.567155e+02  
6.103390e-01 8.225224e+01 1.939231e+02 3.020636e+02 5.491745e+02  
6.188468e-01 8.058779e+01 1.906669e+02 2.974363e+02 5.417269e+02  
6.274732e-01 7.895684e+01 1.874678e+02 2.928821e+02 5.343782e+02  
6.362198e-01 7.736469e+01 1.843336e+02 2.884106e+02 5.271409e+02  
6.450884e-01 7.581701e+01 1.812727e+02 2.840320e+02 5.200278e+02  
6.540806e-01 7.431330e+01 1.782840e+02 2.797447e+02 5.130368e+02  
6.631981e-01 7.284621e+01 1.753564e+02 2.755349e+02 5.061495e+02  
6.724427e-01 7.141321e+01 1.724858e+02 2.713976e+02 4.993593e+02  
6.818162e-01 7.001165e+01 1.696681e+02 2.673279e+02 4.926596e+02  
6.913204e-01 6.863940e+01 1.669001e+02 2.633216e+02 4.860453e+02  
7.009570e-01 6.729690e+01 1.641823e+02 2.593794e+02 4.795172e+02  
7.107280e-01 6.598522e+01 1.615161e+02 2.555029e+02 4.730770e+02  
7.206351e-01 6.470540e+01 1.589029e+02 2.516937e+02 4.667266e+02  
7.306804e-01 6.345728e+01 1.563422e+02 2.479510e+02 4.604648e+02  
7.408657e-01 6.223908e+01 1.538313e+02 2.442716e+02 4.542874e+02  
7.511929e-01 6.104876e+01 1.513671e+02 2.406515e+02 4.481892e+02  
7.616642e-01 5.988425e+01 1.489463e+02 2.370870e+02 4.421657e+02  
7.722814e-01 5.874493e+01 1.465681e+02 2.335768e+02 4.362152e+02  
7.830465e-01 5.763079e+01 1.442323e+02 2.301208e+02 4.303372e+02  
7.939618e-01 5.654179e+01 1.419386e+02 2.267185e+02 4.245313e+02  
8.050292e-01 5.547763e+01 1.396865e+02 2.233692e+02 4.187963e+02  
8.162509e-01 5.443761e+01 1.374748e+02 2.200716e+02 4.131305e+02  
8.276289e-01 5.342086e+01 1.353022e+02 2.168239e+02 4.075317e+02  
8.391656e-01 5.242643e+01 1.331673e+02 2.136244e+02 4.019978e+02  
8.508632e-01 5.145364e+01 1.310689e+02 2.104717e+02 3.965271e+02  
8.627237e-01 5.050204e+01 1.290063e+02 2.073650e+02 3.911183e+02  
8.747496e-01 4.957111e+01 1.269787e+02 2.043032e+02 3.857703e+02  
8.869432e-01 4.866027e+01 1.249851e+02 2.012852e+02 3.804816e+02  
8.993067e-01 4.776908e+01 1.230249e+02 1.983101e+02 3.752510e+02  
9.118425e-01 4.689706e+01 1.210972e+02 1.953770e+02 3.700775e+02  
9.245531e-01 4.604366e+01 1.192011e+02 1.924848e+02 3.649598e+02  
9.374409e-01 4.520837e+01 1.173360e+02 1.896326e+02 3.598968e+02  
9.505083e-01 4.439076e+01 1.155010e+02 1.868195e+02 3.548873e+02  
9.637579e-01 4.359034e+01 1.136955e+02 1.840447e+02 3.499304e+02  
9.771921e-01 4.280657e+01 1.119186e+02 1.813071e+02 3.450249e+02  
9.908137e-01 4.203906e+01 1.101698e+02 1.786061e+02 3.401700e+02  
1.004625e+00 4.128745e+01 1.084483e+02 1.759409e+02 3.353648e+02  
1.018629e+00 4.055134e+01 1.067536e+02 1.733108e+02 3.306085e+02  
1.032828e+00 3.983027e+01 1.050851e+02 1.707151e+02 3.259003e+02  
1.047225e+00 3.912389e+01 1.034421e+02 1.681530e+02 3.212393e+02  
1.061823e+00 3.843175e+01 1.018240e+02 1.656238e+02 3.166248e+02  
1.076624e+00 3.775338e+01 1.002301e+02 1.631267e+02 3.120559e+02  
1.091632e+00 3.708844e+01 9.865987e+01 1.606612e+02 3.075320e+02  
1.106848e+00 3.643666e+01 9.711293e+01 1.582267e+02 3.030526e+02  
1.122277e+00 3.579778e+01 9.558884e+01 1.558228e+02 2.986171e+02  
1.137921e+00 3.517148e+01 9.408712e+01 1.534488e+02 2.942249e+02  
1.153783e+00 3.455744e+01 9.260731e+01 1.511044e+02 2.898756e+02  
1.169866e+00 3.395535e+01 9.114892e+01 1.487888e+02 2.855686e+02  
1.186174e+00 3.336483e+01 8.971142e+01 1.465017e+02 2.813033e+02  
1.202708e+00 3.278554e+01 8.829433e+01 1.442423e+02 2.770792e+02  
1.219473e+00 3.221723e+01 8.689729e+01 1.420104e+02 2.728960e+02  
1.236472e+00 3.165967e+01 8.551993e+01 1.398055e+02 2.687532e+02  
1.253708e+00 3.111254e+01 8.416181e+01 1.376271e+02 2.646504e+02  
1.271184e+00 3.057561e+01 8.282260e+01 1.354749e+02 2.605874e+02  
1.288904e+00 3.004865e+01 8.150196e+01 1.333485e+02 2.565638e+02  
1.306870e+00 2.953141e+01 8.019952e+01 1.312475e+02 2.525792e+02  
1.325087e+00 2.902361e+01 7.891492e+01 1.291715e+02 2.486333e+02  
1.343558e+00 2.852506e+01 7.764785e+01 1.271202e+02 2.447260e+02  
1.362287e+00 2.803554e+01 7.639803e+01 1.250932e+02 2.408568e+02  
1.381276e+00 2.755482e+01 7.516512e+01 1.230904e+02 2.370257e+02  
1.400531e+00 2.708269e+01 7.394883e+01 1.211112e+02 2.332323e+02  
1.420053e+00 2.661896e+01 7.274891e+01 1.191555e+02 2.294765e+02  
1.439848e+00 2.616343e+01 7.156506e+01 1.172229e+02 2.257581e+02  
1.459919e+00 2.571589e+01 7.039701e+01 1.153132e+02 2.220768e+02  
1.480269e+00 2.527616e+01 6.924451e+01 1.134261e+02 2.184326e+02  
1.500903e+00 2.484406e+01 6.810731e+01 1.115614e+02 2.148252e+02  
1.521825e+00 2.441940e+01 6.698515e+01 1.097187e+02 2.112546e+02  
1.543038e+00 2.400198e+01 6.587780e+01 1.078979e+02 2.077206e+02  
1.564548e+00 2.359167e+01 6.478504e+01 1.060987e+02 2.042231e+02  
1.586357e+00 2.318831e+01 6.370667e+01 1.043210e+02 2.007621e+02  
1.608469e+00 2.279174e+01 6.264248e+01 1.025644e+02 1.973373e+02  
1.630891e+00 2.240181e+01 6.159227e+01 1.008289e+02 1.939487e+02  
1.653624e+00 2.201839e+01 6.055586e+01 9.911414e+01 1.905964e+02  
1.676675e+00 2.164134e+01 5.953305e+01 9.742005e+01 1.872801e+02  
1.700047e+00 2.127051e+01 5.852367e+01 9.574640e+01 1.839998e+02  
1.723745e+00 2.090578e+01 5.752753e+01 9.409302e+01 1.807556e+02  
1.747773e+00 2.054701e+01 5.654446e+01 9.245973e+01 1.775472e+02  
1.772136e+00 2.019406e+01 5.557430e+01 9.084637e+01 1.743748e+02  
1.796838e+00 1.984680e+01 5.461686e+01 8.925277e+01 1.712382e+02  
1.821885e+00 1.950513e+01 5.367202e+01 8.767878e+01 1.681375e+02  
1.847281e+00 1.916895e+01 5.273962e+01 8.612425e+01 1.650725e+02  
1.873032e+00 1.883813e+01 5.181951e+01 8.458904e+01 1.620433e+02  
1.899141e+00 1.851257e+01 5.091156e+01 8.307300e+01 1.590499e+02  
1.925614e+00 1.819217e+01 5.001563e+01 8.157600e+01 1.560922e+02  
1.952456e+00 1.787683e+01 4.913158e+01 8.009790e+01 1.531701e+02  
1.979672e+00 1.756642e+01 4.825928e+01 7.863857e+01 1.502838e+02  
2.007267e+00 1.726087e+01 4.739859e+01 7.719787e+01 1.474331e+02  
2.035248e+00 1.696009e+01 4.654941e+01 7.577568e+01 1.446181e+02  
2.063618e+00 1.666398e+01 4.571161e+01 7.437189e+01 1.418387e+02  
2.092383e+00 1.637245e+01 4.488507e+01 7.298636e+01 1.390949e+02  
2.121550e+00 1.608542e+01 4.406968e+01 7.161899e+01 1.363866e+02  
2.151123e+00 1.580283e+01 4.326534e+01 7.026966e+01 1.337138e+02  
2.181109e+00 1.552457e+01 4.247193e+01 6.893825e+01 1.310766e+02  
2.211512e+00 1.525058e+01 4.168934e+01 6.762465e+01 1.284748e+02  
2.242340e+00 1.498078e+01 4.091748e+01 6.632875e+01 1.259084e+02  
2.273597e+00 1.471510e+01 4.015624e+01 6.505045e+01 1.233773e+02  
2.305289e+00 1.445345e+01 3.940551e+01 6.378962e+01 1.208816e+02  
2.337424e+00 1.419579e+01 3.866520e+01 6.254618e+01 1.184211e+02  
2.370006e+00 1.394203e+01 3.793523e+01 6.132000e+01 1.159957e+02  
2.403043e+00 1.369212e+01 3.721548e+01 6.011099e+01 1.136054e+02  
2.436540e+00 1.344600e+01 3.650588e+01 5.891905e+01 1.112501e+02  
2.470504e+00 1.320360e+01 3.580632e+01 5.774406e+01 1.089298e+02  
2.504942e+00 1.296486e+01 3.511673e+01 5.658594e+01 1.066442e+02  
2.539859e+00 1.272973e+01 3.443700e+01 5.544456e+01 1.043933e+02  
2.575263e+00 1.249814e+01 3.376705e+01 5.431984e+01 1.021770e+02  
2.611161e+00 1.227005e+01 3.310681e+01 5.321166e+01 9.999512e+01  
2.647559e+00 1.204540e+01 3.245618e+01 5.211993e+01 9.784755e+01  
2.684465e+00 1.182414e+01 3.181507e+01 5.104455e+01 9.573414e+01  
2.721885e+00 1.160622e+01 3.118342e+01 4.998540e+01 9.365473e+01  
2.759826e+00 1.139159e+01 3.056113e+01 4.894240e+01 9.160914e+01  
2.798297e+00 1.118021e+01 2.994812e+01 4.791542e+01 8.959721e+01  
2.837304e+00 1.097203e+01 2.934431e+01 4.690438e+01 8.761875e+01  
2.876854e+00 1.076699e+01 2.874963e+01 4.590915e+01 8.567356e+01  
2.916956e+00 1.056507e+01 2.816399e+01 4.492965e+01 8.376144e+01  
2.957617e+00 1.036620e+01 2.758732e+01 4.396575e+01 8.188216e+01  
2.998844e+00 1.017036e+01 2.701953e+01 4.301736e+01 8.003551e+01  
3.040646e+00 9.977505e+00 2.646056e+01 4.208436e+01 7.822124e+01  
3.083031e+00 9.787590e+00 2.591031e+01 4.116663e+01 7.643913e+01  
3.126007e+00 9.600579e+00 2.536873e+01 4.026408e+01 7.468891e+01  
3.169582e+00 9.416436e+00 2.483572e+01 3.937659e+01 7.297033e+01  
3.213764e+00 9.235121e+00 2.431122e+01 3.850403e+01 7.128311e+01  
3.258562e+00 9.056597e+00 2.379514e+01 3.764630e+01 6.962698e+01  
3.303985e+00 8.880830e+00 2.328742e+01 3.680328e+01 6.800165e+01  
3.350041e+00 8.707785e+00 2.278797e+01 3.597484e+01 6.640683e+01  
3.396739e+00 8.537425e+00 2.229673e+01 3.516087e+01 6.484223e+01  
3.444087e+00 8.369719e+00 2.181361e+01 3.436124e+01 6.330753e+01  
3.492096e+00 8.204634e+00 2.133855e+01 3.357583e+01 6.180242e+01  
3.540774e+00 8.042137e+00 2.087146e+01 3.280451e+01 6.032659e+01  
3.590130e+00 7.882196e+00 2.041228e+01 3.204715e+01 5.887971e+01  
3.640175e+00 7.724782e+00 1.996093e+01 3.130362e+01 5.746144e+01  
3.690917e+00 7.569863e+00 1.951732e+01 3.057379e+01 5.607146e+01  
3.742366e+00 7.417409e+00 1.908140e+01 2.985752e+01 5.470943e+01  
3.794533e+00 7.267390e+00 1.865308e+01 2.915468e+01 5.337499e+01  
3.847427e+00 7.119778e+00 1.823229e+01 2.846513e+01 5.206781e+01  
3.901058e+00 6.974545e+00 1.781895e+01 2.778873e+01 5.078753e+01  
3.955436e+00 6.831661e+00 1.741299e+01 2.712534e+01 4.953379e+01  
4.010573e+00 6.691099e+00 1.701434e+01 2.647482e+01 4.830624e+01  
4.066478e+00 6.552832e+00 1.662291e+01 2.583702e+01 4.710452e+01  
4.123163e+00 6.416832e+00 1.623863e+01 2.521179e+01 4.592826e+01  
4.180637e+00 6.283073e+00 1.586143e+01 2.459898e+01 4.477710e+01  
4.238913e+00 6.151528e+00 1.549123e+01 2.399846e+01 4.365068e+01  
4.298001e+00 6.022172e+00 1.512795e+01 2.341006e+01 4.254862e+01  
4.357913e+00 5.894978e+00 1.477152e+01 2.283364e+01 4.147056e+01  
4.418660e+00 5.769920e+00 1.442186e+01 2.226904e+01 4.041613e+01  
4.480254e+00 5.646975e+00 1.407889e+01 2.171610e+01 3.938496e+01  
4.542706e+00 5.526117e+00 1.374254e+01 2.117468e+01 3.837667e+01  
4.606029e+00 5.407321e+00 1.341272e+01 2.064461e+01 3.739091e+01  
4.670234e+00 5.290563e+00 1.308936e+01 2.012574e+01 3.642730e+01  
4.735335e+00 5.175818e+00 1.277239e+01 1.961791e+01 3.548547e+01  
4.801343e+00 5.063062e+00 1.246171e+01 1.912097e+01 3.456506e+01  
4.868271e+00 4.952272e+00 1.215726e+01 1.863474e+01 3.366570e+01  
4.936132e+00 4.843424e+00 1.185896e+01 1.815908e+01 3.278702e+01  
5.004939e+00 4.736494e+00 1.156672e+01 1.769383e+01 3.192866e+01  
5.074705e+00 4.631459e+00 1.128046e+01 1.723882e+01 3.109026e+01  
5.145444e+00 4.528297e+00 1.100011e+01 1.679390e+01 3.027146e+01  
5.217169e+00 4.426983e+00 1.072559e+01 1.635890e+01 2.947190e+01  
5.289893e+00 4.327496e+00 1.045681e+01 1.593367e+01 2.869124e+01  
5.363631e+00 4.229813e+00 1.019370e+01 1.551804e+01 2.792910e+01  
5.438397e+00 4.133911e+00 9.936170e+00 1.511186e+01 2.718515e+01  
5.514206e+00 4.039768e+00 9.684146e+00 1.471497e+01 2.645904e+01  
5.591071e+00 3.947361e+00 9.437546e+00 1.432720e+01 2.575043e+01  
5.669007e+00 3.856670e+00 9.196289e+00 1.394841e+01 2.505897e+01  
5.748030e+00 3.767671e+00 8.960295e+00 1.357844e+01 2.438432e+01  
5.828155e+00 3.680344e+00 8.729482e+00 1.321713e+01 2.372616e+01  
5.909396e+00 3.594666e+00 8.503770e+00 1.286431e+01 2.308415e+01  
5.991770e+00 3.510616e+00 8.283080e+00 1.251985e+01 2.245796e+01  
6.075292e+00 3.428173e+00 8.067330e+00 1.218359e+01 2.184727e+01  
6.159978e+00 3.347315e+00 7.856440e+00 1.185536e+01 2.125177e+01  
6.245845e+00 3.268022e+00 7.650331e+00 1.153503e+01 2.067113e+01  
6.332908e+00 3.190272e+00 7.448923e+00 1.122244e+01 2.010504e+01  
6.421186e+00 3.114045e+00 7.252135e+00 1.091745e+01 1.955320e+01  
6.510694e+00 3.039319e+00 7.059891e+00 1.061990e+01 1.901530e+01  
6.601449e+00 2.966075e+00 6.872109e+00 1.032965e+01 1.849105e+01  
6.693470e+00 2.894291e+00 6.688713e+00 1.004655e+01 1.798014e+01  
6.786773e+00 2.823948e+00 6.509624e+00 9.770464e+00 1.748228e+01  
6.881377e+00 2.755025e+00 6.334765e+00 9.501248e+00 1.699720e+01  
6.977300e+00 2.687501e+00 6.164058e+00 9.238761e+00 1.652460e+01  
7.074559e+00 2.621358e+00 5.997428e+00 8.982864e+00 1.606421e+01  
7.173175e+00 2.556574e+00 5.834798e+00 8.733421e+00 1.561575e+01  
7.273165e+00 2.493131e+00 5.676093e+00 8.490295e+00 1.517896e+01  
7.374549e+00 2.431008e+00 5.521238e+00 8.253354e+00 1.475356e+01  
7.477346e+00 2.370186e+00 5.370159e+00 8.022465e+00 1.433931e+01  
7.581576e+00 2.310646e+00 5.222783e+00 7.797498e+00 1.393593e+01  
7.687260e+00 2.252368e+00 5.079036e+00 7.578324e+00 1.354318e+01  
7.794416e+00 2.195333e+00 4.938847e+00 7.364817e+00 1.316081e+01  
7.903066e+00 2.139521e+00 4.802145e+00 7.156852e+00 1.278858e+01  
8.013230e+00 2.084915e+00 4.668859e+00 6.954307e+00 1.242625e+01  
8.124930e+00 2.031495e+00 4.538919e+00 6.757058e+00 1.207358e+01  
8.238187e+00 1.979242e+00 4.412255e+00 6.564988e+00 1.173034e+01  
8.353023e+00 1.928137e+00 4.288801e+00 6.377979e+00 1.139631e+01  
8.469460e+00 1.878163e+00 4.168488e+00 6.195915e+00 1.107127e+01  
8.587519e+00 1.829300e+00 4.051250e+00 6.018682e+00 1.075498e+01  
8.707225e+00 1.781531e+00 3.937022e+00 5.846169e+00 1.044726e+01  
8.828599e+00 1.734838e+00 3.825738e+00 5.678266e+00 1.014787e+01  
8.951665e+00 1.689201e+00 3.717334e+00 5.514863e+00 9.856628e+00  
9.076446e+00 1.644604e+00 3.611748e+00 5.355856e+00 9.573319e+00  
9.202967e+00 1.601029e+00 3.508917e+00 5.201140e+00 9.297751e+00  
9.331251e+00 1.558457e+00 3.408781e+00 5.050611e+00 9.029729e+00  
9.461324e+00 1.516872e+00 3.311278e+00 4.904170e+00 8.769066e+00  
9.593209e+00 1.476256e+00 3.216349e+00 4.761718e+00 8.515575e+00  
9.726934e+00 1.436592e+00 3.123936e+00 4.623158e+00 8.269076e+00  
9.862522e+00 1.397862e+00 3.033982e+00 4.488394e+00 8.029391e+00  
1.000000e+01 1.360050e+00 2.946428e+00 4.357334e+00 7.796346e+00  
