1.000000e-02 1.127773e+04 2.049758e+04 2.764994e+04 4.100017e+04  
1.013939e-02 1.133713e+04 2.060506e+04 2.779443e+04 4.121313e+04  
1.028073e-02 1.139540e+04 2.071047e+04 2.793611e+04 4.142189e+04  
1.042404e-02 1.145248e+04 2.081372e+04 2.807486e+04 4.162626e+04  
1.056935e-02 1.150834e+04 2.091472e+04 2.821056e+04 4.182608e+04  
1.071668e-02 1.156293e+04 2.101338e+04 2.834310e+04 4.202116e+04  
1.086606e-02 1.161618e+04 2.110962e+04 2.847235e+04 4.221134e+04  
1.101753e-02 1.166807e+04 2.120335e+04 2.859820e+04 4.239643e+04  
1.117111e-02 1.171853e+04 2.129448e+04 2.872052e+04 4.257624e+04  
1.132683e-02 1.176752e+04 2.138291e+04 2.883919e+04 4.275061e+04  
1.148472e-02 1.181498e+04 2.146856e+04 2.895408e+04 4.291933e+04  
1.164481e-02 1.186087e+04 2.155132e+04 2.906507e+04 4.308223e+04  
1.180713e-02 1.190513e+04 2.163111e+04 2.917203e+04 4.323910e+04  
1.197171e-02 1.194771e+04 2.170782e+04 2.927482e+04 4.338976e+04  
1.213859e-02 1.198856e+04 2.178136e+04 2.937332e+04 4.353401e+04  
1.230780e-02 1.202761e+04 2.185163e+04 2.946739e+04 4.367164e+04  
1.247936e-02 1.206482e+04 2.191854e+04 2.955690e+04 4.380248e+04  
1.265332e-02 1.210014e+04 2.198198e+04 2.964172e+04 4.392632e+04  
1.282970e-02 1.213350e+04 2.204185e+04 2.972170e+04 4.404295e+04  
1.300854e-02 1.216484e+04 2.209804e+04 2.979671e+04 4.415215e+04  
1.318987e-02 1.219412e+04 2.215044e+04 2.986659e+04 4.425372e+04  
1.337373e-02 1.222126e+04 2.219896e+04 2.993121e+04 4.434743e+04  
1.356015e-02 1.224622e+04 2.224347e+04 2.999041e+04 4.443308e+04  
1.374917e-02 1.226892e+04 2.228388e+04 3.004406e+04 4.451044e+04  
1.394083e-02 1.228932e+04 2.232008e+04 3.009200e+04 4.457931e+04  
1.413516e-02 1.230734e+04 2.235195e+04 3.013410e+04 4.463948e+04  
1.433219e-02 1.232295e+04 2.237940e+04 3.017021e+04 4.469072e+04  
1.453198e-02 1.233606e+04 2.240231e+04 3.020019e+04 4.473283e+04  
1.473454e-02 1.234664e+04 2.242059e+04 3.022389e+04 4.476560e+04  
1.493993e-02 1.235461e+04 2.243412e+04 3.024118e+04 4.478882e+04  
1.514819e-02 1.235993e+04 2.244280e+04 3.025191e+04 4.480230e+04  
1.535935e-02 1.236254e+04 2.244655e+04 3.025597e+04 4.480582e+04  
1.557345e-02 1.236238e+04 2.244524e+04 3.025320e+04 4.479920e+04  
1.579053e-02 1.235939e+04 2.243879e+04 3.024347e+04 4.478223e+04  
1.601064e-02 1.235352e+04 2.242708e+04 3.022664e+04 4.475469e+04  
1.623382e-02 1.234472e+04 2.241002e+04 3.020257e+04 4.471640e+04  
1.646012e-02 1.233292e+04 2.238751e+04 3.017114e+04 4.466717e+04  
1.668956e-02 1.231808e+04 2.235946e+04 3.013222e+04 4.460680e+04  
1.692220e-02 1.230015e+04 2.232577e+04 3.008569e+04 4.453512e+04  
1.715809e-02 1.227907e+04 2.228636e+04 3.003143e+04 4.445196e+04  
1.739726e-02 1.225480e+04 2.224112e+04 2.996931e+04 4.435713e+04  
1.763977e-02 1.222727e+04 2.218998e+04 2.989921e+04 4.425046e+04  
1.788566e-02 1.219646e+04 2.213285e+04 2.982102e+04 4.413178e+04  
1.813498e-02 1.216230e+04 2.206964e+04 2.973462e+04 4.400092e+04  
1.838777e-02 1.212477e+04 2.200027e+04 2.963993e+04 4.385775e+04  
1.864409e-02 1.208381e+04 2.192468e+04 2.953683e+04 4.370213e+04  
1.890397e-02 1.203939e+04 2.184281e+04 2.942526e+04 4.353393e+04  
1.916748e-02 1.199147e+04 2.175458e+04 2.930512e+04 4.335303e+04  
1.943467e-02 1.194003e+04 2.165995e+04 2.917634e+04 4.315934e+04  
1.970558e-02 1.188504e+04 2.155887e+04 2.903887e+04 4.295277e+04  
1.998026e-02 1.182647e+04 2.145129e+04 2.889264e+04 4.273323e+04  
2.025878e-02 1.176431e+04 2.133720e+04 2.873762e+04 4.250069e+04  
2.054117e-02 1.169854e+04 2.121656e+04 2.857379e+04 4.225510e+04  
2.082751e-02 1.162916e+04 2.108936e+04 2.840112e+04 4.199645e+04  
2.111783e-02 1.155615e+04 2.095559e+04 2.821961e+04 4.172471e+04  
2.141220e-02 1.147951e+04 2.081524e+04 2.802924e+04 4.143988e+04  
2.171068e-02 1.139924e+04 2.066831e+04 2.783001e+04 4.114197e+04  
2.201331e-02 1.131534e+04 2.051481e+04 2.762194e+04 4.083101e+04  
2.232016e-02 1.122783e+04 2.035477e+04 2.740507e+04 4.050705e+04  
2.263130e-02 1.113672e+04 2.018823e+04 2.717945e+04 4.017019e+04  
2.294676e-02 1.104204e+04 2.001523e+04 2.694517e+04 3.982054e+04  
2.326663e-02 1.094382e+04 1.983583e+04 2.670228e+04 3.945822e+04  
2.359095e-02 1.084209e+04 1.965009e+04 2.645087e+04 3.908333e+04  
2.391980e-02 1.073688e+04 1.945807e+04 2.619102e+04 3.869604e+04  
2.425323e-02 1.062823e+04 1.925985e+04 2.592287e+04 3.829651e+04  
2.459130e-02 1.051621e+04 1.905555e+04 2.564654e+04 3.788496e+04  
2.493409e-02 1.040087e+04 1.884527e+04 2.536220e+04 3.746165e+04  
2.528166e-02 1.028230e+04 1.862916e+04 2.507005e+04 3.702685e+04  
2.563407e-02 1.016056e+04 1.840736e+04 2.477028e+04 3.658088e+04  
2.599140e-02 1.003573e+04 1.818001e+04 2.446307e+04 3.612399e+04  
2.635371e-02 9.907893e+03 1.794726e+04 2.414863e+04 3.565652e+04  
2.672106e-02 9.777145e+03 1.770928e+04 2.382721e+04 3.517882e+04  
2.709354e-02 9.643591e+03 1.746627e+04 2.349906e+04 3.469129e+04  
2.747121e-02 9.507351e+03 1.721846e+04 2.316449e+04 3.419438e+04  
2.785414e-02 9.368559e+03 1.696609e+04 2.282384e+04 3.368859e+04  
2.824241e-02 9.227353e+03 1.670940e+04 2.247744e+04 3.317443e+04  
2.863610e-02 9.083852e+03 1.644862e+04 2.212559e+04 3.265234e+04  
2.903527e-02 8.938190e+03 1.618400e+04 2.176863e+04 3.212283e+04  
2.944000e-02 8.790511e+03 1.591579e+04 2.140691e+04 3.158641e+04  
2.985038e-02 8.640974e+03 1.564430e+04 2.104082e+04 3.104369e+04  
3.026648e-02 8.489754e+03 1.536983e+04 2.067081e+04 3.049529e+04  
3.068838e-02 8.337042e+03 1.509274e+04 2.029732e+04 2.994192e+04  
3.111616e-02 8.183035e+03 1.481338e+04 1.992086e+04 2.938429e+04  
3.154990e-02 8.027900e+03 1.453205e+04 1.954182e+04 2.882301e+04  
3.198969e-02 7.871805e+03 1.424907e+04 1.916062e+04 2.825868e+04  
3.243561e-02 7.714932e+03 1.396477e+04 1.877771e+04 2.769198e+04  
3.288774e-02 7.557478e+03 1.367949e+04 1.839357e+04 2.712360e+04  
3.334618e-02 7.399656e+03 1.339363e+04 1.800871e+04 2.655433e+04  
3.381101e-02 7.241694e+03 1.310759e+04 1.762369e+04 2.598497e+04  
3.428231e-02 7.083833e+03 1.282182e+04 1.723909e+04 2.541638e+04  
3.476019e-02 6.926278e+03 1.253669e+04 1.685542e+04 2.484931e+04  
3.524473e-02 6.769221e+03 1.225253e+04 1.647313e+04 2.428443e+04  
3.573602e-02 6.612870e+03 1.196973e+04 1.609274e+04 2.372249e+04  
3.623416e-02 6.457444e+03 1.168867e+04 1.571476e+04 2.316426e+04  
3.673925e-02 6.303176e+03 1.140978e+04 1.533976e+04 2.261057e+04  
3.725137e-02 6.150316e+03 1.113351e+04 1.496835e+04 2.206231e+04  
3.777064e-02 5.999125e+03 1.086033e+04 1.460114e+04 2.152039e+04  
3.829714e-02 5.849807e+03 1.059060e+04 1.423863e+04 2.098553e+04  
3.883098e-02 5.702513e+03 1.032458e+04 1.388117e+04 2.045825e+04  
3.937226e-02 5.557399e+03 1.006257e+04 1.352915e+04 1.993912e+04  
3.992109e-02 5.414629e+03 9.804854e+03 1.318295e+04 1.942868e+04  
4.047757e-02 5.274370e+03 9.551727e+03 1.284298e+04 1.892754e+04  
4.104181e-02 5.136799e+03 9.303505e+03 1.250964e+04 1.843629e+04  
4.161391e-02 5.002097e+03 9.060515e+03 1.218337e+04 1.795557e+04  
4.219398e-02 4.870444e+03 8.823074e+03 1.186460e+04 1.748600e+04  
4.278214e-02 4.742012e+03 8.591487e+03 1.155373e+04 1.702818e+04  
4.337850e-02 4.616976e+03 8.366067e+03 1.125118e+04 1.658269e+04  
4.398317e-02 4.495518e+03 8.147134e+03 1.095737e+04 1.615017e+04  
4.459628e-02 4.377823e+03 7.935021e+03 1.067274e+04 1.573125e+04  
4.521792e-02 4.264087e+03 7.730068e+03 1.039775e+04 1.532659e+04  
4.584824e-02 4.154504e+03 7.532623e+03 1.013286e+04 1.493686e+04  
4.648734e-02 4.049205e+03 7.342916e+03 9.878370e+03 1.456249e+04  
4.713535e-02 3.948242e+03 7.161031e+03 9.634389e+03 1.420364e+04  
4.779239e-02 3.851653e+03 6.987036e+03 9.401005e+03 1.386043e+04  
4.845859e-02 3.759471e+03 6.820983e+03 9.178281e+03 1.353294e+04  
4.913407e-02 3.671721e+03 6.662909e+03 8.966264e+03 1.322123e+04  
4.981898e-02 3.588416e+03 6.512835e+03 8.764977e+03 1.292533e+04  
5.051342e-02 3.509559e+03 6.370759e+03 8.574411e+03 1.264522e+04  
5.121755e-02 3.435135e+03 6.236646e+03 8.394517e+03 1.238081e+04  
5.193150e-02 3.365113e+03 6.110437e+03 8.225210e+03 1.213197e+04  
5.265540e-02 3.299452e+03 5.992051e+03 8.066377e+03 1.189853e+04  
5.338938e-02 3.238096e+03 5.881380e+03 7.917866e+03 1.168026e+04  
5.413360e-02 3.180972e+03 5.778289e+03 7.779494e+03 1.147687e+04  
5.488820e-02 3.128005e+03 5.682635e+03 7.651064e+03 1.128808e+04  
5.565331e-02 3.079118e+03 5.594273e+03 7.532377e+03 1.111358e+04  
5.642908e-02 3.034219e+03 5.513032e+03 7.423198e+03 1.095302e+04  
5.721568e-02 2.993200e+03 5.438708e+03 7.323251e+03 1.080598e+04  
5.801323e-02 2.955932e+03 5.371066e+03 7.232214e+03 1.067199e+04  
5.882190e-02 2.922265e+03 5.309832e+03 7.149717e+03 1.055051e+04  
5.964185e-02 2.892024e+03 5.254680e+03 7.075322e+03 1.044087e+04  
6.047322e-02 2.865005e+03 5.205244e+03 7.008531e+03 1.034235e+04  
6.131619e-02 2.840983e+03 5.161111e+03 6.948794e+03 1.025415e+04  
6.217090e-02 2.819703e+03 5.121824e+03 6.895494e+03 1.017534e+04  
6.303753e-02 2.800903e+03 5.086907e+03 6.847991e+03 1.010501e+04  
6.391624e-02 2.784345e+03 5.055929e+03 6.805713e+03 1.004230e+04  
6.480720e-02 2.769778e+03 5.028441e+03 6.768054e+03 9.986336e+03  
6.571058e-02 2.756926e+03 5.003945e+03 6.734350e+03 9.936147e+03  
6.662655e-02 2.745485e+03 4.981898e+03 6.703877e+03 9.890676e+03  
6.755528e-02 2.735136e+03 4.961731e+03 6.675877e+03 9.848821e+03  
6.849697e-02 2.725550e+03 4.942857e+03 6.649569e+03 9.809448e+03  
6.945178e-02 2.716369e+03 4.924641e+03 6.624109e+03 9.771332e+03  
7.041990e-02 2.707201e+03 4.906394e+03 6.598585e+03 9.733147e+03  
7.140151e-02 2.697640e+03 4.887397e+03 6.572046e+03 9.693516e+03  
7.239681e-02 2.687304e+03 4.866980e+03 6.543606e+03 9.651158e+03  
7.340598e-02 2.675793e+03 4.844447e+03 6.512347e+03 9.604740e+03  
7.442922e-02 2.662678e+03 4.819047e+03 6.477279e+03 9.552833e+03  
7.546673e-02 2.647516e+03 4.790012e+03 6.437392e+03 9.493974e+03  
7.651869e-02 2.629949e+03 4.756725e+03 6.391876e+03 9.426990e+03  
7.758532e-02 2.609634e+03 4.718598e+03 6.339962e+03 9.350772e+03  
7.866682e-02 2.586206e+03 4.675005e+03 6.280832e+03 9.264133e+03  
7.976339e-02 2.559314e+03 4.625347e+03 6.213702e+03 9.165940e+03  
8.087525e-02 2.528747e+03 4.569274e+03 6.138121e+03 9.055541e+03  
8.200261e-02 2.494329e+03 4.506496e+03 6.053714e+03 8.932394e+03  
8.314568e-02 2.455876e+03 4.436712e+03 5.960092e+03 8.795936e+03  
8.430468e-02 2.413281e+03 4.359750e+03 5.857042e+03 8.645859e+03  
8.547985e-02 2.366586e+03 4.275703e+03 5.744692e+03 8.482350e+03  
8.667139e-02 2.315859e+03 4.184706e+03 5.623231e+03 8.305685e+03  
8.787954e-02 2.261197e+03 4.086945e+03 5.492911e+03 8.116232e+03  
8.910453e-02 2.202841e+03 3.982849e+03 5.354305e+03 7.914826e+03  
9.034660e-02 2.141121e+03 3.873008e+03 5.208195e+03 7.702607e+03  
9.160598e-02 2.076406e+03 3.758068e+03 5.055440e+03 7.480823e+03  
9.288292e-02 2.009099e+03 3.638739e+03 4.896979e+03 7.250844e+03  
9.417766e-02 1.939679e+03 3.515856e+03 4.733913e+03 7.014271e+03  
9.549045e-02 1.868692e+03 3.390368e+03 4.567495e+03 6.772929e+03  
9.682153e-02 1.796732e+03 3.263310e+03 4.399088e+03 6.528798e+03  
9.817117e-02 1.724442e+03 3.135790e+03 4.230153e+03 6.284000e+03  
9.953962e-02 1.652427e+03 3.008861e+03 4.062071e+03 6.040541e+03  
1.009272e-01 1.581292e+03 2.883563e+03 3.896210e+03 5.800404e+03  
1.023340e-01 1.511686e+03 2.761018e+03 3.734044e+03 5.565723e+03  
1.037605e-01 1.444266e+03 2.642359e+03 3.577061e+03 5.338645e+03  
1.052069e-01 1.379526e+03 2.528439e+03 3.426376e+03 5.120779e+03  
1.066734e-01 1.317934e+03 2.420061e+03 3.283040e+03 4.913636e+03  
1.081604e-01 1.259984e+03 2.318076e+03 3.148169e+03 4.718817e+03  
1.096681e-01 1.206072e+03 2.223164e+03 3.022650e+03 4.537591e+03  
1.111968e-01 1.156444e+03 2.135744e+03 2.907026e+03 4.370725e+03  
1.127468e-01 1.111344e+03 2.056231e+03 2.801838e+03 4.218981e+03  
1.143184e-01 1.070981e+03 1.984981e+03 2.707543e+03 4.083006e+03  
1.159120e-01 1.035405e+03 1.922071e+03 2.624235e+03 3.962915e+03  
1.175277e-01 1.004620e+03 1.867494e+03 2.551899e+03 3.858669e+03  
1.191660e-01 9.786046e+02 1.821203e+03 2.490461e+03 3.770148e+03  
1.208271e-01 9.572283e+02 1.782957e+03 2.439596e+03 3.696870e+03  
1.225114e-01 9.402943e+02 1.752400e+03 2.398828e+03 3.638138e+03  
1.242191e-01 9.275722e+02 1.729118e+03 2.367602e+03 3.593144e+03  
1.259506e-01 9.187398e+02 1.712534e+03 2.345153e+03 3.560786e+03  
1.277063e-01 9.134015e+02 1.701948e+03 2.330555e+03 3.539729e+03  
1.294865e-01 9.111156e+02 1.696581e+03 2.322779e+03 3.528496e+03  
1.312915e-01 9.113554e+02 1.695510e+03 2.320609e+03 3.525344e+03  
1.331216e-01 9.135225e+02 1.697693e+03 2.322679e+03 3.528314e+03  
1.349772e-01 9.169703e+02 1.702011e+03 2.327521e+03 3.535303e+03  
1.368587e-01 9.210312e+02 1.707315e+03 2.333634e+03 3.544157e+03  
1.387665e-01 9.249927e+02 1.712386e+03 2.339426e+03 3.552591e+03  
1.407008e-01 9.281246e+02 1.715985e+03 2.343281e+03 3.558277e+03  
1.426621e-01 9.297427e+02 1.716956e+03 2.343697e+03 3.559045e+03  
1.446507e-01 9.291322e+02 1.714101e+03 2.339114e+03 3.552638e+03  
1.466671e-01 9.256759e+02 1.706393e+03 2.328199e+03 3.537117e+03  
1.487115e-01 9.188572e+02 1.692978e+03 2.309847e+03 3.510873e+03  
1.507845e-01 9.081926e+02 1.673066e+03 2.283034e+03 3.472405e+03  
1.528864e-01 8.934450e+02 1.646279e+03 2.247276e+03 3.421004e+03  
1.550175e-01 8.744532e+02 1.612371e+03 2.202258e+03 3.356202e+03  
1.571784e-01 8.513051e+02 1.571508e+03 2.148207e+03 3.278331e+03  
1.593694e-01 8.243494e+02 1.524297e+03 2.085920e+03 3.188547e+03  
1.615909e-01 7.940685e+02 1.471558e+03 2.016475e+03 3.088429e+03  
1.638434e-01 7.612237e+02 1.414582e+03 1.941556e+03 2.980433e+03  
1.661273e-01 7.266794e+02 1.354822e+03 1.863063e+03 2.867327e+03  
1.684430e-01 6.913468e+02 1.293810e+03 1.782991e+03 2.752012e+03  
1.707910e-01 6.561910e+02 1.233167e+03 1.703447e+03 2.637541e+03  
1.731717e-01 6.220728e+02 1.174334e+03 1.626307e+03 2.526617e+03  
1.755856e-01 5.897760e+02 1.118626e+03 1.553272e+03 2.421682e+03  
1.780332e-01 5.599581e+02 1.067143e+03 1.485767e+03 2.324766e+03  
1.805149e-01 5.331084e+02 1.020704e+03 1.424847e+03 2.237356e+03  
1.830312e-01 5.096277e+02 9.799766e+02 1.371370e+03 2.160655e+03  
1.855825e-01 4.897725e+02 9.453859e+02 1.325878e+03 2.095406e+03  
1.881694e-01 4.737024e+02 9.171909e+02 1.288695e+03 2.042044e+03  
1.907924e-01 4.614174e+02 8.953786e+02 1.259794e+03 2.000507e+03  
1.934520e-01 4.527950e+02 8.797278e+02 1.238879e+03 1.970355e+03  
1.961486e-01 4.475324e+02 8.697120e+02 1.225259e+03 1.950594e+03  
1.988828e-01 4.451896e+02 8.645748e+02 1.217947e+03 1.939820e+03  
2.016551e-01 4.451603e+02 8.632831e+02 1.215601e+03 1.936127e+03  
2.044661e-01 4.467396e+02 8.646448e+02 1.216677e+03 1.937321e+03  
2.073162e-01 4.491313e+02 8.673238e+02 1.219447e+03 1.940948e+03  
2.102061e-01 4.515278e+02 8.699745e+02 1.222173e+03 1.944528e+03  
2.131362e-01 4.531154e+02 8.712518e+02 1.223120e+03 1.945577e+03  
2.161073e-01 4.531521e+02 8.699386e+02 1.220719e+03 1.941841e+03  
2.191197e-01 4.509659e+02 8.649409e+02 1.213561e+03 1.931287e+03  
2.221741e-01 4.460543e+02 8.554502e+02 1.200607e+03 1.912410e+03  
2.252711e-01 4.381109e+02 8.409822e+02 1.181237e+03 1.884314e+03  
2.284112e-01 4.270837e+02 8.214709e+02 1.155374e+03 1.846890e+03  
2.315951e-01 4.132436e+02 7.973763e+02 1.123619e+03 1.801016e+03  
2.348235e-01 3.971099e+02 7.695617e+02 1.087094e+03 1.748325e+03  
2.380968e-01 3.794327e+02 7.392633e+02 1.047400e+03 1.691139e+03  
2.414157e-01 3.610619e+02 7.078763e+02 1.006339e+03 1.632059e+03  
2.447809e-01 3.428851e+02 6.768549e+02 9.657847e+02 1.573770e+03  
2.481930e-01 3.257025e+02 6.475075e+02 9.274165e+02 1.518663e+03  
2.516527e-01 3.101926e+02 6.209421e+02 8.926516e+02 1.468736e+03  
2.551606e-01 2.968764e+02 5.980071e+02 8.625703e+02 1.425490e+03  
2.587174e-01 2.860810e+02 5.792311e+02 8.378396e+02 1.389836e+03  
2.623238e-01 2.779318e+02 5.648093e+02 8.186987e+02 1.362082e+03  
2.659804e-01 2.723404e+02 5.545846e+02 8.049360e+02 1.341904e+03  
2.696881e-01 2.690081e+02 5.480545e+02 7.959005e+02 1.328373e+03  
2.734474e-01 2.674676e+02 5.444422e+02 7.905929e+02 1.320076e+03  
2.772591e-01 2.671239e+02 5.427671e+02 7.877562e+02 1.315246e+03  
2.811239e-01 2.673011e+02 5.419237e+02 7.859770e+02 1.311893e+03  
2.850426e-01 2.672934e+02 5.407666e+02 7.837925e+02 1.307958e+03  
2.890160e-01 2.664184e+02 5.381975e+02 7.798016e+02 1.301461e+03  
2.930447e-01 2.640912e+02 5.332824e+02 7.728149e+02 1.290719e+03  
2.971296e-01 2.599161e+02 5.253978e+02 7.620412e+02 1.274616e+03  
3.012714e-01 2.537767e+02 5.143706e+02 7.472661e+02 1.252857e+03  
3.054710e-01 2.458641e+02 5.005198e+02 7.289043e+02 1.226045e+03  
3.097291e-01 2.366302e+02 4.845796e+02 7.078991e+02 1.195532e+03  
3.140465e-01 2.266965e+02 4.675509e+02 6.855311e+02 1.163142e+03  
3.184242e-01 2.167420e+02 4.505224e+02 6.631876e+02 1.130831e+03  
3.228628e-01 2.073989e+02 4.345048e+02 6.421511e+02 1.100394e+03  
3.273634e-01 1.991884e+02 4.203283e+02 6.234693e+02 1.073277e+03  
3.319266e-01 1.924678e+02 4.085577e+02 6.078503e+02 1.050441e+03  
3.365535e-01 1.873863e+02 3.994234e+02 5.955761e+02 1.032253e+03  
3.412449e-01 1.838724e+02 3.928011e+02 5.864813e+02 1.018462e+03  
3.460016e-01 1.816434e+02 3.882299e+02 5.799770e+02 1.008240e+03  
3.508247e-01 1.802569e+02 3.849982e+02 5.751609e+02 1.000334e+03  
3.557150e-01 1.791981e+02 3.822836e+02 5.709938e+02 9.933061e+02  
3.606735e-01 1.779407e+02 3.792527e+02 5.664250e+02 9.857058e+02  
3.657011e-01 1.760159e+02 3.751693e+02 5.605288e+02 9.762568e+02  
3.707988e-01 1.730920e+02 3.695182e+02 5.526601e+02 9.640755e+02  
3.759675e-01 1.690585e+02 3.621347e+02 5.426172e+02 9.488950e+02  
3.812083e-01 1.640586e+02 3.532520e+02 5.306997e+02 9.311445e+02  
3.865221e-01 1.584373e+02 3.434170e+02 5.176003e+02 9.117922e+02  
3.919100e-01 1.526490e+02 3.333443e+02 5.042188e+02 8.920822e+02  
3.973730e-01 1.471491e+02 3.237459e+02 4.914472e+02 8.732337e+02  
4.029122e-01 1.423165e+02 3.152112e+02 4.800193e+02 8.562364e+02  
4.085286e-01 1.383810e+02 3.080938e+02 4.703706e+02 8.416651e+02  
4.142232e-01 1.353876e+02 3.024568e+02 4.625735e+02 8.296000e+02  
4.199973e-01 1.331906e+02 2.980667e+02 4.563313e+02 8.196270e+02  
4.258518e-01 1.315125e+02 2.944867e+02 4.510969e+02 8.110003e+02  
4.317880e-01 1.300105e+02 2.911828e+02 4.462049e+02 8.028215e+02  
4.378069e-01 1.283270e+02 2.876022e+02 4.409692e+02 7.941705e+02  
4.439097e-01 1.261788e+02 2.833120e+02 4.348554e+02 7.843357e+02  
4.500975e-01 1.234495e+02 2.781385e+02 4.276521e+02 7.730439e+02  
4.563716e-01 1.202082e+02 2.721931e+02 4.195014e+02 7.604970e+02  
4.627332e-01 1.166623e+02 2.657972e+02 4.108049e+02 7.472402e+02  
4.691835e-01 1.130910e+02 2.593801e+02 4.020936e+02 7.339841e+02  
4.757236e-01 1.097831e+02 2.533817e+02 3.939088e+02 7.214423e+02  
4.823549e-01 1.069406e+02 2.481072e+02 3.866223e+02 7.100961e+02  
4.890787e-01 1.046193e+02 2.436366e+02 3.803282e+02 7.000578e+02  
4.958962e-01 1.027403e+02 2.398463e+02 3.748709e+02 6.911135e+02  
5.028087e-01 1.011327e+02 2.364734e+02 3.699264e+02 6.828344e+02  
5.098176e-01 9.957524e+01 2.331823e+02 3.650837e+02 6.746841e+02  
5.169242e-01 9.785593e+01 2.296545e+02 3.599553e+02 6.661626e+02  
5.241298e-01 9.586453e+01 2.257270e+02 3.543449e+02 6.570224e+02  
5.314359e-01 9.361361e+01 2.214217e+02 3.482824e+02 6.473094e+02  
5.388438e-01 9.121194e+01 2.169039e+02 3.419706e+02 6.372909e+02  
5.463550e-01 8.882983e+01 2.124288e+02 3.357193e+02 6.273659e+02  
5.539709e-01 8.663026e+01 2.082380e+02 3.298201e+02 6.179030e+02  
5.616930e-01 8.469992e+01 2.044581e+02 3.244231e+02 6.090866e+02  
5.695227e-01 8.303417e+01 2.010795e+02 3.195140e+02 6.008922e+02  
5.774615e-01 8.155164e+01 1.979794e+02 3.149437e+02 5.931270e+02  
5.855110e-01 8.012270e+01 1.949657e+02 3.104807e+02 5.854999e+02  
5.936727e-01 7.862786e+01 1.918633e+02 3.059163e+02 5.777523e+02  
6.019482e-01 7.701441e+01 1.885962e+02 3.011614e+02 5.697777e+02  
6.103390e-01 7.529426e+01 1.851838e+02 2.962406e+02 5.616108e+02  
6.188468e-01 7.354707e+01 1.817430e+02 2.912939e+02 5.534268e+02  
6.274732e-01 7.187094e+01 1.784163e+02 2.864902e+02 5.454318e+02  
6.362198e-01 7.033862e+01 1.753079e+02 2.819513e+02 5.377712e+02  
6.450884e-01 6.894129e+01 1.724034e+02 2.776589e+02 5.304189e+02  
6.540806e-01 6.764107e+01 1.696469e+02 2.735462e+02 5.232920e+02  
6.631981e-01 6.637056e+01 1.669413e+02 2.694986e+02 5.162526e+02  
6.724427e-01 6.506234e+01 1.641904e+02 2.654044e+02 5.091693e+02  
6.818162e-01 6.373627e+01 1.614233e+02 2.612980e+02 5.020846e+02  
6.913204e-01 6.241863e+01 1.586775e+02 2.572235e+02 4.950514e+02  
7.009570e-01 6.113415e+01 1.559880e+02 2.532215e+02 4.881168e+02  
7.107280e-01 5.989011e+01 1.533647e+02 2.493031e+02 4.812935e+02  
7.206351e-01 5.868779e+01 1.508091e+02 2.454697e+02 4.745825e+02  
7.306804e-01 5.752846e+01 1.483225e+02 2.417226e+02 4.679843e+02  
7.408657e-01 5.640964e+01 1.459011e+02 2.380569e+02 4.614929e+02  
7.511929e-01 5.532212e+01 1.435317e+02 2.344575e+02 4.550906e+02  
7.616642e-01 5.425521e+01 1.411994e+02 2.309073e+02 4.487582e+02  
7.722814e-01 5.319844e+01 1.388897e+02 2.273900e+02 4.424778e+02  
7.830465e-01 5.215243e+01 1.366037e+02 2.239068e+02 4.362512e+02  
7.939618e-01 5.112528e+01 1.343522e+02 2.204701e+02 4.300922e+02  
8.050292e-01 5.012576e+01 1.321472e+02 2.170930e+02 4.240147e+02  
8.162509e-01 4.916008e+01 1.299966e+02 2.137843e+02 4.180276e+02  
8.276289e-01 4.822436e+01 1.278950e+02 2.105376e+02 4.121235e+02  
8.391656e-01 4.731223e+01 1.258334e+02 2.073428e+02 4.062916e+02  
8.508632e-01 4.641692e+01 1.238029e+02 2.041899e+02 4.005211e+02  
8.627237e-01 4.553557e+01 1.217994e+02 2.010745e+02 3.948078e+02  
8.747496e-01 4.467008e+01 1.198254e+02 1.979994e+02 3.891543e+02  
8.869432e-01 4.382272e+01 1.178839e+02 1.949677e+02 3.835638e+02  
8.993067e-01 4.299551e+01 1.159773e+02 1.919819e+02 3.780388e+02  
9.118425e-01 4.218837e+01 1.141054e+02 1.890417e+02 3.725786e+02  
9.245531e-01 4.140027e+01 1.122666e+02 1.861452e+02 3.671812e+02  
9.374409e-01 4.063005e+01 1.104593e+02 1.832907e+02 3.618447e+02  
9.505083e-01 3.987664e+01 1.086820e+02 1.804763e+02 3.565672e+02  
9.637579e-01 3.913930e+01 1.069335e+02 1.777010e+02 3.513475e+02  
9.771921e-01 3.841727e+01 1.052129e+02 1.749633e+02 3.461843e+02  
9.908137e-01 3.770972e+01 1.035189e+02 1.722622e+02 3.410762e+02  
1.004625e+00 3.701637e+01 1.018511e+02 1.695971e+02 3.360228e+02  
1.018629e+00 3.633734e+01 1.002095e+02 1.669678e+02 3.310239e+02  
1.032828e+00 3.567275e+01 9.859424e+01 1.643744e+02 3.260793e+02  
1.047225e+00 3.502258e+01 9.700505e+01 1.618166e+02 3.211886e+02  
1.061823e+00 3.438638e+01 9.544130e+01 1.592937e+02 3.163510e+02  
1.076624e+00 3.376356e+01 9.390214e+01 1.568047e+02 3.115657e+02  
1.091632e+00 3.315345e+01 9.238664e+01 1.543485e+02 3.068315e+02  
1.106848e+00 3.255554e+01 9.089409e+01 1.519245e+02 3.021477e+02  
1.122277e+00 3.196960e+01 8.942412e+01 1.495321e+02 2.975140e+02  
1.137921e+00 3.139537e+01 8.797631e+01 1.471710e+02 2.929297e+02  
1.153783e+00 3.083257e+01 8.655022e+01 1.448405e+02 2.883944e+02  
1.169866e+00 3.028095e+01 8.514548e+01 1.425402e+02 2.839076e+02  
1.186174e+00 2.974028e+01 8.376172e+01 1.402698e+02 2.794689e+02  
1.202708e+00 2.921031e+01 8.239853e+01 1.380287e+02 2.750777e+02  
1.219473e+00 2.869075e+01 8.105549e+01 1.358165e+02 2.707338e+02  
1.236472e+00 2.818136e+01 7.973224e+01 1.336328e+02 2.664366e+02  
1.253708e+00 2.768189e+01 7.842839e+01 1.314771e+02 2.621857e+02  
1.271184e+00 2.719203e+01 7.714351e+01 1.293490e+02 2.579808e+02  
1.288904e+00 2.671155e+01 7.587725e+01 1.272481e+02 2.538213e+02  
1.306870e+00 2.624023e+01 7.462928e+01 1.251739e+02 2.497070e+02  
1.325087e+00 2.577783e+01 7.339925e+01 1.231261e+02 2.456376e+02  
1.343558e+00 2.532411e+01 7.218680e+01 1.211044e+02 2.416126e+02  
1.362287e+00 2.487887e+01 7.099166e+01 1.191084e+02 2.376317e+02  
1.381276e+00 2.444192e+01 6.981353e+01 1.171377e+02 2.336948e+02  
1.400531e+00 2.401306e+01 6.865210e+01 1.151921e+02 2.298014e+02  
1.420053e+00 2.359208e+01 6.750708e+01 1.132712e+02 2.259513e+02  
1.439848e+00 2.317881e+01 6.637821e+01 1.113747e+02 2.221443e+02  
1.459919e+00 2.277308e+01 6.526525e+01 1.095023e+02 2.183800e+02  
1.480269e+00 2.237468e+01 6.416789e+01 1.076538e+02 2.146582e+02  
1.500903e+00 2.198345e+01 6.308590e+01 1.058288e+02 2.109787e+02  
1.521825e+00 2.159924e+01 6.201905e+01 1.040271e+02 2.073412e+02  
1.543038e+00 2.122186e+01 6.096707e+01 1.022484e+02 2.037456e+02  
1.564548e+00 2.085113e+01 5.992973e+01 1.004924e+02 2.001916e+02  
1.586357e+00 2.048694e+01 5.890682e+01 9.875901e+01 1.966789e+02  
1.608469e+00 2.012913e+01 5.789814e+01 9.704784e+01 1.932075e+02  
1.630891e+00 1.977756e+01 5.690347e+01 9.535872e+01 1.897771e+02  
1.653624e+00 1.943208e+01 5.592260e+01 9.369140e+01 1.863875e+02  
1.676675e+00 1.909258e+01 5.495536e+01 9.204568e+01 1.830386e+02  
1.700047e+00 1.875891e+01 5.400154e+01 9.042132e+01 1.797301e+02  
1.723745e+00 1.843093e+01 5.306093e+01 8.881812e+01 1.764619e+02  
1.747773e+00 1.810852e+01 5.213338e+01 8.723587e+01 1.732338e+02  
1.772136e+00 1.779158e+01 5.121870e+01 8.567438e+01 1.700457e+02  
1.796838e+00 1.747997e+01 5.031672e+01 8.413344e+01 1.668974e+02  
1.821885e+00 1.717358e+01 4.942728e+01 8.261287e+01 1.637888e+02  
1.847281e+00 1.687231e+01 4.855022e+01 8.111247e+01 1.607196e+02  
1.873032e+00 1.657605e+01 4.768538e+01 7.963207e+01 1.576898e+02  
1.899141e+00 1.628469e+01 4.683259e+01 7.817149e+01 1.546992e+02  
1.925614e+00 1.599812e+01 4.599172e+01 7.673053e+01 1.517476e+02  
1.952456e+00 1.571626e+01 4.516262e+01 7.530905e+01 1.488348e+02  
1.979672e+00 1.543901e+01 4.434514e+01 7.390687e+01 1.459609e+02  
2.007267e+00 1.516627e+01 4.353915e+01 7.252381e+01 1.431255e+02  
2.035248e+00 1.489796e+01 4.274451e+01 7.115973e+01 1.403285e+02  
2.063618e+00 1.463400e+01 4.196110e+01 6.981445e+01 1.375699e+02  
2.092383e+00 1.437429e+01 4.118878e+01 6.848783e+01 1.348494e+02  
2.121550e+00 1.411875e+01 4.042742e+01 6.717970e+01 1.321668e+02  
2.151123e+00 1.386730e+01 3.967690e+01 6.588991e+01 1.295221e+02  
2.181109e+00 1.361987e+01 3.893710e+01 6.461831e+01 1.269151e+02  
2.211512e+00 1.337638e+01 3.820791e+01 6.336476e+01 1.243456e+02  
2.242340e+00 1.313676e+01 3.748920e+01 6.212910e+01 1.218134e+02  
2.273597e+00 1.290094e+01 3.678087e+01 6.091119e+01 1.193184e+02  
2.305289e+00 1.266885e+01 3.608280e+01 5.971088e+01 1.168605e+02  
2.337424e+00 1.244042e+01 3.539489e+01 5.852804e+01 1.144393e+02  
2.370006e+00 1.221559e+01 3.471702e+01 5.736253e+01 1.120548e+02  
2.403043e+00 1.199430e+01 3.404909e+01 5.621420e+01 1.097068e+02  
2.436540e+00 1.177647e+01 3.339099e+01 5.508291e+01 1.073950e+02  
2.470504e+00 1.156206e+01 3.274263e+01 5.396853e+01 1.051194e+02  
2.504942e+00 1.135099e+01 3.210390e+01 5.287092e+01 1.028796e+02  
2.539859e+00 1.114323e+01 3.147470e+01 5.178994e+01 1.006754e+02  
2.575263e+00 1.093871e+01 3.085494e+01 5.072547e+01 9.850676e+01  
2.611161e+00 1.073738e+01 3.024452e+01 4.967736e+01 9.637332e+01  
2.647559e+00 1.053919e+01 2.964335e+01 4.864549e+01 9.427488e+01  
2.684465e+00 1.034409e+01 2.905133e+01 4.762972e+01 9.221123e+01  
2.721885e+00 1.015202e+01 2.846837e+01 4.662992e+01 9.018211e+01  
2.759826e+00 9.962958e+00 2.789438e+01 4.564596e+01 8.818728e+01  
2.798297e+00 9.776836e+00 2.732926e+01 4.467770e+01 8.622648e+01  
2.837304e+00 9.593608e+00 2.677293e+01 4.372502e+01 8.429947e+01  
2.876854e+00 9.413232e+00 2.622530e+01 4.278778e+01 8.240597e+01  
2.916956e+00 9.235669e+00 2.568628e+01 4.186584e+01 8.054571e+01  
2.957617e+00 9.060875e+00 2.515579e+01 4.095909e+01 7.871841e+01  
2.998844e+00 8.888810e+00 2.463373e+01 4.006738e+01 7.692379e+01  
3.040646e+00 8.719435e+00 2.412003e+01 3.919059e+01 7.516155e+01  
3.083031e+00 8.552712e+00 2.361460e+01 3.832858e+01 7.343140e+01  
3.126007e+00 8.388599e+00 2.311735e+01 3.748122e+01 7.173303e+01  
3.169582e+00 8.227060e+00 2.262821e+01 3.664838e+01 7.006615e+01  
3.213764e+00 8.068061e+00 2.214708e+01 3.582993e+01 6.843042e+01  
3.258562e+00 7.911565e+00 2.167389e+01 3.502572e+01 6.682553e+01  
3.303985e+00 7.757536e+00 2.120856e+01 3.423563e+01 6.525116e+01  
3.350041e+00 7.605943e+00 2.075100e+01 3.345951e+01 6.370697e+01  
3.396739e+00 7.456753e+00 2.030114e+01 3.269725e+01 6.219264e+01  
3.444087e+00 7.309932e+00 1.985889e+01 3.194869e+01 6.070781e+01  
3.492096e+00 7.165448e+00 1.942417e+01 3.121370e+01 5.925216e+01  
3.540774e+00 7.023272e+00 1.899691e+01 3.049214e+01 5.782533e+01  
3.590130e+00 6.883372e+00 1.857702e+01 2.978387e+01 5.642697e+01  
3.640175e+00 6.745717e+00 1.816443e+01 2.908876e+01 5.505672e+01  
3.690917e+00 6.610279e+00 1.775906e+01 2.840666e+01 5.371424e+01  
3.742366e+00 6.477031e+00 1.736083e+01 2.773743e+01 5.239916e+01  
3.794533e+00 6.345943e+00 1.696966e+01 2.708093e+01 5.111112e+01  
3.847427e+00 6.216988e+00 1.658548e+01 2.643701e+01 4.984976e+01  
3.901058e+00 6.090139e+00 1.620820e+01 2.580553e+01 4.861470e+01  
3.955436e+00 5.965370e+00 1.583776e+01 2.518635e+01 4.740558e+01  
4.010573e+00 5.842654e+00 1.547407e+01 2.457932e+01 4.622204e+01  
4.066478e+00 5.721963e+00 1.511706e+01 2.398429e+01 4.506369e+01  
4.123163e+00 5.603274e+00 1.476665e+01 2.340111e+01 4.393018e+01  
4.180637e+00 5.486562e+00 1.442276e+01 2.282964e+01 4.282112e+01  
4.238913e+00 5.371801e+00 1.408533e+01 2.226973e+01 4.173616e+01  
4.298001e+00 5.258968e+00 1.375426e+01 2.172123e+01 4.067490e+01  
4.357913e+00 5.148039e+00 1.342950e+01 2.118398e+01 3.963699e+01  
4.418660e+00 5.038989e+00 1.311095e+01 2.065785e+01 3.862205e+01  
4.480254e+00 4.931795e+00 1.279855e+01 2.014266e+01 3.762971e+01  
4.542706e+00 4.826435e+00 1.249221e+01 1.963829e+01 3.665959e+01  
4.606029e+00 4.722885e+00 1.219187e+01 1.914456e+01 3.571134e+01  
4.670234e+00 4.621123e+00 1.189745e+01 1.866133e+01 3.478458e+01  
4.735335e+00 4.521127e+00 1.160887e+01 1.818845e+01 3.387894e+01  
4.801343e+00 4.422875e+00 1.132606e+01 1.772576e+01 3.299406e+01  
4.868271e+00 4.326345e+00 1.104894e+01 1.727312e+01 3.212959e+01  
4.936132e+00 4.231515e+00 1.077743e+01 1.683036e+01 3.128514e+01  
5.004939e+00 4.138363e+00 1.051146e+01 1.639734e+01 3.046038e+01  
5.074705e+00 4.046869e+00 1.025096e+01 1.597390e+01 2.965493e+01  
5.145444e+00 3.957013e+00 9.995850e+00 1.555989e+01 2.886845e+01  
5.217169e+00 3.868772e+00 9.746053e+00 1.515516e+01 2.810059e+01  
5.289893e+00 3.782127e+00 9.501495e+00 1.475955e+01 2.735099e+01  
5.363631e+00 3.697056e+00 9.262102e+00 1.437292e+01 2.661931e+01  
5.438397e+00 3.613541e+00 9.027799e+00 1.399512e+01 2.590520e+01  
5.514206e+00 3.531560e+00 8.798510e+00 1.362598e+01 2.520834e+01  
5.591071e+00 3.451093e+00 8.574161e+00 1.326537e+01 2.452837e+01  
5.669007e+00 3.372122e+00 8.354677e+00 1.291314e+01 2.386498e+01  
5.748030e+00 3.294626e+00 8.139983e+00 1.256913e+01 2.321782e+01  
5.828155e+00 3.218586e+00 7.930007e+00 1.223321e+01 2.258657e+01  
5.909396e+00 3.143982e+00 7.724672e+00 1.190521e+01 2.197091e+01  
5.991770e+00 3.070796e+00 7.523906e+00 1.158501e+01 2.137052e+01  
6.075292e+00 2.999008e+00 7.327635e+00 1.127245e+01 2.078509e+01  
6.159978e+00 2.928599e+00 7.135786e+00 1.096739e+01 2.021430e+01  
6.245845e+00 2.859550e+00 6.948285e+00 1.066969e+01 1.965785e+01  
6.332908e+00 2.791844e+00 6.765059e+00 1.037921e+01 1.911543e+01  
6.421186e+00 2.725461e+00 6.586036e+00 1.009580e+01 1.858675e+01  
6.510694e+00 2.660382e+00 6.411144e+00 9.819339e+00 1.807150e+01  
6.601449e+00 2.596591e+00 6.240312e+00 9.549679e+00 1.756941e+01  
6.693470e+00 2.534067e+00 6.073467e+00 9.286687e+00 1.708018e+01  
6.786773e+00 2.472794e+00 5.910539e+00 9.030228e+00 1.660352e+01  
6.881377e+00 2.412754e+00 5.751457e+00 8.780171e+00 1.613917e+01  
6.977300e+00 2.353929e+00 5.596152e+00 8.536384e+00 1.568685e+01  
7.074559e+00 2.296300e+00 5.444554e+00 8.298737e+00 1.524629e+01  
7.173175e+00 2.239851e+00 5.296594e+00 8.067103e+00 1.481721e+01  
7.273165e+00 2.184564e+00 5.152203e+00 7.841355e+00 1.439937e+01  
7.374549e+00 2.130422e+00 5.011314e+00 7.621367e+00 1.399250e+01  
7.477346e+00 2.077407e+00 4.873860e+00 7.407018e+00 1.359635e+01  
7.581576e+00 2.025503e+00 4.739773e+00 7.198184e+00 1.321068e+01  
7.687260e+00 1.974693e+00 4.608989e+00 6.994747e+00 1.283523e+01  
7.794416e+00 1.924959e+00 4.481440e+00 6.796588e+00 1.246977e+01  
7.903066e+00 1.876286e+00 4.357064e+00 6.603591e+00 1.211407e+01  
8.013230e+00 1.828656e+00 4.235795e+00 6.415640e+00 1.176789e+01  
8.124930e+00 1.782053e+00 4.117570e+00 6.232623e+00 1.143100e+01  
8.238187e+00 1.736461e+00 4.002328e+00 6.054429e+00 1.110318e+01  
8.353023e+00 1.691864e+00 3.890005e+00 5.880947e+00 1.078422e+01  
8.469460e+00 1.648245e+00 3.780542e+00 5.712070e+00 1.047390e+01  
8.587519e+00 1.605588e+00 3.673877e+00 5.547692e+00 1.017200e+01  
8.707225e+00 1.563879e+00 3.569951e+00 5.387708e+00 9.878327e+00  
8.828599e+00 1.523100e+00 3.468705e+00 5.232016e+00 9.592673e+00  
8.951665e+00 1.483237e+00 3.370081e+00 5.080515e+00 9.314840e+00  
9.076446e+00 1.444273e+00 3.274023e+00 4.933107e+00 9.044634e+00  
9.202967e+00 1.406195e+00 3.180473e+00 4.789692e+00 8.781865e+00  
9.331251e+00 1.368985e+00 3.089376e+00 4.650177e+00 8.526346e+00  
9.461324e+00 1.332631e+00 3.000677e+00 4.514467e+00 8.277894e+00  
9.593209e+00 1.297115e+00 2.914322e+00 4.382469e+00 8.036331e+00  
9.726934e+00 1.262424e+00 2.830259e+00 4.254095e+00 7.801482e+00  
9.862522e+00 1.228543e+00 2.748435e+00 4.129254e+00 7.573175e+00  
1.000000e+01 1.195457e+00 2.668797e+00 4.007860e+00 7.351244e+00  
