1.000000e-02 5.866696e+03 1.072565e+04 1.454528e+04 2.180308e+04  
1.013939e-02 5.900108e+03 1.078651e+04 1.462759e+04 2.192589e+04  
1.028073e-02 5.933036e+03 1.084649e+04 1.470869e+04 2.204687e+04  
1.042404e-02 5.965459e+03 1.090553e+04 1.478852e+04 2.216595e+04  
1.056935e-02 5.997357e+03 1.096361e+04 1.486704e+04 2.228303e+04  
1.071668e-02 6.028707e+03 1.102068e+04 1.494418e+04 2.239805e+04  
1.086606e-02 6.059488e+03 1.107670e+04 1.501990e+04 2.251091e+04  
1.101753e-02 6.089677e+03 1.113164e+04 1.509414e+04 2.262154e+04  
1.117111e-02 6.119251e+03 1.118544e+04 1.516684e+04 2.272985e+04  
1.132683e-02 6.148187e+03 1.123807e+04 1.523794e+04 2.283575e+04  
1.148472e-02 6.176462e+03 1.128949e+04 1.530739e+04 2.293916e+04  
1.164481e-02 6.204052e+03 1.133965e+04 1.537513e+04 2.304000e+04  
1.180713e-02 6.230935e+03 1.138851e+04 1.544109e+04 2.313816e+04  
1.197171e-02 6.257086e+03 1.143602e+04 1.550523e+04 2.323358e+04  
1.213859e-02 6.282481e+03 1.148215e+04 1.556748e+04 2.332614e+04  
1.230780e-02 6.307094e+03 1.152684e+04 1.562778e+04 2.341577e+04  
1.247936e-02 6.330900e+03 1.157005e+04 1.568606e+04 2.350237e+04  
1.265332e-02 6.353875e+03 1.161173e+04 1.574227e+04 2.358584e+04  
1.282970e-02 6.375992e+03 1.165184e+04 1.579634e+04 2.366609e+04  
1.300854e-02 6.397228e+03 1.169033e+04 1.584820e+04 2.374303e+04  
1.318987e-02 6.417557e+03 1.172716e+04 1.589780e+04 2.381656e+04  
1.337373e-02 6.436951e+03 1.176227e+04 1.594508e+04 2.388660e+04  
1.356015e-02 6.455384e+03 1.179562e+04 1.598995e+04 2.395302e+04  
1.374917e-02 6.472830e+03 1.182716e+04 1.603236e+04 2.401575e+04  
1.394083e-02 6.489260e+03 1.185683e+04 1.607225e+04 2.407467e+04  
1.413516e-02 6.504649e+03 1.188460e+04 1.610953e+04 2.412969e+04  
1.433219e-02 6.518970e+03 1.191040e+04 1.614416e+04 2.418071e+04  
1.453198e-02 6.532198e+03 1.193421e+04 1.617606e+04 2.422763e+04  
1.473454e-02 6.544304e+03 1.195595e+04 1.620517e+04 2.427037e+04  
1.493993e-02 6.555262e+03 1.197559e+04 1.623142e+04 2.430881e+04  
1.514819e-02 6.565046e+03 1.199308e+04 1.625474e+04 2.434285e+04  
1.535935e-02 6.573629e+03 1.200837e+04 1.627508e+04 2.437241e+04  
1.557345e-02 6.580986e+03 1.202141e+04 1.629237e+04 2.439739e+04  
1.579053e-02 6.587091e+03 1.203216e+04 1.630654e+04 2.441770e+04  
1.601064e-02 6.591921e+03 1.204057e+04 1.631754e+04 2.443324e+04  
1.623382e-02 6.595450e+03 1.204660e+04 1.632530e+04 2.444393e+04  
1.646012e-02 6.597653e+03 1.205020e+04 1.632977e+04 2.444967e+04  
1.668956e-02 6.598504e+03 1.205133e+04 1.633088e+04 2.445037e+04  
1.692220e-02 6.597980e+03 1.204994e+04 1.632857e+04 2.444595e+04  
1.715809e-02 6.596059e+03 1.204599e+04 1.632278e+04 2.443632e+04  
1.739726e-02 6.592718e+03 1.203944e+04 1.631347e+04 2.442140e+04  
1.763977e-02 6.587936e+03 1.203025e+04 1.630059e+04 2.440111e+04  
1.788566e-02 6.581693e+03 1.201839e+04 1.628407e+04 2.437539e+04  
1.813498e-02 6.573965e+03 1.200382e+04 1.626387e+04 2.434414e+04  
1.838777e-02 6.564732e+03 1.198649e+04 1.623993e+04 2.430729e+04  
1.864409e-02 6.553973e+03 1.196637e+04 1.621221e+04 2.426477e+04  
1.890397e-02 6.541670e+03 1.194342e+04 1.618066e+04 2.421652e+04  
1.916748e-02 6.527805e+03 1.191762e+04 1.614524e+04 2.416246e+04  
1.943467e-02 6.512364e+03 1.188894e+04 1.610590e+04 2.410255e+04  
1.970558e-02 6.495332e+03 1.185735e+04 1.606263e+04 2.403674e+04  
1.998026e-02 6.476696e+03 1.182283e+04 1.601538e+04 2.396497e+04  
2.025878e-02 6.456443e+03 1.178535e+04 1.596413e+04 2.388721e+04  
2.054117e-02 6.434563e+03 1.174491e+04 1.590884e+04 2.380343e+04  
2.082751e-02 6.411050e+03 1.170147e+04 1.584952e+04 2.371358e+04  
2.111783e-02 6.385898e+03 1.165505e+04 1.578614e+04 2.361768e+04  
2.141220e-02 6.359105e+03 1.160563e+04 1.571870e+04 2.351569e+04  
2.171068e-02 6.330671e+03 1.155322e+04 1.564720e+04 2.340764e+04  
2.201331e-02 6.300592e+03 1.149780e+04 1.557164e+04 2.329351e+04  
2.232016e-02 6.268867e+03 1.143938e+04 1.549201e+04 2.317329e+04  
2.263130e-02 6.235497e+03 1.137796e+04 1.540831e+04 2.304700e+04  
2.294676e-02 6.200487e+03 1.131355e+04 1.532057e+04 2.291466e+04  
2.326663e-02 6.163844e+03 1.124616e+04 1.522880e+04 2.277629e+04  
2.359095e-02 6.125581e+03 1.117582e+04 1.513303e+04 2.263195e+04  
2.391980e-02 6.085711e+03 1.110255e+04 1.503330e+04 2.248169e+04  
2.425323e-02 6.044250e+03 1.102638e+04 1.492964e+04 2.232557e+04  
2.459130e-02 6.001211e+03 1.094734e+04 1.482210e+04 2.216365e+04  
2.493409e-02 5.956615e+03 1.086547e+04 1.471073e+04 2.199600e+04  
2.528166e-02 5.910486e+03 1.078080e+04 1.459558e+04 2.182272e+04  
2.563407e-02 5.862852e+03 1.069340e+04 1.447673e+04 2.164391e+04  
2.599140e-02 5.813746e+03 1.060332e+04 1.435426e+04 2.145971e+04  
2.635371e-02 5.763207e+03 1.051064e+04 1.422828e+04 2.127026e+04  
2.672106e-02 5.711271e+03 1.041542e+04 1.409886e+04 2.107569e+04  
2.709354e-02 5.657971e+03 1.031772e+04 1.396610e+04 2.087613e+04  
2.747121e-02 5.603346e+03 1.021762e+04 1.383009e+04 2.067174e+04  
2.785414e-02 5.547440e+03 1.011519e+04 1.369094e+04 2.046267e+04  
2.824241e-02 5.490302e+03 1.001053e+04 1.354879e+04 2.024911e+04  
2.863610e-02 5.431989e+03 9.903743e+03 1.340375e+04 2.003128e+04  
2.903527e-02 5.372562e+03 9.794938e+03 1.325601e+04 1.980940e+04  
2.944000e-02 5.312081e+03 9.684229e+03 1.310569e+04 1.958370e+04  
2.985038e-02 5.250602e+03 9.571714e+03 1.295294e+04 1.935439e+04  
3.026648e-02 5.188182e+03 9.457502e+03 1.279791e+04 1.912168e+04  
3.068838e-02 5.124887e+03 9.341711e+03 1.264075e+04 1.888583e+04  
3.111616e-02 5.060788e+03 9.224474e+03 1.248165e+04 1.864708e+04  
3.154990e-02 4.995963e+03 9.105932e+03 1.232079e+04 1.840575e+04  
3.198969e-02 4.930498e+03 8.986242e+03 1.215840e+04 1.816214e+04  
3.243561e-02 4.864479e+03 8.865561e+03 1.199468e+04 1.791657e+04  
3.288774e-02 4.797975e+03 8.744018e+03 1.182981e+04 1.766930e+04  
3.334618e-02 4.731059e+03 8.621744e+03 1.166397e+04 1.742061e+04  
3.381101e-02 4.663808e+03 8.498881e+03 1.149734e+04 1.717078e+04  
3.428231e-02 4.596307e+03 8.375584e+03 1.133015e+04 1.692013e+04  
3.476019e-02 4.528647e+03 8.252018e+03 1.116260e+04 1.666898e+04  
3.524473e-02 4.460927e+03 8.128362e+03 1.099496e+04 1.641771e+04  
3.573602e-02 4.393247e+03 8.004802e+03 1.082745e+04 1.616669e+04  
3.623416e-02 4.325693e+03 7.881493e+03 1.066031e+04 1.591623e+04  
3.673925e-02 4.258349e+03 7.758588e+03 1.049373e+04 1.566665e+04  
3.725137e-02 4.191304e+03 7.636249e+03 1.032793e+04 1.541827e+04  
3.777064e-02 4.124653e+03 7.514647e+03 1.016314e+04 1.517144e+04  
3.829714e-02 4.058496e+03 7.393966e+03 9.999625e+03 1.492653e+04  
3.883098e-02 3.992942e+03 7.274403e+03 9.837633e+03 1.468394e+04  
3.937226e-02 3.928102e+03 7.156158e+03 9.677441e+03 1.444407e+04  
3.992109e-02 3.864051e+03 7.039369e+03 9.519237e+03 1.420720e+04  
4.047757e-02 3.800843e+03 6.924133e+03 9.363148e+03 1.397354e+04  
4.104181e-02 3.738530e+03 6.810544e+03 9.209305e+03 1.374326e+04  
4.161391e-02 3.677168e+03 6.698703e+03 9.057841e+03 1.351657e+04  
4.219398e-02 3.616813e+03 6.588712e+03 8.908895e+03 1.329369e+04  
4.278214e-02 3.557524e+03 6.480675e+03 8.762608e+03 1.307481e+04  
4.337850e-02 3.499360e+03 6.374702e+03 8.619127e+03 1.286016e+04  
4.398317e-02 3.442395e+03 6.270923e+03 8.478628e+03 1.265000e+04  
4.459628e-02 3.386714e+03 6.169493e+03 8.341320e+03 1.244464e+04  
4.521792e-02 3.332409e+03 6.070577e+03 8.207425e+03 1.224443e+04  
4.584824e-02 3.279575e+03 5.974346e+03 8.077173e+03 1.204969e+04  
4.648734e-02 3.228311e+03 5.880978e+03 7.950804e+03 1.186079e+04  
4.713535e-02 3.178720e+03 5.790658e+03 7.828569e+03 1.167811e+04  
4.779239e-02 3.130907e+03 5.703575e+03 7.710718e+03 1.150201e+04  
4.845859e-02 3.084913e+03 5.619801e+03 7.597350e+03 1.133265e+04  
4.913407e-02 3.040717e+03 5.539296e+03 7.488410e+03 1.116994e+04  
4.981898e-02 2.998290e+03 5.462005e+03 7.383823e+03 1.101378e+04  
5.051342e-02 2.957595e+03 5.387861e+03 7.283498e+03 1.086403e+04  
5.121755e-02 2.918589e+03 5.316783e+03 7.187324e+03 1.072051e+04  
5.193150e-02 2.881219e+03 5.248676e+03 7.095173e+03 1.058305e+04  
5.265540e-02 2.845437e+03 5.183445e+03 7.006916e+03 1.045145e+04  
5.338938e-02 2.811200e+03 5.121019e+03 6.922455e+03 1.032556e+04  
5.413360e-02 2.778466e+03 5.061313e+03 6.841677e+03 1.020522e+04  
5.488820e-02 2.747180e+03 5.004231e+03 6.764450e+03 1.009023e+04  
5.565331e-02 2.717284e+03 4.949662e+03 6.690623e+03 9.980364e+03  
5.642908e-02 2.688706e+03 4.897478e+03 6.620026e+03 9.875372e+03  
5.721568e-02 2.661385e+03 4.847564e+03 6.552500e+03 9.775018e+03  
5.801323e-02 2.635262e+03 4.799814e+03 6.487902e+03 9.679090e+03  
5.882190e-02 2.610272e+03 4.754109e+03 6.426073e+03 9.587352e+03  
5.964185e-02 2.586343e+03 4.710316e+03 6.366832e+03 9.499534e+03  
6.047322e-02 2.563393e+03 4.668286e+03 6.309978e+03 9.415339e+03  
6.131619e-02 2.541321e+03 4.627836e+03 6.255264e+03 9.334399e+03  
6.217090e-02 2.519990e+03 4.588717e+03 6.202355e+03 9.256215e+03  
6.303753e-02 2.499244e+03 4.550649e+03 6.150872e+03 9.180222e+03  
6.391624e-02 2.478912e+03 4.513324e+03 6.100401e+03 9.105803e+03  
6.480720e-02 2.458810e+03 4.476408e+03 6.050492e+03 9.032284e+03  
6.571058e-02 2.438751e+03 4.439569e+03 6.000699e+03 8.958999e+03  
6.662655e-02 2.418588e+03 4.402538e+03 5.950659e+03 8.885406e+03  
6.755528e-02 2.398164e+03 4.365038e+03 5.900000e+03 8.810946e+03  
6.849697e-02 2.377312e+03 4.326768e+03 5.848317e+03 8.735014e+03  
6.945178e-02 2.355851e+03 4.287406e+03 5.795177e+03 8.656958e+03  
7.041990e-02 2.333618e+03 4.246663e+03 5.740192e+03 8.576193e+03  
7.140151e-02 2.310473e+03 4.204287e+03 5.683023e+03 8.492210e+03  
7.239681e-02 2.286266e+03 4.160013e+03 5.623314e+03 8.404471e+03  
7.340598e-02 2.260835e+03 4.113555e+03 5.560681e+03 8.312395e+03  
7.442922e-02 2.234033e+03 4.064654e+03 5.494775e+03 8.215452e+03  
7.546673e-02 2.205778e+03 4.013165e+03 5.425404e+03 8.113348e+03  
7.651869e-02 2.175997e+03 3.958961e+03 5.352397e+03 8.005820e+03  
7.758532e-02 2.144612e+03 3.901912e+03 5.275578e+03 7.892595e+03  
7.866682e-02 2.111563e+03 3.841907e+03 5.194802e+03 7.773448e+03  
7.976339e-02 2.076855e+03 3.778968e+03 5.110094e+03 7.648411e+03  
8.087525e-02 2.040523e+03 3.713154e+03 5.021540e+03 7.517602e+03  
8.200261e-02 2.002604e+03 3.644540e+03 4.929237e+03 7.381161e+03  
8.314568e-02 1.963156e+03 3.573232e+03 4.833330e+03 7.239301e+03  
8.430468e-02 1.922293e+03 3.499439e+03 4.734100e+03 7.092436e+03  
8.547985e-02 1.880151e+03 3.423406e+03 4.631877e+03 6.941058e+03  
8.667139e-02 1.836881e+03 3.345402e+03 4.527025e+03 6.785712e+03  
8.787954e-02 1.792651e+03 3.265732e+03 4.419952e+03 6.627005e+03  
8.910453e-02 1.747649e+03 3.184735e+03 4.311115e+03 6.465625e+03  
9.034660e-02 1.702085e+03 3.102781e+03 4.201014e+03 6.302321e+03  
9.160598e-02 1.656181e+03 3.020272e+03 4.090186e+03 6.137903e+03  
9.288292e-02 1.610170e+03 2.937619e+03 3.979186e+03 5.973205e+03  
9.417766e-02 1.564298e+03 2.855261e+03 3.868602e+03 5.809114e+03  
9.549045e-02 1.518830e+03 2.773670e+03 3.759070e+03 5.646587e+03  
9.682153e-02 1.474050e+03 2.693348e+03 3.651264e+03 5.486641e+03  
9.817117e-02 1.430215e+03 2.614753e+03 3.545797e+03 5.330201e+03  
9.953962e-02 1.387574e+03 2.538322e+03 3.443256e+03 5.178149e+03  
1.009272e-01 1.346390e+03 2.464521e+03 3.344267e+03 5.031431e+03  
1.023340e-01 1.306937e+03 2.393833e+03 3.249476e+03 4.891020e+03  
1.037605e-01 1.269421e+03 2.326620e+03 3.159367e+03 4.757645e+03  
1.052069e-01 1.234012e+03 2.263180e+03 3.074338e+03 4.631906e+03  
1.066734e-01 1.200890e+03 2.203826e+03 2.994808e+03 4.514433e+03  
1.081604e-01 1.170211e+03 2.148833e+03 2.921145e+03 4.405781e+03  
1.096681e-01 1.142017e+03 2.098266e+03 2.853432e+03 4.306078e+03  
1.111968e-01 1.116311e+03 2.052129e+03 2.791672e+03 4.215330e+03  
1.127468e-01 1.093091e+03 2.010411e+03 2.735850e+03 4.133518e+03  
1.143184e-01 1.072295e+03 1.972997e+03 2.685808e+03 4.060408e+03  
1.159120e-01 1.053786e+03 1.939638e+03 2.641212e+03 3.995504e+03  
1.175277e-01 1.037407e+03 1.910052e+03 2.601683e+03 3.938240e+03  
1.191660e-01 1.022976e+03 1.883912e+03 2.566781e+03 3.887960e+03  
1.208271e-01 1.010267e+03 1.860814e+03 2.535964e+03 3.843856e+03  
1.225114e-01 9.990262e+02 1.840306e+03 2.508625e+03 3.805020e+03  
1.242191e-01 9.889768e+02 1.821897e+03 2.484106e+03 3.770465e+03  
1.259506e-01 9.798293e+02 1.805074e+03 2.461719e+03 3.739159e+03  
1.277063e-01 9.712736e+02 1.789289e+03 2.440729e+03 3.709993e+03  
1.294865e-01 9.629762e+02 1.773955e+03 2.420350e+03 3.681777e+03  
1.312915e-01 9.546151e+02 1.758506e+03 2.399823e+03 3.653359e+03  
1.331216e-01 9.458632e+02 1.742370e+03 2.378378e+03 3.623567e+03  
1.349772e-01 9.363775e+02 1.724945e+03 2.355210e+03 3.591169e+03  
1.368587e-01 9.258779e+02 1.705746e+03 2.329665e+03 3.555155e+03  
1.387665e-01 9.141078e+02 1.684326e+03 2.301143e+03 3.514599e+03  
1.407008e-01 9.008204e+02 1.660258e+03 2.269070e+03 3.468609e+03  
1.426621e-01 8.859018e+02 1.633349e+03 2.233184e+03 3.416767e+03  
1.446507e-01 8.692803e+02 1.603479e+03 2.193324e+03 3.358811e+03  
1.466671e-01 8.509348e+02 1.570616e+03 2.149447e+03 3.294662e+03  
1.487115e-01 8.309747e+02 1.534958e+03 2.101817e+03 3.224713e+03  
1.507845e-01 8.095436e+02 1.496759e+03 2.050776e+03 3.149482e+03  
1.528864e-01 7.868601e+02 1.456405e+03 1.996844e+03 3.069761e+03  
1.550175e-01 7.632192e+02 1.414415e+03 1.940718e+03 2.986617e+03  
1.571784e-01 7.389476e+02 1.371360e+03 1.883166e+03 2.901231e+03  
1.593694e-01 7.144135e+02 1.327884e+03 1.825053e+03 2.814930e+03  
1.615909e-01 6.900179e+02 1.284685e+03 1.767318e+03 2.729155e+03  
1.638434e-01 6.661554e+02 1.242450e+03 1.710882e+03 2.645319e+03  
1.661273e-01 6.432146e+02 1.201854e+03 1.656648e+03 2.564805e+03  
1.684430e-01 6.215647e+02 1.163536e+03 1.605473e+03 2.488920e+03  
1.707910e-01 6.014746e+02 1.127961e+03 1.557976e+03 2.418609e+03  
1.731717e-01 5.831900e+02 1.095550e+03 1.514721e+03 2.354728e+03  
1.755856e-01 5.668316e+02 1.066508e+03 1.475979e+03 2.297688e+03  
1.780332e-01 5.524616e+02 1.040938e+03 1.441884e+03 2.247693e+03  
1.805149e-01 5.400475e+02 1.018778e+03 1.412352e+03 2.204615e+03  
1.830312e-01 5.294744e+02 9.998221e+02 1.387106e+03 2.168036e+03  
1.855825e-01 5.205688e+02 9.837639e+02 1.365735e+03 2.137337e+03  
1.881694e-01 5.130867e+02 9.701761e+02 1.347668e+03 2.111653e+03  
1.907924e-01 5.067430e+02 9.585613e+02 1.332239e+03 2.089978e+03  
1.934520e-01 5.012037e+02 9.483386e+02 1.318672e+03 2.071131e+03  
1.961486e-01 4.961027e+02 9.388737e+02 1.306118e+03 2.053819e+03  
1.988828e-01 4.910425e+02 9.294796e+02 1.293658e+03 2.036633e+03  
2.016551e-01 4.856321e+02 9.194833e+02 1.280389e+03 2.018185e+03  
2.044661e-01 4.795188e+02 9.082790e+02 1.265499e+03 1.997217e+03  
2.073162e-01 4.724162e+02 8.953769e+02 1.248332e+03 1.972708e+03  
2.102061e-01 4.641457e+02 8.804739e+02 1.228478e+03 1.944018e+03  
2.131362e-01 4.546291e+02 8.634402e+02 1.205763e+03 1.910868e+03  
2.161073e-01 4.439009e+02 8.443396e+02 1.180274e+03 1.873384e+03  
2.191197e-01 4.320995e+02 8.234144e+02 1.152335e+03 1.832070e+03  
2.221741e-01 4.194499e+02 8.010543e+02 1.122471e+03 1.787736e+03  
2.252711e-01 4.062510e+02 7.777752e+02 1.091376e+03 1.741459e+03  
2.284112e-01 3.928493e+02 7.541724e+02 1.059848e+03 1.694476e+03  
2.315951e-01 3.796225e+02 7.308934e+02 1.028755e+03 1.648129e+03  
2.348235e-01 3.669313e+02 7.085546e+02 9.989220e+02 1.603689e+03  
2.380968e-01 3.550905e+02 6.876921e+02 9.710647e+02 1.562253e+03  
2.414157e-01 3.443328e+02 6.687005e+02 9.457079e+02 1.524624e+03  
2.447809e-01 3.348130e+02 6.518397e+02 9.231960e+02 1.491323e+03  
2.481930e-01 3.265752e+02 6.371801e+02 9.036206e+02 1.462487e+03  
2.516527e-01 3.195800e+02 6.246500e+02 8.868834e+02 1.437962e+03  
2.551606e-01 3.137043e+02 6.140348e+02 8.726970e+02 1.417308e+03  
2.587174e-01 3.087310e+02 6.049611e+02 8.605624e+02 1.399763e+03  
2.623238e-01 3.043776e+02 5.969452e+02 8.498342e+02 1.384342e+03  
2.659804e-01 3.003114e+02 5.894203e+02 8.397563e+02 1.369885e+03  
2.696881e-01 2.961878e+02 5.818009e+02 8.295473e+02 1.355193e+03  
2.734474e-01 2.917067e+02 5.735790e+02 8.185288e+02 1.339222e+03  
2.772591e-01 2.866508e+02 5.643887e+02 8.062125e+02 1.321218e+03  
2.811239e-01 2.809145e+02 5.540538e+02 7.923633e+02 1.300818e+03  
2.850426e-01 2.744871e+02 5.425599e+02 7.769629e+02 1.277994e+03  
2.890160e-01 2.674451e+02 5.300394e+02 7.601896e+02 1.253024e+03  
2.930447e-01 2.599456e+02 5.167605e+02 7.424030e+02 1.226466e+03  
2.971296e-01 2.522142e+02 5.031058e+02 7.241153e+02 1.199114e+03  
3.012714e-01 2.445250e+02 4.895384e+02 7.059448e+02 1.171921e+03  
3.054710e-01 2.371599e+02 4.765327e+02 6.885228e+02 1.145854e+03  
3.097291e-01 2.303528e+02 4.644799e+02 6.723689e+02 1.121708e+03  
3.140465e-01 2.242503e+02 4.536239e+02 6.578048e+02 1.099967e+03  
3.184242e-01 2.188965e+02 4.440351e+02 6.449219e+02 1.080766e+03  
3.228628e-01 2.142461e+02 4.356340e+02 6.336126e+02 1.063936e+03  
3.273634e-01 2.101843e+02 4.282250e+02 6.236157e+02 1.049076e+03  
3.319266e-01 2.065410e+02 4.215213e+02 6.145498e+02 1.035604e+03  
3.365535e-01 2.031071e+02 4.151716e+02 6.059485e+02 1.022810e+03  
3.412449e-01 1.996554e+02 4.087964e+02 5.973084e+02 1.009928e+03  
3.460016e-01 1.959930e+02 4.020744e+02 5.882040e+02 9.963094e+02  
3.508247e-01 1.920023e+02 3.948117e+02 5.783792e+02 9.815677e+02  
3.557150e-01 1.876606e+02 3.869725e+02 5.677876e+02 9.656360e+02  
3.606735e-01 1.830320e+02 3.786658e+02 5.565752e+02 9.487407e+02  
3.657011e-01 1.782400e+02 3.700981e+02 5.450171e+02 9.313043e+02  
3.707988e-01 1.734394e+02 3.615272e+02 5.334550e+02 9.138481e+02  
3.759675e-01 1.687944e+02 3.532249e+02 5.222482e+02 8.969170e+02  
3.812083e-01 1.644482e+02 3.454270e+02 5.117072e+02 8.809781e+02  
3.865221e-01 1.604956e+02 3.382881e+02 5.020343e+02 8.663324e+02  
3.919100e-01 1.569473e+02 3.318235e+02 4.932480e+02 8.530031e+02  
3.973730e-01 1.537485e+02 3.259408e+02 4.852250e+02 8.408012e+02  
4.029122e-01 1.507955e+02 3.204675e+02 4.777375e+02 8.293824e+02  
4.085286e-01 1.479644e+02 3.151993e+02 4.705163e+02 8.183420e+02  
4.142232e-01 1.451267e+02 3.099249e+02 4.632840e+02 8.072656e+02  
4.199973e-01 1.421847e+02 3.044851e+02 4.558324e+02 7.958434e+02  
4.258518e-01 1.390955e+02 2.988109e+02 4.480715e+02 7.839447e+02  
4.317880e-01 1.358876e+02 2.929500e+02 4.400653e+02 7.716685e+02  
4.378069e-01 1.326301e+02 2.870162e+02 4.319639e+02 7.592414e+02  
4.439097e-01 1.294090e+02 2.811498e+02 4.239512e+02 7.469380e+02  
4.500975e-01 1.263113e+02 2.754921e+02 4.162116e+02 7.350318e+02  
4.563716e-01 1.234094e+02 2.701596e+02 4.088965e+02 7.237438e+02  
4.627332e-01 1.207265e+02 2.651885e+02 4.020517e+02 7.131390e+02  
4.691835e-01 1.182339e+02 2.605307e+02 3.956138e+02 7.031210e+02  
4.757236e-01 1.158722e+02 2.560895e+02 3.894563e+02 6.935023e+02  
4.823549e-01 1.135780e+02 2.517619e+02 3.834449e+02 6.840860e+02  
4.890787e-01 1.112843e+02 2.474405e+02 3.774406e+02 6.746695e+02  
4.958962e-01 1.089501e+02 2.430598e+02 3.713591e+02 6.651322e+02  
5.028087e-01 1.065782e+02 2.386246e+02 3.652074e+02 6.554867e+02  
5.098176e-01 1.042045e+02 2.341933e+02 3.590615e+02 6.458448e+02  
5.169242e-01 1.018745e+02 2.298385e+02 3.530153e+02 6.363432e+02  
5.241298e-01 9.962842e+01 2.256238e+02 3.471505e+02 6.270992e+02  
5.314359e-01 9.749422e+01 2.215931e+02 3.415232e+02 6.181917e+02  
5.388438e-01 9.547811e+01 2.177555e+02 3.361442e+02 6.096343e+02  
5.463550e-01 9.354937e+01 2.140615e+02 3.309495e+02 6.013344e+02  
5.539709e-01 9.167387e+01 2.104567e+02 3.258693e+02 5.931921e+02  
5.616930e-01 8.982137e+01 2.068934e+02 3.208427e+02 5.851216e+02  
5.695227e-01 8.797400e+01 2.033438e+02 3.158343e+02 5.770738e+02  
5.774615e-01 8.613029e+01 1.998057e+02 3.108419e+02 5.690469e+02  
5.855110e-01 8.431358e+01 1.963158e+02 3.059123e+02 5.611073e+02  
5.936727e-01 8.254551e+01 1.929077e+02 3.010881e+02 5.533143e+02  
6.019482e-01 8.083865e+01 1.896007e+02 2.963935e+02 5.457009e+02  
6.103390e-01 7.920103e+01 1.864068e+02 2.918431e+02 5.382864e+02  
6.188468e-01 7.762054e+01 1.833066e+02 2.874124e+02 5.310360e+02  
6.274732e-01 7.607871e+01 1.802715e+02 2.830650e+02 5.238994e+02  
6.362198e-01 7.456325e+01 1.772823e+02 2.787770e+02 5.168442e+02  
6.450884e-01 7.306731e+01 1.743286e+02 2.745352e+02 5.098531e+02  
6.540806e-01 7.159369e+01 1.714146e+02 2.703453e+02 5.029340e+02  
6.631981e-01 7.015140e+01 1.685542e+02 2.662244e+02 4.961099e+02  
6.724427e-01 6.874965e+01 1.657610e+02 2.621894e+02 4.894035e+02  
6.818162e-01 6.739209e+01 1.630403e+02 2.582467e+02 4.828224e+02  
6.913204e-01 6.607216e+01 1.603820e+02 2.543835e+02 4.763494e+02  
7.009570e-01 6.478488e+01 1.577783e+02 2.505901e+02 4.699712e+02  
7.107280e-01 6.352491e+01 1.552210e+02 2.468563e+02 4.636748e+02  
7.206351e-01 6.228800e+01 1.527038e+02 2.431743e+02 4.574498e+02  
7.306804e-01 6.107537e+01 1.502282e+02 2.395463e+02 4.512992e+02  
7.408657e-01 5.988963e+01 1.477982e+02 2.359768e+02 4.452286e+02  
7.511929e-01 5.873345e+01 1.454175e+02 2.324703e+02 4.392437e+02  
7.616642e-01 5.760736e+01 1.430868e+02 2.290274e+02 4.333448e+02  
7.722814e-01 5.650901e+01 1.408022e+02 2.256436e+02 4.275261e+02  
7.830465e-01 5.543562e+01 1.385598e+02 2.223137e+02 4.217808e+02  
7.939618e-01 5.438450e+01 1.363553e+02 2.190328e+02 4.161027e+02  
8.050292e-01 5.335515e+01 1.341880e+02 2.157999e+02 4.104907e+02  
8.162509e-01 5.234814e+01 1.320586e+02 2.126158e+02 4.049455e+02  
8.276289e-01 5.136401e+01 1.299677e+02 2.094812e+02 3.994678e+02  
8.391656e-01 5.040285e+01 1.279154e+02 2.063961e+02 3.940574e+02  
8.508632e-01 4.946379e+01 1.259002e+02 2.033586e+02 3.887120e+02  
8.627237e-01 4.854568e+01 1.239204e+02 2.003666e+02 3.834288e+02  
8.747496e-01 4.764728e+01 1.219741e+02 1.974180e+02 3.782051e+02  
8.869432e-01 4.676793e+01 1.200603e+02 1.945114e+02 3.730394e+02  
8.993067e-01 4.590739e+01 1.181786e+02 1.916462e+02 3.679308e+02  
9.118425e-01 4.506543e+01 1.163284e+02 1.888220e+02 3.628786e+02  
9.245531e-01 4.424171e+01 1.145093e+02 1.860379e+02 3.578818e+02  
9.374409e-01 4.343580e+01 1.127205e+02 1.832932e+02 3.529393e+02  
9.505083e-01 4.264722e+01 1.109613e+02 1.805868e+02 3.480499e+02  
9.637579e-01 4.187537e+01 1.092306e+02 1.779177e+02 3.432123e+02  
9.771921e-01 4.111976e+01 1.075279e+02 1.752849e+02 3.384253e+02  
9.908137e-01 4.038001e+01 1.058524e+02 1.726878e+02 3.336881e+02  
1.004625e+00 3.965570e+01 1.042035e+02 1.701254e+02 3.289997e+02  
1.018629e+00 3.894637e+01 1.025804e+02 1.675970e+02 3.243590e+02  
1.032828e+00 3.825165e+01 1.009827e+02 1.651018e+02 3.197654e+02  
1.047225e+00 3.757121e+01 9.940971e+01 1.626393e+02 3.152179e+02  
1.061823e+00 3.690465e+01 9.786090e+01 1.602088e+02 3.107159e+02  
1.076624e+00 3.625158e+01 9.633564e+01 1.578094e+02 3.062584e+02  
1.091632e+00 3.561168e+01 9.483344e+01 1.554406e+02 3.018449e+02  
1.106848e+00 3.498461e+01 9.335378e+01 1.531019e+02 2.974746e+02  
1.122277e+00 3.436998e+01 9.189607e+01 1.507926e+02 2.931469e+02  
1.137921e+00 3.376746e+01 9.045983e+01 1.485120e+02 2.888612e+02  
1.153783e+00 3.317680e+01 8.904466e+01 1.462598e+02 2.846169e+02  
1.169866e+00 3.259770e+01 8.765009e+01 1.440354e+02 2.804135e+02  
1.186174e+00 3.202983e+01 8.627566e+01 1.418382e+02 2.762504e+02  
1.202708e+00 3.147295e+01 8.492098e+01 1.396679e+02 2.721273e+02  
1.219473e+00 3.092680e+01 8.358568e+01 1.375240e+02 2.680436e+02  
1.236472e+00 3.039109e+01 8.226932e+01 1.354060e+02 2.639990e+02  
1.253708e+00 2.986555e+01 8.097150e+01 1.333136e+02 2.599930e+02  
1.271184e+00 2.934993e+01 7.969188e+01 1.312462e+02 2.560252e+02  
1.288904e+00 2.884399e+01 7.843007e+01 1.292035e+02 2.520953e+02  
1.306870e+00 2.834744e+01 7.718569e+01 1.271850e+02 2.482030e+02  
1.325087e+00 2.786005e+01 7.595842e+01 1.251905e+02 2.443478e+02  
1.343558e+00 2.738162e+01 7.474795e+01 1.232196e+02 2.405296e+02  
1.362287e+00 2.691194e+01 7.355396e+01 1.212719e+02 2.367481e+02  
1.381276e+00 2.645077e+01 7.237614e+01 1.193471e+02 2.330030e+02  
1.400531e+00 2.599792e+01 7.121423e+01 1.174450e+02 2.292942e+02  
1.420053e+00 2.555321e+01 7.006795e+01 1.155652e+02 2.256213e+02  
1.439848e+00 2.511642e+01 6.893700e+01 1.137074e+02 2.219843e+02  
1.459919e+00 2.468736e+01 6.782112e+01 1.118714e+02 2.183828e+02  
1.480269e+00 2.426586e+01 6.672008e+01 1.100569e+02 2.148169e+02  
1.500903e+00 2.385175e+01 6.563363e+01 1.082636e+02 2.112863e+02  
1.521825e+00 2.344481e+01 6.456151e+01 1.064913e+02 2.077909e+02  
1.543038e+00 2.304492e+01 6.350350e+01 1.047398e+02 2.043305e+02  
1.564548e+00 2.265190e+01 6.245940e+01 1.030089e+02 2.009052e+02  
1.586357e+00 2.226559e+01 6.142898e+01 1.012982e+02 1.975147e+02  
1.608469e+00 2.188583e+01 6.041203e+01 9.960773e+01 1.941590e+02  
1.630891e+00 2.151249e+01 5.940837e+01 9.793716e+01 1.908381e+02  
1.653624e+00 2.114543e+01 5.841781e+01 9.628633e+01 1.875518e+02  
1.676675e+00 2.078450e+01 5.744014e+01 9.465504e+01 1.843002e+02  
1.700047e+00 2.042955e+01 5.647520e+01 9.304314e+01 1.810831e+02  
1.723745e+00 2.008048e+01 5.552283e+01 9.145044e+01 1.779006e+02  
1.747773e+00 1.973715e+01 5.458285e+01 8.987679e+01 1.747526e+02  
1.772136e+00 1.939943e+01 5.365509e+01 8.832202e+01 1.716391e+02  
1.796838e+00 1.906721e+01 5.273941e+01 8.678598e+01 1.685600e+02  
1.821885e+00 1.874037e+01 5.183566e+01 8.526853e+01 1.655154e+02  
1.847281e+00 1.841879e+01 5.094367e+01 8.376951e+01 1.625053e+02  
1.873032e+00 1.810235e+01 5.006330e+01 8.228879e+01 1.595296e+02  
1.899141e+00 1.779097e+01 4.919444e+01 8.082623e+01 1.565884e+02  
1.925614e+00 1.748453e+01 4.833694e+01 7.938171e+01 1.536817e+02  
1.952456e+00 1.718294e+01 4.749067e+01 7.795510e+01 1.508094e+02  
1.979672e+00 1.688610e+01 4.665551e+01 7.654629e+01 1.479715e+02  
2.007267e+00 1.659394e+01 4.583135e+01 7.515514e+01 1.451682e+02  
2.035248e+00 1.630634e+01 4.501806e+01 7.378156e+01 1.423993e+02  
2.063618e+00 1.602322e+01 4.421552e+01 7.242541e+01 1.396648e+02  
2.092383e+00 1.574451e+01 4.342364e+01 7.108659e+01 1.369649e+02  
2.121550e+00 1.547011e+01 4.264229e+01 6.976500e+01 1.342994e+02  
2.151123e+00 1.519993e+01 4.187137e+01 6.846053e+01 1.316684e+02  
2.181109e+00 1.493391e+01 4.111077e+01 6.717306e+01 1.290718e+02  
2.211512e+00 1.467197e+01 4.036041e+01 6.590251e+01 1.265097e+02  
2.242340e+00 1.441403e+01 3.962017e+01 6.464878e+01 1.239820e+02  
2.273597e+00 1.416004e+01 3.888997e+01 6.341176e+01 1.214887e+02  
2.305289e+00 1.390991e+01 3.816971e+01 6.219136e+01 1.190298e+02  
2.337424e+00 1.366358e+01 3.745930e+01 6.098748e+01 1.166052e+02  
2.370006e+00 1.342099e+01 3.675865e+01 5.980003e+01 1.142149e+02  
2.403043e+00 1.318206e+01 3.606766e+01 5.862891e+01 1.118588e+02  
2.436540e+00 1.294674e+01 3.538626e+01 5.747404e+01 1.095369e+02  
2.470504e+00 1.271498e+01 3.471435e+01 5.633532e+01 1.072492e+02  
2.504942e+00 1.248670e+01 3.405187e+01 5.521266e+01 1.049954e+02  
2.539859e+00 1.226187e+01 3.339872e+01 5.410596e+01 1.027757e+02  
2.575263e+00 1.204043e+01 3.275482e+01 5.301515e+01 1.005897e+02  
2.611161e+00 1.182231e+01 3.212009e+01 5.194012e+01 9.843756e+01  
2.647559e+00 1.160747e+01 3.149446e+01 5.088078e+01 9.631901e+01  
2.684465e+00 1.139586e+01 3.087785e+01 4.983705e+01 9.423397e+01  
2.721885e+00 1.118743e+01 3.027018e+01 4.880884e+01 9.218231e+01  
2.759826e+00 1.098213e+01 2.967137e+01 4.779604e+01 9.016387e+01  
2.798297e+00 1.077992e+01 2.908136e+01 4.679858e+01 8.817851e+01  
2.837304e+00 1.058075e+01 2.850006e+01 4.581636e+01 8.622605e+01  
2.876854e+00 1.038458e+01 2.792741e+01 4.484928e+01 8.430632e+01  
2.916956e+00 1.019136e+01 2.736332e+01 4.389725e+01 8.241914e+01  
2.957617e+00 1.000106e+01 2.680774e+01 4.296017e+01 8.056430e+01  
2.998844e+00 9.813635e+00 2.626058e+01 4.203795e+01 7.874160e+01  
3.040646e+00 9.629045e+00 2.572179e+01 4.113049e+01 7.695082e+01  
3.083031e+00 9.447250e+00 2.519127e+01 4.023770e+01 7.519173e+01  
3.126007e+00 9.268215e+00 2.466898e+01 3.935946e+01 7.346410e+01  
3.169582e+00 9.091903e+00 2.415482e+01 3.849569e+01 7.176768e+01  
3.213764e+00 8.918276e+00 2.364875e+01 3.764627e+01 7.010222e+01  
3.258562e+00 8.747299e+00 2.315068e+01 3.681111e+01 6.846745e+01  
3.303985e+00 8.578940e+00 2.266055e+01 3.599009e+01 6.686311e+01  
3.350041e+00 8.413166e+00 2.217829e+01 3.518311e+01 6.528890e+01  
3.396739e+00 8.249944e+00 2.170383e+01 3.439005e+01 6.374455e+01  
3.444087e+00 8.089241e+00 2.123711e+01 3.361081e+01 6.222976e+01  
3.492096e+00 7.931028e+00 2.077804e+01 3.284528e+01 6.074422e+01  
3.540774e+00 7.775272e+00 2.032657e+01 3.209333e+01 5.928763e+01  
3.590130e+00 7.621943e+00 1.988263e+01 3.135484e+01 5.785967e+01  
3.640175e+00 7.471013e+00 1.944615e+01 3.062971e+01 5.646002e+01  
3.690917e+00 7.322451e+00 1.901706e+01 2.991781e+01 5.508836e+01  
3.742366e+00 7.176229e+00 1.859529e+01 2.921900e+01 5.374435e+01  
3.794533e+00 7.032320e+00 1.818077e+01 2.853318e+01 5.242765e+01  
3.847427e+00 6.890696e+00 1.777344e+01 2.786021e+01 5.113793e+01  
3.901058e+00 6.751329e+00 1.737322e+01 2.719996e+01 4.987484e+01  
3.955436e+00 6.614193e+00 1.698005e+01 2.655230e+01 4.863802e+01  
4.010573e+00 6.479262e+00 1.659385e+01 2.591710e+01 4.742714e+01  
4.066478e+00 6.346510e+00 1.621457e+01 2.529422e+01 4.624183e+01  
4.123163e+00 6.215912e+00 1.584212e+01 2.468353e+01 4.508174e+01  
4.180637e+00 6.087441e+00 1.547644e+01 2.408489e+01 4.394650e+01  
4.238913e+00 5.961073e+00 1.511746e+01 2.349815e+01 4.283576e+01  
4.298001e+00 5.836785e+00 1.476511e+01 2.292318e+01 4.174915e+01  
4.357913e+00 5.714550e+00 1.441932e+01 2.235983e+01 4.068631e+01  
4.418660e+00 5.594346e+00 1.408001e+01 2.180796e+01 3.964687e+01  
4.480254e+00 5.476149e+00 1.374712e+01 2.126743e+01 3.863046e+01  
4.542706e+00 5.359936e+00 1.342057e+01 2.073808e+01 3.763673e+01  
4.606029e+00 5.245682e+00 1.310029e+01 2.021977e+01 3.666530e+01  
4.670234e+00 5.133366e+00 1.278621e+01 1.971235e+01 3.571581e+01  
4.735335e+00 5.022964e+00 1.247826e+01 1.921566e+01 3.478789e+01  
4.801343e+00 4.914453e+00 1.217637e+01 1.872957e+01 3.388117e+01  
4.868271e+00 4.807812e+00 1.188045e+01 1.825392e+01 3.299530e+01  
4.936132e+00 4.703018e+00 1.159044e+01 1.778855e+01 3.212992e+01  
5.004939e+00 4.600050e+00 1.130627e+01 1.733331e+01 3.128465e+01  
5.074705e+00 4.498885e+00 1.102785e+01 1.688806e+01 3.045914e+01  
5.145444e+00 4.399502e+00 1.075512e+01 1.645263e+01 2.965304e+01  
5.217169e+00 4.301879e+00 1.048800e+01 1.602688e+01 2.886598e+01  
5.289893e+00 4.205995e+00 1.022642e+01 1.561065e+01 2.809762e+01  
5.363631e+00 4.111829e+00 9.970291e+00 1.520379e+01 2.734760e+01  
5.438397e+00 4.019360e+00 9.719551e+00 1.480615e+01 2.661558e+01  
5.514206e+00 3.928567e+00 9.474120e+00 1.441757e+01 2.590121e+01  
5.591071e+00 3.839429e+00 9.233922e+00 1.403789e+01 2.520415e+01  
5.669007e+00 3.751925e+00 8.998883e+00 1.366698e+01 2.452407e+01  
5.748030e+00 3.666036e+00 8.768925e+00 1.330468e+01 2.386061e+01  
5.828155e+00 3.581740e+00 8.543973e+00 1.295083e+01 2.321346e+01  
5.909396e+00 3.499018e+00 8.323951e+00 1.260528e+01 2.258228e+01  
5.991770e+00 3.417849e+00 8.108784e+00 1.226790e+01 2.196674e+01  
6.075292e+00 3.338214e+00 7.898395e+00 1.193852e+01 2.136654e+01  
6.159978e+00 3.260092e+00 7.692708e+00 1.161701e+01 2.078133e+01  
6.245845e+00 3.183464e+00 7.491648e+00 1.130321e+01 2.021083e+01  
6.332908e+00 3.108310e+00 7.295139e+00 1.099697e+01 1.965470e+01  
6.421186e+00 3.034610e+00 7.103107e+00 1.069817e+01 1.911265e+01  
6.510694e+00 2.962346e+00 6.915475e+00 1.040664e+01 1.858438e+01  
6.601449e+00 2.891497e+00 6.732169e+00 1.012225e+01 1.806958e+01  
6.693470e+00 2.822045e+00 6.553114e+00 9.844864e+00 1.756796e+01  
6.786773e+00 2.753970e+00 6.378236e+00 9.574335e+00 1.707924e+01  
6.881377e+00 2.687254e+00 6.207462e+00 9.310528e+00 1.660312e+01  
6.977300e+00 2.621877e+00 6.040717e+00 9.053307e+00 1.613933e+01  
7.074559e+00 2.557821e+00 5.877930e+00 8.802535e+00 1.568759e+01  
7.173175e+00 2.495067e+00 5.719026e+00 8.558081e+00 1.524763e+01  
7.273165e+00 2.433597e+00 5.563935e+00 8.319811e+00 1.481917e+01  
7.374549e+00 2.373392e+00 5.412584e+00 8.087596e+00 1.440196e+01  
7.477346e+00 2.314433e+00 5.264904e+00 7.861307e+00 1.399573e+01  
7.581576e+00 2.256703e+00 5.120822e+00 7.640818e+00 1.360024e+01  
7.687260e+00 2.200183e+00 4.980270e+00 7.426002e+00 1.321522e+01  
7.794416e+00 2.144855e+00 4.843178e+00 7.216736e+00 1.284044e+01  
7.903066e+00 2.090701e+00 4.709478e+00 7.012899e+00 1.247565e+01  
8.013230e+00 2.037704e+00 4.579102e+00 6.814370e+00 1.212061e+01  
8.124930e+00 1.985846e+00 4.451983e+00 6.621031e+00 1.177510e+01  
8.238187e+00 1.935108e+00 4.328054e+00 6.432765e+00 1.143888e+01  
8.353023e+00 1.885474e+00 4.207250e+00 6.249458e+00 1.111172e+01  
8.469460e+00 1.836926e+00 4.089506e+00 6.070996e+00 1.079342e+01  
8.587519e+00 1.789446e+00 3.974758e+00 5.897269e+00 1.048374e+01  
8.707225e+00 1.743018e+00 3.862942e+00 5.728166e+00 1.018249e+01  
8.828599e+00 1.697625e+00 3.753997e+00 5.563581e+00 9.889445e+00  
8.951665e+00 1.653248e+00 3.647859e+00 5.403408e+00 9.604411e+00  
9.076446e+00 1.609872e+00 3.544469e+00 5.247542e+00 9.327187e+00  
9.202967e+00 1.567480e+00 3.443766e+00 5.095882e+00 9.057578e+00  
9.331251e+00 1.526055e+00 3.345691e+00 4.948328e+00 8.795391e+00  
9.461324e+00 1.485580e+00 3.250186e+00 4.804780e+00 8.540440e+00  
9.593209e+00 1.446039e+00 3.157192e+00 4.665142e+00 8.292541e+00  
9.726934e+00 1.407415e+00 3.066655e+00 4.529319e+00 8.051515e+00  
9.862522e+00 1.369693e+00 2.978517e+00 4.397219e+00 7.817186e+00  
1.000000e+01 1.332857e+00 2.892724e+00 4.268749e+00 7.589384e+00  
