1.000000e-02 4.957305e+03 9.005030e+03 1.214211e+04 1.799205e+04  
1.013939e-02 4.984906e+03 9.054978e+03 1.220927e+04 1.809113e+04  
1.028073e-02 5.012093e+03 9.104167e+03 1.227541e+04 1.818867e+04  
1.042404e-02 5.038847e+03 9.152568e+03 1.234047e+04 1.828462e+04  
1.056935e-02 5.065153e+03 9.200148e+03 1.240443e+04 1.837892e+04  
1.071668e-02 5.090992e+03 9.246875e+03 1.246723e+04 1.847150e+04  
1.086606e-02 5.116347e+03 9.292717e+03 1.252884e+04 1.856229e+04  
1.101753e-02 5.141200e+03 9.337643e+03 1.258920e+04 1.865123e+04  
1.117111e-02 5.165534e+03 9.381621e+03 1.264828e+04 1.873826e+04  
1.132683e-02 5.189330e+03 9.424617e+03 1.270603e+04 1.882332e+04  
1.148472e-02 5.212571e+03 9.466600e+03 1.276242e+04 1.890633e+04  
1.164481e-02 5.235240e+03 9.507538e+03 1.281739e+04 1.898724e+04  
1.180713e-02 5.257318e+03 9.547400e+03 1.287090e+04 1.906598e+04  
1.197171e-02 5.278790e+03 9.586153e+03 1.292291e+04 1.914250e+04  
1.213859e-02 5.299637e+03 9.623767e+03 1.297338e+04 1.921672e+04  
1.230780e-02 5.319841e+03 9.660208e+03 1.302227e+04 1.928858e+04  
1.247936e-02 5.339383e+03 9.695441e+03 1.306953e+04 1.935801e+04  
1.265332e-02 5.358242e+03 9.729427e+03 1.311509e+04 1.942494e+04  
1.282970e-02 5.376396e+03 9.762130e+03 1.315893e+04 1.948929e+04  
1.300854e-02 5.393826e+03 9.793513e+03 1.320098e+04 1.955098e+04  
1.318987e-02 5.410512e+03 9.823538e+03 1.324119e+04 1.960995e+04  
1.337373e-02 5.426434e+03 9.852170e+03 1.327952e+04 1.966612e+04  
1.356015e-02 5.441570e+03 9.879371e+03 1.331592e+04 1.971942e+04  
1.374917e-02 5.455903e+03 9.905108e+03 1.335034e+04 1.976977e+04  
1.394083e-02 5.469413e+03 9.929344e+03 1.338273e+04 1.981712e+04  
1.413516e-02 5.482081e+03 9.952047e+03 1.341305e+04 1.986139e+04  
1.433219e-02 5.493889e+03 9.973184e+03 1.344126e+04 1.990252e+04  
1.453198e-02 5.504819e+03 9.992721e+03 1.346730e+04 1.994045e+04  
1.473454e-02 5.514854e+03 1.001063e+04 1.349114e+04 1.997510e+04  
1.493993e-02 5.523977e+03 1.002687e+04 1.351274e+04 2.000643e+04  
1.514819e-02 5.532168e+03 1.004142e+04 1.353205e+04 2.003436e+04  
1.535935e-02 5.539408e+03 1.005424e+04 1.354902e+04 2.005881e+04  
1.557345e-02 5.545678e+03 1.006529e+04 1.356361e+04 2.007973e+04  
1.579053e-02 5.550958e+03 1.007454e+04 1.357576e+04 2.009705e+04  
1.601064e-02 5.555231e+03 1.008196e+04 1.358544e+04 2.011069e+04  
1.623382e-02 5.558479e+03 1.008751e+04 1.359260e+04 2.012060e+04  
1.646012e-02 5.560685e+03 1.009116e+04 1.359720e+04 2.012671e+04  
1.668956e-02 5.561833e+03 1.009289e+04 1.359921e+04 2.012897e+04  
1.692220e-02 5.561906e+03 1.009267e+04 1.359857e+04 2.012733e+04  
1.715809e-02 5.560889e+03 1.009046e+04 1.359526e+04 2.012172e+04  
1.739726e-02 5.558768e+03 1.008625e+04 1.358924e+04 2.011209e+04  
1.763977e-02 5.555530e+03 1.008000e+04 1.358048e+04 2.009840e+04  
1.788566e-02 5.551163e+03 1.007170e+04 1.356896e+04 2.008061e+04  
1.813498e-02 5.545655e+03 1.006133e+04 1.355463e+04 2.005868e+04  
1.838777e-02 5.538996e+03 1.004886e+04 1.353748e+04 2.003257e+04  
1.864409e-02 5.531172e+03 1.003428e+04 1.351748e+04 2.000222e+04  
1.890397e-02 5.522170e+03 1.001755e+04 1.349459e+04 1.996761e+04  
1.916748e-02 5.511980e+03 9.998670e+03 1.346879e+04 1.992869e+04  
1.943467e-02 5.500593e+03 9.977613e+03 1.344006e+04 1.988542e+04  
1.970558e-02 5.488000e+03 9.954366e+03 1.340837e+04 1.983779e+04  
1.998026e-02 5.474197e+03 9.928920e+03 1.337372e+04 1.978577e+04  
2.025878e-02 5.459178e+03 9.901267e+03 1.333610e+04 1.972935e+04  
2.054117e-02 5.442939e+03 9.871400e+03 1.329549e+04 1.966851e+04  
2.082751e-02 5.425479e+03 9.839314e+03 1.325189e+04 1.960325e+04  
2.111783e-02 5.406797e+03 9.805012e+03 1.320531e+04 1.953357e+04  
2.141220e-02 5.386895e+03 9.768497e+03 1.315575e+04 1.945949e+04  
2.171068e-02 5.365780e+03 9.729780e+03 1.310321e+04 1.938102e+04  
2.201331e-02 5.343459e+03 9.688875e+03 1.304773e+04 1.929819e+04  
2.232016e-02 5.319939e+03 9.645797e+03 1.298933e+04 1.921103e+04  
2.263130e-02 5.295225e+03 9.600552e+03 1.292800e+04 1.911957e+04  
2.294676e-02 5.269321e+03 9.553152e+03 1.286378e+04 1.902381e+04  
2.326663e-02 5.242235e+03 9.503610e+03 1.279667e+04 1.892379e+04  
2.359095e-02 5.213979e+03 9.451946e+03 1.272670e+04 1.881955e+04  
2.391980e-02 5.184565e+03 9.398186e+03 1.265391e+04 1.871114e+04  
2.425323e-02 5.154011e+03 9.342361e+03 1.257835e+04 1.859863e+04  
2.459130e-02 5.122336e+03 9.284505e+03 1.250005e+04 1.848209e+04  
2.493409e-02 5.089557e+03 9.224653e+03 1.241906e+04 1.836158e+04  
2.528166e-02 5.055696e+03 9.162841e+03 1.233544e+04 1.823717e+04  
2.563407e-02 5.020775e+03 9.099112e+03 1.224924e+04 1.810897e+04  
2.599140e-02 4.984821e+03 9.033516e+03 1.216053e+04 1.797706e+04  
2.635371e-02 4.947868e+03 8.966113e+03 1.206939e+04 1.784156e+04  
2.672106e-02 4.909949e+03 8.896966e+03 1.197590e+04 1.770261e+04  
2.709354e-02 4.871105e+03 8.826147e+03 1.188017e+04 1.756034e+04  
2.747121e-02 4.831367e+03 8.753714e+03 1.178227e+04 1.741488e+04  
2.785414e-02 4.790768e+03 8.679727e+03 1.168228e+04 1.726634e+04  
2.824241e-02 4.749343e+03 8.604250e+03 1.158029e+04 1.711486e+04  
2.863610e-02 4.707131e+03 8.527356e+03 1.147640e+04 1.696058e+04  
2.903527e-02 4.664178e+03 8.449125e+03 1.137072e+04 1.680365e+04  
2.944000e-02 4.620532e+03 8.369648e+03 1.126336e+04 1.664427e+04  
2.985038e-02 4.576247e+03 8.289022e+03 1.115447e+04 1.648262e+04  
3.026648e-02 4.531369e+03 8.207331e+03 1.104414e+04 1.631888e+04  
3.068838e-02 4.485944e+03 8.124657e+03 1.093250e+04 1.615321e+04  
3.111616e-02 4.440019e+03 8.041088e+03 1.081967e+04 1.598578e+04  
3.154990e-02 4.393646e+03 7.956718e+03 1.070576e+04 1.581678e+04  
3.198969e-02 4.346884e+03 7.871653e+03 1.059093e+04 1.564643e+04  
3.243561e-02 4.299795e+03 7.786006e+03 1.047532e+04 1.547495e+04  
3.288774e-02 4.252446e+03 7.699899e+03 1.035910e+04 1.530258e+04  
3.334618e-02 4.204896e+03 7.613440e+03 1.024241e+04 1.512954e+04  
3.381101e-02 4.157197e+03 7.526719e+03 1.012538e+04 1.495601e+04  
3.428231e-02 4.109399e+03 7.439833e+03 1.000814e+04 1.478219e+04  
3.476019e-02 4.061561e+03 7.352885e+03 9.890820e+03 1.460827e+04  
3.524473e-02 4.013743e+03 7.265985e+03 9.773577e+03 1.443448e+04  
3.573602e-02 3.966011e+03 7.179252e+03 9.656568e+03 1.426106e+04  
3.623416e-02 3.918435e+03 7.092812e+03 9.539964e+03 1.408826e+04  
3.673925e-02 3.871080e+03 7.006784e+03 9.423923e+03 1.391631e+04  
3.725137e-02 3.823997e+03 6.921261e+03 9.308571e+03 1.374540e+04  
3.777064e-02 3.777241e+03 6.836339e+03 9.194039e+03 1.357573e+04  
3.829714e-02 3.730867e+03 6.752119e+03 9.080462e+03 1.340749e+04  
3.883098e-02 3.684934e+03 6.668710e+03 8.967985e+03 1.324091e+04  
3.937226e-02 3.639506e+03 6.586225e+03 8.856761e+03 1.307620e+04  
3.992109e-02 3.594650e+03 6.504782e+03 8.746952e+03 1.291360e+04  
4.047757e-02 3.550423e+03 6.424489e+03 8.638699e+03 1.275333e+04  
4.104181e-02 3.506854e+03 6.345397e+03 8.532070e+03 1.259550e+04  
4.161391e-02 3.463966e+03 6.267544e+03 8.427121e+03 1.244017e+04  
4.219398e-02 3.421781e+03 6.190973e+03 8.323906e+03 1.228743e+04  
4.278214e-02 3.380321e+03 6.115723e+03 8.222478e+03 1.213737e+04  
4.337850e-02 3.339609e+03 6.041831e+03 8.122889e+03 1.199005e+04  
4.398317e-02 3.299665e+03 5.969338e+03 8.025191e+03 1.184556e+04  
4.459628e-02 3.260513e+03 5.898284e+03 7.929440e+03 1.170398e+04  
4.521792e-02 3.222188e+03 5.828733e+03 7.835720e+03 1.156544e+04  
4.584824e-02 3.184730e+03 5.760755e+03 7.744127e+03 1.143007e+04  
4.648734e-02 3.148180e+03 5.694422e+03 7.654757e+03 1.129803e+04  
4.713535e-02 3.112578e+03 5.629809e+03 7.567711e+03 1.116946e+04  
4.779239e-02 3.077966e+03 5.566991e+03 7.483090e+03 1.104452e+04  
4.845859e-02 3.044390e+03 5.506045e+03 7.400996e+03 1.092335e+04  
4.913407e-02 3.011870e+03 5.447013e+03 7.321486e+03 1.080605e+04  
4.981898e-02 2.980359e+03 5.389804e+03 7.244439e+03 1.069243e+04  
5.051342e-02 2.949785e+03 5.334290e+03 7.169680e+03 1.058224e+04  
5.121755e-02 2.920068e+03 5.280324e+03 7.097016e+03 1.047519e+04  
5.193150e-02 2.891117e+03 5.227746e+03 7.026229e+03 1.037097e+04  
5.265540e-02 2.862835e+03 5.176377e+03 6.957078e+03 1.026921e+04  
5.338938e-02 2.835116e+03 5.126030e+03 6.889314e+03 1.016955e+04  
5.413360e-02 2.807903e+03 5.076598e+03 6.822794e+03 1.007178e+04  
5.488820e-02 2.781157e+03 5.028013e+03 6.757424e+03 9.975754e+03  
5.565331e-02 2.754835e+03 4.980197e+03 6.693101e+03 9.881331e+03  
5.642908e-02 2.728889e+03 4.933063e+03 6.629707e+03 9.788336e+03  
5.721568e-02 2.703266e+03 4.886515e+03 6.567116e+03 9.696578e+03  
5.801323e-02 2.677902e+03 4.840440e+03 6.505174e+03 9.605833e+03  
5.882190e-02 2.652711e+03 4.794682e+03 6.443672e+03 9.515792e+03  
5.964185e-02 2.627592e+03 4.749061e+03 6.382369e+03 9.426096e+03  
6.047322e-02 2.602437e+03 4.703383e+03 6.321005e+03 9.336359e+03  
6.131619e-02 2.577127e+03 4.657435e+03 6.259294e+03 9.246157e+03  
6.217090e-02 2.551537e+03 4.610993e+03 6.196934e+03 9.155040e+03  
6.303753e-02 2.525569e+03 4.563885e+03 6.133696e+03 9.062666e+03  
6.391624e-02 2.499150e+03 4.515977e+03 6.069400e+03 8.968765e+03  
6.480720e-02 2.472199e+03 4.467126e+03 6.003853e+03 8.873049e+03  
6.571058e-02 2.444628e+03 4.417178e+03 5.936849e+03 8.775209e+03  
6.662655e-02 2.416347e+03 4.365971e+03 5.868171e+03 8.674917e+03  
6.755528e-02 2.387286e+03 4.313382e+03 5.797652e+03 8.571923e+03  
6.849697e-02 2.357388e+03 4.259311e+03 5.725161e+03 8.466024e+03  
6.945178e-02 2.326595e+03 4.203655e+03 5.650556e+03 8.357007e+03  
7.041990e-02 2.294843e+03 4.146304e+03 5.573690e+03 8.244646e+03  
7.140151e-02 2.262080e+03 4.087163e+03 5.494437e+03 8.128748e+03  
7.239681e-02 2.228305e+03 4.026234e+03 5.412799e+03 8.009310e+03  
7.340598e-02 2.193534e+03 3.963551e+03 5.328819e+03 7.886390e+03  
7.442922e-02 2.157789e+03 3.899148e+03 5.242545e+03 7.760055e+03  
7.546673e-02 2.121092e+03 3.833072e+03 5.154040e+03 7.630390e+03  
7.651869e-02 2.083501e+03 3.765427e+03 5.063440e+03 7.497596e+03  
7.758532e-02 2.045099e+03 3.696363e+03 4.970950e+03 7.361973e+03  
7.866682e-02 2.005982e+03 3.626050e+03 4.876796e+03 7.223852e+03  
7.976339e-02 1.966250e+03 3.554672e+03 4.781225e+03 7.083599e+03  
8.087525e-02 1.926024e+03 3.482442e+03 4.684524e+03 6.941640e+03  
8.200261e-02 1.885442e+03 3.409612e+03 4.587028e+03 6.798473e+03  
8.314568e-02 1.844658e+03 3.336450e+03 4.489100e+03 6.654638e+03  
8.430468e-02 1.803832e+03 3.263248e+03 4.391130e+03 6.510718e+03  
8.547985e-02 1.763122e+03 3.190284e+03 4.293492e+03 6.367270e+03  
8.667139e-02 1.722679e+03 3.117827e+03 4.196547e+03 6.224834e+03  
8.787954e-02 1.682665e+03 3.046166e+03 4.100681e+03 6.083991e+03  
8.910453e-02 1.643250e+03 2.975602e+03 4.006301e+03 5.945348e+03  
9.034660e-02 1.604589e+03 2.906411e+03 3.913775e+03 5.809458e+03  
9.160598e-02 1.566837e+03 2.838867e+03 3.823470e+03 5.676872e+03  
9.288292e-02 1.530159e+03 2.773261e+03 3.735778e+03 5.548183e+03  
9.417766e-02 1.494704e+03 2.709857e+03 3.651051e+03 5.423917e+03  
9.549045e-02 1.460586e+03 2.648856e+03 3.569561e+03 5.304487e+03  
9.682153e-02 1.427924e+03 2.590465e+03 3.491585e+03 5.190310e+03  
9.817117e-02 1.396841e+03 2.534903e+03 3.417414e+03 5.081829e+03  
9.953962e-02 1.367437e+03 2.482343e+03 3.347282e+03 4.979398e+03  
1.009272e-01 1.339737e+03 2.432826e+03 3.281243e+03 4.883105e+03  
1.023340e-01 1.313751e+03 2.386368e+03 3.219320e+03 4.792986e+03  
1.037605e-01 1.289487e+03 2.342980e+03 3.161525e+03 4.709068e+03  
1.052069e-01 1.266915e+03 2.302606e+03 3.107785e+03 4.631246e+03  
1.066734e-01 1.245927e+03 2.265052e+03 3.057838e+03 4.559133e+03  
1.081604e-01 1.226393e+03 2.230083e+03 3.011370e+03 4.492263e+03  
1.096681e-01 1.208165e+03 2.197439e+03 2.968031e+03 4.430116e+03  
1.111968e-01 1.191077e+03 2.166820e+03 2.927419e+03 4.372089e+03  
1.127468e-01 1.174932e+03 2.137879e+03 2.889068e+03 4.317485e+03  
1.143184e-01 1.159518e+03 2.110236e+03 2.852469e+03 4.265538e+03  
1.159120e-01 1.144607e+03 2.083492e+03 2.817084e+03 4.215437e+03  
1.175277e-01 1.129996e+03 2.057285e+03 2.782428e+03 4.166448e+03  
1.191660e-01 1.115477e+03 2.031247e+03 2.748005e+03 4.117817e+03  
1.208271e-01 1.100825e+03 2.004982e+03 2.713282e+03 4.068733e+03  
1.225114e-01 1.085844e+03 1.978147e+03 2.677797e+03 4.018486e+03  
1.242191e-01 1.070370e+03 1.950450e+03 2.641156e+03 3.966472e+03  
1.259506e-01 1.054226e+03 1.921584e+03 2.602944e+03 3.912045e+03  
1.277063e-01 1.037269e+03 1.891296e+03 2.562821e+03 3.854678e+03  
1.294865e-01 1.019430e+03 1.859469e+03 2.520622e+03 3.794108e+03  
1.312915e-01 1.000646e+03 1.825990e+03 2.476199e+03 3.730095e+03  
1.331216e-01 9.808886e+02 1.790814e+03 2.429487e+03 3.662528e+03  
1.349772e-01 9.602285e+02 1.754067e+03 2.380653e+03 3.591655e+03  
1.368587e-01 9.387586e+02 1.715914e+03 2.329919e+03 3.517804e+03  
1.387665e-01 9.166013e+02 1.676572e+03 2.277577e+03 3.441416e+03  
1.407008e-01 8.939372e+02 1.636359e+03 2.224054e+03 3.363142e+03  
1.426621e-01 8.709692e+02 1.595634e+03 2.169833e+03 3.283717e+03  
1.446507e-01 8.479080e+02 1.554766e+03 2.115412e+03 3.203906e+03  
1.466671e-01 8.249676e+02 1.514132e+03 2.061298e+03 3.124486e+03  
1.487115e-01 8.023755e+02 1.474131e+03 2.008029e+03 3.046283e+03  
1.507845e-01 7.803413e+02 1.435130e+03 1.956099e+03 2.970056e+03  
1.528864e-01 7.590618e+02 1.397472e+03 1.905971e+03 2.896520e+03  
1.550175e-01 7.387364e+02 1.361506e+03 1.858114e+03 2.826396e+03  
1.571784e-01 7.195247e+02 1.327510e+03 1.812902e+03 2.760261e+03  
1.593694e-01 7.015798e+02 1.295749e+03 1.770692e+03 2.698668e+03  
1.615909e-01 6.850004e+02 1.266393e+03 1.731714e+03 2.641973e+03  
1.638434e-01 6.698051e+02 1.239472e+03 1.696007e+03 2.590243e+03  
1.661273e-01 6.559830e+02 1.214963e+03 1.663544e+03 2.543440e+03  
1.684430e-01 6.434093e+02 1.192648e+03 1.634026e+03 2.501116e+03  
1.707910e-01 6.319109e+02 1.172219e+03 1.607045e+03 2.462646e+03  
1.731717e-01 6.212847e+02 1.153322e+03 1.582119e+03 2.427298e+03  
1.755856e-01 6.112973e+02 1.135546e+03 1.558699e+03 2.394227e+03  
1.780332e-01 6.017135e+02 1.118480e+03 1.536231e+03 2.362582e+03  
1.805149e-01 5.923184e+02 1.101748e+03 1.514207e+03 2.331580e+03  
1.830312e-01 5.828978e+02 1.084978e+03 1.492123e+03 2.300440e+03  
1.855825e-01 5.732787e+02 1.067867e+03 1.469572e+03 2.268525e+03  
1.881694e-01 5.632968e+02 1.050130e+03 1.446167e+03 2.235231e+03  
1.907924e-01 5.528270e+02 1.031550e+03 1.421613e+03 2.200093e+03  
1.934520e-01 5.417656e+02 1.011948e+03 1.395666e+03 2.162725e+03  
1.961486e-01 5.300865e+02 9.912788e+02 1.368267e+03 2.123028e+03  
1.988828e-01 5.178182e+02 9.695941e+02 1.339482e+03 2.081103e+03  
2.016551e-01 5.050742e+02 9.470927e+02 1.309581e+03 2.037364e+03  
2.044661e-01 4.920317e+02 9.240838e+02 1.278982e+03 1.992463e+03  
2.073162e-01 4.788982e+02 9.009289e+02 1.248172e+03 1.947162e+03  
2.102061e-01 4.659019e+02 8.780246e+02 1.217690e+03 1.902299e+03  
2.131362e-01 4.532405e+02 8.557139e+02 1.187998e+03 1.858598e+03  
2.161073e-01 4.410911e+02 8.343031e+02 1.159510e+03 1.816705e+03  
2.191197e-01 4.295812e+02 8.140123e+02 1.132524e+03 1.777085e+03  
2.221741e-01 4.188092e+02 7.950100e+02 1.107267e+03 1.740094e+03  
2.252711e-01 4.088240e+02 7.773794e+02 1.083851e+03 1.705908e+03  
2.284112e-01 3.996357e+02 7.611359e+02 1.062297e+03 1.674562e+03  
2.315951e-01 3.911929e+02 7.461889e+02 1.042483e+03 1.645868e+03  
2.348235e-01 3.833991e+02 7.323694e+02 1.024180e+03 1.619474e+03  
2.380968e-01 3.761129e+02 7.194321e+02 1.007058e+03 1.594865e+03  
2.414157e-01 3.691724e+02 7.070959e+02 9.907379e+02 1.571454e+03  
2.447809e-01 3.624042e+02 6.950610e+02 9.748137e+02 1.548607e+03  
2.481930e-01 3.556390e+02 6.830351e+02 9.588908e+02 1.525708e+03  
2.516527e-01 3.487343e+02 6.707724e+02 9.426366e+02 1.502236e+03  
2.551606e-01 3.415888e+02 6.580986e+02 9.258152e+02 1.477821e+03  
2.587174e-01 3.341652e+02 6.449506e+02 9.083410e+02 1.452327e+03  
2.623238e-01 3.264816e+02 6.313604e+02 8.902575e+02 1.425823e+03  
2.659804e-01 3.186146e+02 6.174607e+02 8.717445e+02 1.398590e+03  
2.696881e-01 3.106797e+02 6.034510e+02 8.530721e+02 1.371055e+03  
2.734474e-01 3.028060e+02 5.895538e+02 8.345414e+02 1.343690e+03  
2.772591e-01 2.951142e+02 5.759761e+02 8.164325e+02 1.316934e+03  
2.811239e-01 2.877115e+02 5.629019e+02 7.989940e+02 1.291179e+03  
2.850426e-01 2.806840e+02 5.504779e+02 7.824240e+02 1.266734e+03  
2.890160e-01 2.740855e+02 5.387951e+02 7.668451e+02 1.243791e+03  
2.930447e-01 2.679241e+02 5.278661e+02 7.522741e+02 1.222376e+03  
2.971296e-01 2.621602e+02 5.176220e+02 7.386176e+02 1.202345e+03  
3.012714e-01 2.567171e+02 5.079306e+02 7.256971e+02 1.183417e+03  
3.054710e-01 2.515006e+02 4.986296e+02 7.132936e+02 1.165253e+03  
3.097291e-01 2.464093e+02 4.895456e+02 7.011732e+02 1.147487e+03  
3.140465e-01 2.413525e+02 4.805236e+02 6.891269e+02 1.129794e+03  
3.184242e-01 2.362630e+02 4.714489e+02 6.770000e+02 1.111933e+03  
3.228628e-01 2.311046e+02 4.622603e+02 6.647105e+02 1.093777e+03  
3.273634e-01 2.258776e+02 4.529589e+02 6.522601e+02 1.075331e+03  
3.319266e-01 2.206257e+02 4.436193e+02 6.397502e+02 1.056753e+03  
3.365535e-01 2.154102e+02 4.343464e+02 6.273221e+02 1.038268e+03  
3.412449e-01 2.102965e+02 4.252513e+02 6.151260e+02 1.020109e+03  
3.460016e-01 2.053483e+02 4.164418e+02 6.033072e+02 1.002504e+03  
3.508247e-01 2.006128e+02 4.079974e+02 5.919725e+02 9.856191e+02  
3.557150e-01 1.961108e+02 3.999529e+02 5.811683e+02 9.695257e+02  
3.606735e-01 1.918297e+02 3.922857e+02 5.708642e+02 9.541765e+02  
3.657011e-01 1.877309e+02 3.849302e+02 5.609715e+02 9.394338e+02  
3.707988e-01 1.837691e+02 3.778089e+02 5.513865e+02 9.251364e+02  
3.759675e-01 1.799004e+02 3.708477e+02 5.420091e+02 9.111304e+02  
3.812083e-01 1.760854e+02 3.639802e+02 5.327506e+02 8.972787e+02  
3.865221e-01 1.722935e+02 3.571544e+02 5.235416e+02 8.834755e+02  
3.919100e-01 1.685120e+02 3.503494e+02 5.143544e+02 8.696793e+02  
3.973730e-01 1.647578e+02 3.435938e+02 5.052276e+02 8.559511e+02  
4.029122e-01 1.610648e+02 3.369448e+02 4.962380e+02 8.424104e+02  
4.085286e-01 1.574640e+02 3.304540e+02 4.874550e+02 8.291647e+02  
4.142232e-01 1.539755e+02 3.241550e+02 4.789233e+02 8.162828e+02  
4.199973e-01 1.506088e+02 3.180630e+02 4.706632e+02 8.037959e+02  
4.258518e-01 1.473685e+02 3.121855e+02 4.626845e+02 7.917185e+02  
4.317880e-01 1.442422e+02 3.065014e+02 4.549588e+02 7.800070e+02  
4.378069e-01 1.412027e+02 3.009649e+02 4.474252e+02 7.685684e+02  
4.439097e-01 1.382270e+02 2.955372e+02 4.400320e+02 7.573244e+02  
4.500975e-01 1.353030e+02 2.901987e+02 4.327531e+02 7.462357e+02  
4.563716e-01 1.324249e+02 2.849394e+02 4.255753e+02 7.352834e+02  
4.627332e-01 1.295920e+02 2.797583e+02 4.184979e+02 7.244666e+02  
4.691835e-01 1.268128e+02 2.746693e+02 4.115389e+02 7.138139e+02  
4.757236e-01 1.241042e+02 2.697002e+02 4.047356e+02 7.033816e+02  
4.823549e-01 1.214725e+02 2.648613e+02 3.981017e+02 6.931902e+02  
4.890787e-01 1.189179e+02 2.601524e+02 3.916365e+02 6.832388e+02  
4.958962e-01 1.164393e+02 2.555719e+02 3.853378e+02 6.735240e+02  
5.028087e-01 1.140288e+02 2.511060e+02 3.791877e+02 6.640186e+02  
5.098176e-01 1.116720e+02 2.467312e+02 3.731548e+02 6.546764e+02  
5.169242e-01 1.093635e+02 2.424385e+02 3.672276e+02 6.454802e+02  
5.241298e-01 1.071053e+02 2.382313e+02 3.614104e+02 6.364370e+02  
5.314359e-01 1.048922e+02 2.341006e+02 3.556917e+02 6.275299e+02  
5.388438e-01 1.027278e+02 2.300525e+02 3.500793e+02 6.187708e+02  
5.463550e-01 1.006210e+02 2.261011e+02 3.445917e+02 6.101869e+02  
5.539709e-01 9.856876e+01 2.222415e+02 3.392225e+02 6.017686e+02  
5.616930e-01 9.656808e+01 2.184684e+02 3.339648e+02 5.935059e+02  
5.695227e-01 9.462007e+01 2.147835e+02 3.288206e+02 5.854016e+02  
5.774615e-01 9.271601e+01 2.111726e+02 3.237715e+02 5.774291e+02  
5.855110e-01 9.085417e+01 2.076329e+02 3.188138e+02 5.695829e+02  
5.936727e-01 8.903585e+01 2.041662e+02 3.139499e+02 5.618667e+02  
6.019482e-01 8.725710e+01 2.007662e+02 3.091715e+02 5.542688e+02  
6.103390e-01 8.551947e+01 1.974352e+02 3.044818e+02 5.467934e+02  
6.188468e-01 8.382715e+01 1.941797e+02 2.998889e+02 5.394522e+02  
6.274732e-01 8.217418e+01 1.909901e+02 2.953804e+02 5.322276e+02  
6.362198e-01 8.056067e+01 1.878664e+02 2.909565e+02 5.251194e+02  
6.450884e-01 7.898496e+01 1.848059e+02 2.866134e+02 5.181227e+02  
6.540806e-01 7.744595e+01 1.818066e+02 2.823489e+02 5.112339e+02  
6.631981e-01 7.594223e+01 1.788663e+02 2.781597e+02 5.044487e+02  
6.724427e-01 7.447284e+01 1.759834e+02 2.740440e+02 4.977641e+02  
6.818162e-01 7.303726e+01 1.731568e+02 2.700003e+02 4.911785e+02  
6.913204e-01 7.163487e+01 1.703855e+02 2.660274e+02 4.846896e+02  
7.009570e-01 7.026496e+01 1.676684e+02 2.621235e+02 4.782953e+02  
7.107280e-01 6.892675e+01 1.650039e+02 2.582870e+02 4.719929e+02  
7.206351e-01 6.761934e+01 1.623907e+02 2.545159e+02 4.657798e+02  
7.306804e-01 6.634171e+01 1.598270e+02 2.508081e+02 4.596529e+02  
7.408657e-01 6.509298e+01 1.573114e+02 2.471616e+02 4.536096e+02  
7.511929e-01 6.387244e+01 1.548427e+02 2.435749e+02 4.476476e+02  
7.616642e-01 6.267932e+01 1.524196e+02 2.400465e+02 4.417647e+02  
7.722814e-01 6.151274e+01 1.500406e+02 2.365743e+02 4.359583e+02  
7.830465e-01 6.037211e+01 1.477048e+02 2.331572e+02 4.302266e+02  
7.939618e-01 5.925682e+01 1.454111e+02 2.297939e+02 4.245679e+02  
8.050292e-01 5.816623e+01 1.431584e+02 2.264829e+02 4.189800e+02  
8.162509e-01 5.709964e+01 1.409457e+02 2.232229e+02 4.134611e+02  
8.276289e-01 5.605650e+01 1.387719e+02 2.200126e+02 4.080095e+02  
8.391656e-01 5.503617e+01 1.366360e+02 2.168507e+02 4.026234e+02  
8.508632e-01 5.403796e+01 1.345370e+02 2.137359e+02 3.973009e+02  
8.627237e-01 5.306129e+01 1.324738e+02 2.106668e+02 3.920403e+02  
8.747496e-01 5.210567e+01 1.304457e+02 2.076426e+02 3.868402e+02  
8.869432e-01 5.117057e+01 1.284518e+02 2.046620e+02 3.816992e+02  
8.993067e-01 5.025539e+01 1.264911e+02 2.017240e+02 3.766157e+02  
9.118425e-01 4.935965e+01 1.245628e+02 1.988275e+02 3.715883e+02  
9.245531e-01 4.848284e+01 1.226662e+02 1.959715e+02 3.666157e+02  
9.374409e-01 4.762440e+01 1.208002e+02 1.931549e+02 3.616964e+02  
9.505083e-01 4.678381e+01 1.189642e+02 1.903767e+02 3.568291e+02  
9.637579e-01 4.596067e+01 1.171574e+02 1.876361e+02 3.520128e+02  
9.771921e-01 4.515454e+01 1.153792e+02 1.849322e+02 3.472463e+02  
9.908137e-01 4.436493e+01 1.136287e+02 1.822641e+02 3.425285e+02  
1.004625e+00 4.359142e+01 1.119054e+02 1.796310e+02 3.378583e+02  
1.018629e+00 4.283362e+01 1.102085e+02 1.770322e+02 3.332347e+02  
1.032828e+00 4.209107e+01 1.085375e+02 1.744667e+02 3.286567e+02  
1.047225e+00 4.136330e+01 1.068915e+02 1.719338e+02 3.241233e+02  
1.061823e+00 4.064999e+01 1.052701e+02 1.694328e+02 3.196338e+02  
1.076624e+00 3.995075e+01 1.036726e+02 1.669630e+02 3.151872e+02  
1.091632e+00 3.926519e+01 1.020986e+02 1.645237e+02 3.107827e+02  
1.106848e+00 3.859296e+01 1.005473e+02 1.621144e+02 3.064196e+02  
1.122277e+00 3.793378e+01 9.901851e+01 1.597344e+02 3.020974e+02  
1.137921e+00 3.728733e+01 9.751159e+01 1.573832e+02 2.978152e+02  
1.153783e+00 3.665325e+01 9.602607e+01 1.550602e+02 2.935724e+02  
1.169866e+00 3.603126e+01 9.456150e+01 1.527649e+02 2.893686e+02  
1.186174e+00 3.542104e+01 9.311742e+01 1.504968e+02 2.852030e+02  
1.202708e+00 3.482225e+01 9.169333e+01 1.482552e+02 2.810751e+02  
1.219473e+00 3.423457e+01 9.028875e+01 1.460397e+02 2.769843e+02  
1.236472e+00 3.365776e+01 8.890335e+01 1.438499e+02 2.729303e+02  
1.253708e+00 3.309156e+01 8.753673e+01 1.416853e+02 2.689126e+02  
1.271184e+00 3.253567e+01 8.618849e+01 1.395455e+02 2.649308e+02  
1.288904e+00 3.198987e+01 8.485827e+01 1.374301e+02 2.609844e+02  
1.306870e+00 3.145391e+01 8.354573e+01 1.353387e+02 2.570733e+02  
1.325087e+00 3.092753e+01 8.225052e+01 1.332710e+02 2.531970e+02  
1.343558e+00 3.041048e+01 8.097228e+01 1.312265e+02 2.493551e+02  
1.362287e+00 2.990256e+01 7.971072e+01 1.292049e+02 2.455476e+02  
1.381276e+00 2.940356e+01 7.846555e+01 1.272060e+02 2.417740e+02  
1.400531e+00 2.891325e+01 7.723646e+01 1.252294e+02 2.380342e+02  
1.420053e+00 2.843141e+01 7.602315e+01 1.232748e+02 2.343279e+02  
1.439848e+00 2.795787e+01 7.482536e+01 1.213418e+02 2.306551e+02  
1.459919e+00 2.749240e+01 7.364282e+01 1.194304e+02 2.270154e+02  
1.480269e+00 2.703480e+01 7.247525e+01 1.175400e+02 2.234088e+02  
1.500903e+00 2.658489e+01 7.132241e+01 1.156706e+02 2.198351e+02  
1.521825e+00 2.614252e+01 7.018410e+01 1.138220e+02 2.162943e+02  
1.543038e+00 2.570751e+01 6.906008e+01 1.119937e+02 2.127862e+02  
1.564548e+00 2.527970e+01 6.795014e+01 1.101858e+02 2.093108e+02  
1.586357e+00 2.485893e+01 6.685406e+01 1.083979e+02 2.058680e+02  
1.608469e+00 2.444503e+01 6.577164e+01 1.066298e+02 2.024578e+02  
1.630891e+00 2.403783e+01 6.470266e+01 1.048814e+02 1.990801e+02  
1.653624e+00 2.363717e+01 6.364693e+01 1.031524e+02 1.957349e+02  
1.676675e+00 2.324295e+01 6.260429e+01 1.014428e+02 1.924223e+02  
1.700047e+00 2.285502e+01 6.157458e+01 9.975233e+01 1.891422e+02  
1.723745e+00 2.247325e+01 6.055762e+01 9.808085e+01 1.858947e+02  
1.747773e+00 2.209751e+01 5.955325e+01 9.642821e+01 1.826798e+02  
1.772136e+00 2.172767e+01 5.856132e+01 9.479428e+01 1.794975e+02  
1.796838e+00 2.136360e+01 5.758166e+01 9.317890e+01 1.763478e+02  
1.821885e+00 2.100516e+01 5.661412e+01 9.158195e+01 1.732309e+02  
1.847281e+00 2.065226e+01 5.565857e+01 9.000331e+01 1.701468e+02  
1.873032e+00 2.030479e+01 5.471488e+01 8.844286e+01 1.670955e+02  
1.899141e+00 1.996264e+01 5.378292e+01 8.690048e+01 1.640772e+02  
1.925614e+00 1.962569e+01 5.286255e+01 8.537606e+01 1.610919e+02  
1.952456e+00 1.929387e+01 5.195367e+01 8.386951e+01 1.581396e+02  
1.979672e+00 1.896706e+01 5.105615e+01 8.238072e+01 1.552205e+02  
2.007267e+00 1.864516e+01 5.016987e+01 8.090959e+01 1.523346e+02  
2.035248e+00 1.832809e+01 4.929472e+01 7.945603e+01 1.494821e+02  
2.063618e+00 1.801576e+01 4.843062e+01 7.801995e+01 1.466629e+02  
2.092383e+00 1.770808e+01 4.757743e+01 7.660126e+01 1.438773e+02  
2.121550e+00 1.740496e+01 4.673507e+01 7.519988e+01 1.411252e+02  
2.151123e+00 1.710633e+01 4.590344e+01 7.381572e+01 1.384067e+02  
2.181109e+00 1.681212e+01 4.508245e+01 7.244872e+01 1.357219e+02  
2.211512e+00 1.652223e+01 4.427200e+01 7.109880e+01 1.330709e+02  
2.242340e+00 1.623660e+01 4.347200e+01 6.976587e+01 1.304537e+02  
2.273597e+00 1.595517e+01 4.268237e+01 6.844986e+01 1.278704e+02  
2.305289e+00 1.567784e+01 4.190302e+01 6.715071e+01 1.253210e+02  
2.337424e+00 1.540455e+01 4.113386e+01 6.586834e+01 1.228056e+02  
2.370006e+00 1.513525e+01 4.037481e+01 6.460268e+01 1.203242e+02  
2.403043e+00 1.486986e+01 3.962580e+01 6.335367e+01 1.178768e+02  
2.436540e+00 1.460832e+01 3.888675e+01 6.212124e+01 1.154634e+02  
2.470504e+00 1.435059e+01 3.815757e+01 6.090532e+01 1.130840e+02  
2.504942e+00 1.409659e+01 3.743821e+01 5.970585e+01 1.107386e+02  
2.539859e+00 1.384628e+01 3.672858e+01 5.852276e+01 1.084273e+02  
2.575263e+00 1.359959e+01 3.602861e+01 5.735598e+01 1.061499e+02  
2.611161e+00 1.335649e+01 3.533823e+01 5.620546e+01 1.039064e+02  
2.647559e+00 1.311690e+01 3.465738e+01 5.507111e+01 1.016968e+02  
2.684465e+00 1.288079e+01 3.398597e+01 5.395288e+01 9.952106e+01  
2.721885e+00 1.264810e+01 3.332395e+01 5.285070e+01 9.737899e+01  
2.759826e+00 1.241879e+01 3.267124e+01 5.176449e+01 9.527055e+01  
2.798297e+00 1.219281e+01 3.202778e+01 5.069420e+01 9.319564e+01  
2.837304e+00 1.197011e+01 3.139351e+01 4.963974e+01 9.115415e+01  
2.876854e+00 1.175066e+01 3.076835e+01 4.860105e+01 8.914593e+01  
2.916956e+00 1.153440e+01 3.015225e+01 4.757805e+01 8.717085e+01  
2.957617e+00 1.132131e+01 2.954514e+01 4.657066e+01 8.522875e+01  
2.998844e+00 1.111133e+01 2.894695e+01 4.557882e+01 8.331947e+01  
3.040646e+00 1.090442e+01 2.835762e+01 4.460243e+01 8.144282e+01  
3.083031e+00 1.070056e+01 2.777709e+01 4.364142e+01 7.959862e+01  
3.126007e+00 1.049970e+01 2.720530e+01 4.269571e+01 7.778667e+01  
3.169582e+00 1.030180e+01 2.664218e+01 4.176521e+01 7.600674e+01  
3.213764e+00 1.010683e+01 2.608766e+01 4.084983e+01 7.425862e+01  
3.258562e+00 9.914748e+00 2.554170e+01 3.994948e+01 7.254207e+01  
3.303985e+00 9.725530e+00 2.500422e+01 3.906407e+01 7.085683e+01  
3.350041e+00 9.539137e+00 2.447515e+01 3.819350e+01 6.920266e+01  
3.396739e+00 9.355538e+00 2.395445e+01 3.733767e+01 6.757929e+01  
3.444087e+00 9.174697e+00 2.344204e+01 3.649648e+01 6.598644e+01  
3.492096e+00 8.996583e+00 2.293786e+01 3.566983e+01 6.442383e+01  
3.540774e+00 8.821167e+00 2.244186e+01 3.485762e+01 6.289117e+01  
3.590130e+00 8.648418e+00 2.195395e+01 3.405972e+01 6.138815e+01  
3.640175e+00 8.478305e+00 2.147409e+01 3.327603e+01 5.991446e+01  
3.690917e+00 8.310800e+00 2.100220e+01 3.250643e+01 5.846980e+01  
3.742366e+00 8.145874e+00 2.053822e+01 3.175080e+01 5.705383e+01  
3.794533e+00 7.983496e+00 2.008209e+01 3.100903e+01 5.566624e+01  
3.847427e+00 7.823638e+00 1.963373e+01 3.028098e+01 5.430668e+01  
3.901058e+00 7.666273e+00 1.919310e+01 2.956653e+01 5.297483e+01  
3.955436e+00 7.511375e+00 1.876010e+01 2.886555e+01 5.167032e+01  
4.010573e+00 7.358915e+00 1.833469e+01 2.817791e+01 5.039282e+01  
4.066478e+00 7.208867e+00 1.791679e+01 2.750348e+01 4.914197e+01  
4.123163e+00 7.061206e+00 1.750633e+01 2.684210e+01 4.791741e+01  
4.180637e+00 6.915905e+00 1.710325e+01 2.619365e+01 4.671879e+01  
4.238913e+00 6.772938e+00 1.670747e+01 2.555799e+01 4.554574e+01  
4.298001e+00 6.632280e+00 1.631892e+01 2.493496e+01 4.439790e+01  
4.357913e+00 6.493905e+00 1.593754e+01 2.432442e+01 4.327490e+01  
4.418660e+00 6.357789e+00 1.556324e+01 2.372622e+01 4.217637e+01  
4.480254e+00 6.223907e+00 1.519596e+01 2.314022e+01 4.110193e+01  
4.542706e+00 6.092235e+00 1.483563e+01 2.256626e+01 4.005123e+01  
4.606029e+00 5.962747e+00 1.448217e+01 2.200418e+01 3.902388e+01  
4.670234e+00 5.835421e+00 1.413551e+01 2.145383e+01 3.801951e+01  
4.735335e+00 5.710231e+00 1.379556e+01 2.091506e+01 3.703775e+01  
4.801343e+00 5.587156e+00 1.346226e+01 2.038770e+01 3.607823e+01  
4.868271e+00 5.466170e+00 1.313553e+01 1.987160e+01 3.514057e+01  
4.936132e+00 5.347252e+00 1.281528e+01 1.936660e+01 3.422440e+01  
5.004939e+00 5.230377e+00 1.250145e+01 1.887254e+01 3.332936e+01  
5.074705e+00 5.115522e+00 1.219396e+01 1.838925e+01 3.245507e+01  
5.145444e+00 5.002665e+00 1.189272e+01 1.791657e+01 3.160116e+01  
5.217169e+00 4.891783e+00 1.159765e+01 1.745435e+01 3.076727e+01  
5.289893e+00 4.782854e+00 1.130868e+01 1.700241e+01 2.995303e+01  
5.363631e+00 4.675854e+00 1.102572e+01 1.656060e+01 2.915809e+01  
5.438397e+00 4.570761e+00 1.074869e+01 1.612876e+01 2.838207e+01  
5.514206e+00 4.467554e+00 1.047752e+01 1.570671e+01 2.762463e+01  
5.591071e+00 4.366210e+00 1.021212e+01 1.529431e+01 2.688541e+01  
5.669007e+00 4.266706e+00 9.952404e+00 1.489137e+01 2.616406e+01  
5.748030e+00 4.169022e+00 9.698295e+00 1.449776e+01 2.546023e+01  
5.828155e+00 4.073135e+00 9.449708e+00 1.411329e+01 2.477357e+01  
5.909396e+00 3.979024e+00 9.206562e+00 1.373782e+01 2.410375e+01  
5.991770e+00 3.886666e+00 8.968773e+00 1.337118e+01 2.345041e+01  
6.075292e+00 3.796041e+00 8.736258e+00 1.301322e+01 2.281324e+01  
6.159978e+00 3.707127e+00 8.508936e+00 1.266377e+01 2.219189e+01  
6.245845e+00 3.619903e+00 8.286722e+00 1.232267e+01 2.158604e+01  
6.332908e+00 3.534347e+00 8.069533e+00 1.198978e+01 2.099537e+01  
6.421186e+00 3.450438e+00 7.857289e+00 1.166493e+01 2.041956e+01  
6.510694e+00 3.368156e+00 7.649905e+00 1.134797e+01 1.985828e+01  
6.601449e+00 3.287478e+00 7.447299e+00 1.103875e+01 1.931124e+01  
6.693470e+00 3.208385e+00 7.249390e+00 1.073712e+01 1.877811e+01  
6.786773e+00 3.130855e+00 7.056096e+00 1.044293e+01 1.825861e+01  
6.881377e+00 3.054868e+00 6.867336e+00 1.015602e+01 1.775242e+01  
6.977300e+00 2.980403e+00 6.683029e+00 9.876258e+00 1.725926e+01  
7.074559e+00 2.907439e+00 6.503093e+00 9.603489e+00 1.677884e+01  
7.173175e+00 2.835956e+00 6.327450e+00 9.337573e+00 1.631086e+01  
7.273165e+00 2.765933e+00 6.156020e+00 9.078366e+00 1.585506e+01  
7.374549e+00 2.697350e+00 5.988723e+00 8.825728e+00 1.541115e+01  
7.477346e+00 2.630187e+00 5.825482e+00 8.579520e+00 1.497886e+01  
7.581576e+00 2.564423e+00 5.666219e+00 8.339605e+00 1.455792e+01  
7.687260e+00 2.500038e+00 5.510856e+00 8.105846e+00 1.414807e+01  
7.794416e+00 2.437012e+00 5.359318e+00 7.878112e+00 1.374906e+01  
7.903066e+00 2.375326e+00 5.211529e+00 7.656269e+00 1.336062e+01  
8.013230e+00 2.314958e+00 5.067413e+00 7.440189e+00 1.298251e+01  
8.124930e+00 2.255890e+00 4.926897e+00 7.229742e+00 1.261448e+01  
8.238187e+00 2.198101e+00 4.789907e+00 7.024803e+00 1.225629e+01  
8.353023e+00 2.141572e+00 4.656370e+00 6.825247e+00 1.190771e+01  
8.469460e+00 2.086283e+00 4.526216e+00 6.630953e+00 1.156851e+01  
8.587519e+00 2.032214e+00 4.399372e+00 6.441800e+00 1.123845e+01  
8.707225e+00 1.979347e+00 4.275769e+00 6.257669e+00 1.091731e+01  
8.828599e+00 1.927661e+00 4.155339e+00 6.078444e+00 1.060489e+01  
8.951665e+00 1.877138e+00 4.038011e+00 5.904011e+00 1.030095e+01  
9.076446e+00 1.827758e+00 3.923720e+00 5.734256e+00 1.000529e+01  
9.202967e+00 1.779501e+00 3.812399e+00 5.569070e+00 9.717709e+00  
9.331251e+00 1.732350e+00 3.703982e+00 5.408343e+00 9.438001e+00  
9.461324e+00 1.686286e+00 3.598404e+00 5.251969e+00 9.165970e+00  
9.593209e+00 1.641288e+00 3.495603e+00 5.099842e+00 8.901421e+00  
9.726934e+00 1.597340e+00 3.395515e+00 4.951861e+00 8.644167e+00  
9.862522e+00 1.554421e+00 3.298079e+00 4.807924e+00 8.394022e+00  
1.000000e+01 1.512514e+00 3.203234e+00 4.667933e+00 8.150803e+00  
