1.000000e-02 6.239309e+03 1.131852e+04 1.524257e+04 2.252947e+04  
1.013939e-02 6.271030e+03 1.137583e+04 1.531952e+04 2.264265e+04  
1.028073e-02 6.302168e+03 1.143209e+04 1.539503e+04 2.275368e+04  
1.042404e-02 6.332703e+03 1.148724e+04 1.546906e+04 2.286251e+04  
1.056935e-02 6.362614e+03 1.154125e+04 1.554156e+04 2.296905e+04  
1.071668e-02 6.391883e+03 1.159410e+04 1.561247e+04 2.307324e+04  
1.086606e-02 6.420485e+03 1.164572e+04 1.568173e+04 2.317499e+04  
1.101753e-02 6.448395e+03 1.169609e+04 1.574930e+04 2.327421e+04  
1.117111e-02 6.475589e+03 1.174515e+04 1.581510e+04 2.337081e+04  
1.132683e-02 6.502040e+03 1.179286e+04 1.587907e+04 2.346470e+04  
1.148472e-02 6.527722e+03 1.183917e+04 1.594115e+04 2.355578e+04  
1.164481e-02 6.552609e+03 1.188403e+04 1.600127e+04 2.364395e+04  
1.180713e-02 6.576676e+03 1.192739e+04 1.605938e+04 2.372913e+04  
1.197171e-02 6.599896e+03 1.196922e+04 1.611540e+04 2.381122e+04  
1.213859e-02 6.622246e+03 1.200946e+04 1.616929e+04 2.389014e+04  
1.230780e-02 6.643704e+03 1.204807e+04 1.622098e+04 2.396581e+04  
1.247936e-02 6.664248e+03 1.208502e+04 1.627043e+04 2.403814e+04  
1.265332e-02 6.683855e+03 1.212027e+04 1.631757e+04 2.410706e+04  
1.282970e-02 6.702503e+03 1.215377e+04 1.636236e+04 2.417249e+04  
1.300854e-02 6.720173e+03 1.218549e+04 1.640475e+04 2.423436e+04  
1.318987e-02 6.736840e+03 1.221539e+04 1.644468e+04 2.429258e+04  
1.337373e-02 6.752479e+03 1.224342e+04 1.648207e+04 2.434705e+04  
1.356015e-02 6.767061e+03 1.226952e+04 1.651688e+04 2.439768e+04  
1.374917e-02 6.780558e+03 1.229365e+04 1.654902e+04 2.444437e+04  
1.394083e-02 6.792942e+03 1.231575e+04 1.657843e+04 2.448701e+04  
1.413516e-02 6.804186e+03 1.233578e+04 1.660505e+04 2.452551e+04  
1.433219e-02 6.814263e+03 1.235369e+04 1.662880e+04 2.455977e+04  
1.453198e-02 6.823146e+03 1.236943e+04 1.664962e+04 2.458969e+04  
1.473454e-02 6.830811e+03 1.238296e+04 1.666746e+04 2.461519e+04  
1.493993e-02 6.837233e+03 1.239422e+04 1.668225e+04 2.463619e+04  
1.514819e-02 6.842389e+03 1.240319e+04 1.669394e+04 2.465259e+04  
1.535935e-02 6.846258e+03 1.240981e+04 1.670248e+04 2.466433e+04  
1.557345e-02 6.848817e+03 1.241406e+04 1.670781e+04 2.467131e+04  
1.579053e-02 6.850046e+03 1.241588e+04 1.670988e+04 2.467348e+04  
1.601064e-02 6.849926e+03 1.241526e+04 1.670864e+04 2.467076e+04  
1.623382e-02 6.848435e+03 1.241215e+04 1.670405e+04 2.466307e+04  
1.646012e-02 6.845549e+03 1.240650e+04 1.669605e+04 2.465034e+04  
1.668956e-02 6.841248e+03 1.239829e+04 1.668458e+04 2.463249e+04  
1.692220e-02 6.835511e+03 1.238747e+04 1.666960e+04 2.460944e+04  
1.715809e-02 6.828320e+03 1.237400e+04 1.665106e+04 2.458113e+04  
1.739726e-02 6.819655e+03 1.235786e+04 1.662891e+04 2.454750e+04  
1.763977e-02 6.809502e+03 1.233903e+04 1.660313e+04 2.450848e+04  
1.788566e-02 6.797843e+03 1.231745e+04 1.657367e+04 2.446403e+04  
1.813498e-02 6.784660e+03 1.229312e+04 1.654048e+04 2.441408e+04  
1.838777e-02 6.769936e+03 1.226598e+04 1.650353e+04 2.435856e+04  
1.864409e-02 6.753658e+03 1.223603e+04 1.646278e+04 2.429744e+04  
1.890397e-02 6.735813e+03 1.220324e+04 1.641821e+04 2.423066e+04  
1.916748e-02 6.716390e+03 1.216758e+04 1.636978e+04 2.415820e+04  
1.943467e-02 6.695381e+03 1.212905e+04 1.631748e+04 2.408002e+04  
1.970558e-02 6.672778e+03 1.208763e+04 1.626130e+04 2.399610e+04  
1.998026e-02 6.648573e+03 1.204331e+04 1.620120e+04 2.390641e+04  
2.025878e-02 6.622762e+03 1.199608e+04 1.613719e+04 2.381095e+04  
2.054117e-02 6.595341e+03 1.194593e+04 1.606926e+04 2.370969e+04  
2.082751e-02 6.566312e+03 1.189286e+04 1.599740e+04 2.360265e+04  
2.111783e-02 6.535677e+03 1.183689e+04 1.592164e+04 2.348984e+04  
2.141220e-02 6.503444e+03 1.177803e+04 1.584198e+04 2.337128e+04  
2.171068e-02 6.469619e+03 1.171628e+04 1.575845e+04 2.324701e+04  
2.201331e-02 6.434206e+03 1.165167e+04 1.567105e+04 2.311705e+04  
2.232016e-02 6.397213e+03 1.158419e+04 1.557981e+04 2.298141e+04  
2.263130e-02 6.358651e+03 1.151387e+04 1.548475e+04 2.284016e+04  
2.294676e-02 6.318533e+03 1.144074e+04 1.538591e+04 2.269333e+04  
2.326663e-02 6.276880e+03 1.136483e+04 1.528334e+04 2.254100e+04  
2.359095e-02 6.233712e+03 1.128619e+04 1.517709e+04 2.238325e+04  
2.391980e-02 6.189056e+03 1.120486e+04 1.506723e+04 2.222019e+04  
2.425323e-02 6.142932e+03 1.112088e+04 1.495381e+04 2.205188e+04  
2.459130e-02 6.095364e+03 1.103429e+04 1.483688e+04 2.187841e+04  
2.493409e-02 6.046383e+03 1.094515e+04 1.471654e+04 2.169991e+04  
2.528166e-02 5.996023e+03 1.085352e+04 1.459285e+04 2.151648e+04  
2.563407e-02 5.944323e+03 1.075947e+04 1.446592e+04 2.132829e+04  
2.599140e-02 5.891327e+03 1.066309e+04 1.433585e+04 2.113549e+04  
2.635371e-02 5.837083e+03 1.056446e+04 1.420277e+04 2.093825e+04  
2.672106e-02 5.781631e+03 1.046366e+04 1.406677e+04 2.073673e+04  
2.709354e-02 5.725015e+03 1.036076e+04 1.392796e+04 2.053107e+04  
2.747121e-02 5.667282e+03 1.025585e+04 1.378646e+04 2.032147e+04  
2.785414e-02 5.608486e+03 1.014903e+04 1.364241e+04 2.010811e+04  
2.824241e-02 5.548688e+03 1.004041e+04 1.349594e+04 1.989121e+04  
2.863610e-02 5.487954e+03 9.930112e+03 1.334722e+04 1.967101e+04  
2.903527e-02 5.426354e+03 9.818261e+03 1.319643e+04 1.944778e+04  
2.944000e-02 5.363948e+03 9.704967e+03 1.304371e+04 1.922172e+04  
2.985038e-02 5.300797e+03 9.590341e+03 1.288921e+04 1.899305e+04  
3.026648e-02 5.236967e+03 9.474503e+03 1.273309e+04 1.876203e+04  
3.068838e-02 5.172530e+03 9.357583e+03 1.257553e+04 1.852890e+04  
3.111616e-02 5.107565e+03 9.239726e+03 1.241672e+04 1.829395e+04  
3.154990e-02 5.042157e+03 9.121087e+03 1.225688e+04 1.805750e+04  
3.198969e-02 4.976399e+03 9.001829e+03 1.209622e+04 1.781987e+04  
3.243561e-02 4.910364e+03 8.882091e+03 1.193492e+04 1.758133e+04  
3.288774e-02 4.844124e+03 8.761998e+03 1.177317e+04 1.734214e+04  
3.334618e-02 4.777752e+03 8.641688e+03 1.161113e+04 1.710256e+04  
3.381101e-02 4.711331e+03 8.521305e+03 1.144902e+04 1.686289e+04  
3.428231e-02 4.644946e+03 8.401008e+03 1.128703e+04 1.662343e+04  
3.476019e-02 4.578692e+03 8.280964e+03 1.112540e+04 1.638453e+04  
3.524473e-02 4.512665e+03 8.161351e+03 1.096436e+04 1.614653e+04  
3.573602e-02 4.446954e+03 8.042326e+03 1.080413e+04 1.590975e+04  
3.623416e-02 4.381636e+03 7.924030e+03 1.064489e+04 1.567447e+04  
3.673925e-02 4.316793e+03 7.806609e+03 1.048685e+04 1.544097e+04  
3.725137e-02 4.252512e+03 7.690222e+03 1.033021e+04 1.520957e+04  
3.777064e-02 4.188885e+03 7.575034e+03 1.017519e+04 1.498060e+04  
3.829714e-02 4.126010e+03 7.461221e+03 1.002204e+04 1.475440e+04  
3.883098e-02 4.063989e+03 7.348967e+03 9.870993e+03 1.453135e+04  
3.937226e-02 4.002898e+03 7.238407e+03 9.722240e+03 1.431171e+04  
3.992109e-02 3.942778e+03 7.129615e+03 9.575875e+03 1.409562e+04  
4.047757e-02 3.883665e+03 7.022658e+03 9.431990e+03 1.388321e+04  
4.104181e-02 3.825600e+03 6.917605e+03 9.290676e+03 1.367463e+04  
4.161391e-02 3.768619e+03 6.814524e+03 9.152025e+03 1.347001e+04  
4.219398e-02 3.712762e+03 6.713483e+03 9.016128e+03 1.326948e+04  
4.278214e-02 3.658066e+03 6.614552e+03 8.883077e+03 1.307318e+04  
4.337850e-02 3.604584e+03 6.517821e+03 8.752995e+03 1.288129e+04  
4.398317e-02 3.552391e+03 6.423427e+03 8.626064e+03 1.269408e+04  
4.459628e-02 3.501570e+03 6.331516e+03 8.502479e+03 1.251184e+04  
4.521792e-02 3.452204e+03 6.242240e+03 8.382443e+03 1.233486e+04  
4.584824e-02 3.404383e+03 6.155754e+03 8.266166e+03 1.216346e+04  
4.648734e-02 3.358198e+03 6.072223e+03 8.153865e+03 1.199796e+04  
4.713535e-02 3.313743e+03 5.991813e+03 8.045764e+03 1.183869e+04  
4.779239e-02 3.271047e+03 5.914577e+03 7.941932e+03 1.168574e+04  
4.845859e-02 3.230050e+03 5.840402e+03 7.842219e+03 1.153890e+04  
4.913407e-02 3.190674e+03 5.769150e+03 7.746436e+03 1.139790e+04  
4.981898e-02 3.152833e+03 5.700660e+03 7.654371e+03 1.126241e+04  
5.051342e-02 3.116426e+03 5.634754e+03 7.565780e+03 1.113209e+04  
5.121755e-02 3.081343e+03 5.571230e+03 7.480395e+03 1.100653e+04  
5.193150e-02 3.047484e+03 5.509909e+03 7.397975e+03 1.088539e+04  
5.265540e-02 3.014813e+03 5.450726e+03 7.318431e+03 1.076853e+04  
5.338938e-02 2.983304e+03 5.393628e+03 7.241695e+03 1.065585e+04  
5.413360e-02 2.952922e+03 5.338555e+03 7.167683e+03 1.054723e+04  
5.488820e-02 2.923627e+03 5.285435e+03 7.096298e+03 1.044254e+04  
5.565331e-02 2.895375e+03 5.234184e+03 7.027428e+03 1.034159e+04  
5.642908e-02 2.868088e+03 5.184663e+03 6.960887e+03 1.024414e+04  
5.721568e-02 2.841643e+03 5.136649e+03 6.896376e+03 1.014972e+04  
5.801323e-02 2.815898e+03 5.089889e+03 6.833554e+03 1.005785e+04  
5.882190e-02 2.790699e+03 5.044106e+03 6.772052e+03 9.967969e+03  
5.964185e-02 2.765876e+03 4.998995e+03 6.711462e+03 9.879491e+03  
6.047322e-02 2.741258e+03 4.954252e+03 6.651375e+03 9.791806e+03  
6.131619e-02 2.716720e+03 4.909649e+03 6.591489e+03 9.704471e+03  
6.217090e-02 2.692140e+03 4.864972e+03 6.531516e+03 9.617061e+03  
6.303753e-02 2.667387e+03 4.819988e+03 6.471144e+03 9.529113e+03  
6.391624e-02 2.642319e+03 4.774443e+03 6.410033e+03 9.440129e+03  
6.480720e-02 2.616788e+03 4.728075e+03 6.347835e+03 9.349589e+03  
6.571058e-02 2.590664e+03 4.680653e+03 6.284239e+03 9.257035e+03  
6.662655e-02 2.563814e+03 4.631940e+03 6.218930e+03 9.161999e+03  
6.755528e-02 2.536093e+03 4.581682e+03 6.151570e+03 9.063979e+03  
6.849697e-02 2.507348e+03 4.529609e+03 6.081796e+03 8.962434e+03  
6.945178e-02 2.477449e+03 4.475491e+03 6.009303e+03 8.856911e+03  
7.041990e-02 2.446315e+03 4.419187e+03 5.933901e+03 8.747124e+03  
7.140151e-02 2.413863e+03 4.360553e+03 5.855400e+03 8.632788e+03  
7.239681e-02 2.380007e+03 4.299440e+03 5.773600e+03 8.513601e+03  
7.340598e-02 2.344670e+03 4.235715e+03 5.688324e+03 8.389296e+03  
7.442922e-02 2.307840e+03 4.169360e+03 5.599550e+03 8.259834e+03  
7.546673e-02 2.269528e+03 4.100398e+03 5.507308e+03 8.125254e+03  
7.651869e-02 2.229748e+03 4.028856e+03 5.411636e+03 7.985607e+03  
7.758532e-02 2.188523e+03 3.954782e+03 5.312599e+03 7.840984e+03  
7.866682e-02 2.145941e+03 3.878333e+03 5.210404e+03 7.691687e+03  
7.976339e-02 2.102119e+03 3.799721e+03 5.105340e+03 7.538138e+03  
8.087525e-02 2.057189e+03 3.719183e+03 4.997720e+03 7.380799e+03  
8.200261e-02 2.011297e+03 3.636980e+03 4.887896e+03 7.220186e+03  
8.314568e-02 1.964616e+03 3.553421e+03 4.776280e+03 7.056908e+03  
8.430468e-02 1.917339e+03 3.468849e+03 4.663330e+03 6.891643e+03  
8.547985e-02 1.869675e+03 3.383636e+03 4.549545e+03 6.725127e+03  
8.667139e-02 1.821845e+03 3.298175e+03 4.435449e+03 6.558139e+03  
8.787954e-02 1.774077e+03 3.212868e+03 4.321578e+03 6.391473e+03  
8.910453e-02 1.726614e+03 3.128145e+03 4.208508e+03 6.225981e+03  
9.034660e-02 1.679714e+03 3.044462e+03 4.096847e+03 6.062568e+03  
9.160598e-02 1.633612e+03 2.962235e+03 3.987150e+03 5.902056e+03  
9.288292e-02 1.588535e+03 2.881861e+03 3.879945e+03 5.745230e+03  
9.417766e-02 1.544723e+03 2.803764e+03 3.775799e+03 5.592930e+03  
9.549045e-02 1.502433e+03 2.728394e+03 3.675311e+03 5.446046e+03  
9.682153e-02 1.461876e+03 2.656121e+03 3.578972e+03 5.305309e+03  
9.817117e-02 1.423215e+03 2.587230e+03 3.487163e+03 5.171281e+03  
9.953962e-02 1.386620e+03 2.522016e+03 3.400276e+03 5.044546e+03  
1.009272e-01 1.352266e+03 2.460784e+03 3.318714e+03 4.925704e+03  
1.023340e-01 1.320247e+03 2.403695e+03 3.242691e+03 4.815071e+03  
1.037605e-01 1.290582e+03 2.350778e+03 3.172244e+03 4.712707e+03  
1.052069e-01 1.263285e+03 2.302052e+03 3.107396e+03 4.618647e+03  
1.066734e-01 1.238352e+03 2.257506e+03 3.048133e+03 4.532873e+03  
1.081604e-01 1.215694e+03 2.216977e+03 2.994232e+03 4.455058e+03  
1.096681e-01 1.195170e+03 2.180214e+03 2.945359e+03 4.384712e+03  
1.111968e-01 1.176626e+03 2.146939e+03 2.901143e+03 4.321287e+03  
1.127468e-01 1.159875e+03 2.116820e+03 2.861140e+03 4.264130e+03  
1.143184e-01 1.144688e+03 2.089453e+03 2.824811e+03 4.212444e+03  
1.159120e-01 1.130812e+03 2.064387e+03 2.791554e+03 4.165343e+03  
1.175277e-01 1.117972e+03 2.041138e+03 2.760724e+03 4.121867e+03  
1.191660e-01 1.105885e+03 2.019210e+03 2.731660e+03 4.081036e+03  
1.208271e-01 1.094252e+03 1.998077e+03 2.703659e+03 4.041805e+03  
1.225114e-01 1.082749e+03 1.977171e+03 2.675967e+03 4.003049e+03  
1.242191e-01 1.071071e+03 1.955961e+03 2.647874e+03 3.963703e+03  
1.259506e-01 1.058920e+03 1.933926e+03 2.618684e+03 3.922725e+03  
1.277063e-01 1.045976e+03 1.910512e+03 2.587661e+03 3.879004e+03  
1.294865e-01 1.031990e+03 1.885288e+03 2.554228e+03 3.831668e+03  
1.312915e-01 1.016780e+03 1.857940e+03 2.517965e+03 3.780075e+03  
1.331216e-01 1.000159e+03 1.828147e+03 2.478444e+03 3.723573e+03  
1.349772e-01 9.820437e+02 1.795767e+03 2.435477e+03 3.661865e+03  
1.368587e-01 9.624428e+02 1.760823e+03 2.389092e+03 3.594985e+03  
1.387665e-01 9.413821e+02 1.723364e+03 2.339356e+03 3.523022e+03  
1.407008e-01 9.189851e+02 1.683609e+03 2.286559e+03 3.446409e+03  
1.426621e-01 8.954417e+02 1.641893e+03 2.231148e+03 3.365810e+03  
1.446507e-01 8.709677e+02 1.598591e+03 2.173628e+03 3.281985e+03  
1.466671e-01 8.458296e+02 1.554171e+03 2.114620e+03 3.195866e+03  
1.487115e-01 8.203263e+02 1.509153e+03 2.054818e+03 3.108499e+03  
1.507845e-01 7.947759e+02 1.464088e+03 1.994960e+03 3.020997e+03  
1.528864e-01 7.695127e+02 1.419557e+03 1.935818e+03 2.934521e+03  
1.550175e-01 7.448913e+02 1.376172e+03 1.878209e+03 2.850304e+03  
1.571784e-01 7.212442e+02 1.334509e+03 1.822896e+03 2.769494e+03  
1.593694e-01 6.989032e+02 1.295138e+03 1.770641e+03 2.693232e+03  
1.615909e-01 6.781508e+02 1.258544e+03 1.722087e+03 2.622484e+03  
1.638434e-01 6.591633e+02 1.225030e+03 1.677633e+03 2.557848e+03  
1.661273e-01 6.420844e+02 1.194836e+03 1.637598e+03 2.499806e+03  
1.684430e-01 6.269036e+02 1.167941e+03 1.601952e+03 2.448308e+03  
1.707910e-01 6.135486e+02 1.144215e+03 1.570519e+03 2.403094e+03  
1.731717e-01 6.018640e+02 1.123382e+03 1.542934e+03 2.363623e+03  
1.755856e-01 5.916226e+02 1.105048e+03 1.518669e+03 2.329105e+03  
1.780332e-01 5.825722e+02 1.088773e+03 1.497141e+03 2.298670e+03  
1.805149e-01 5.744357e+02 1.074077e+03 1.477710e+03 2.271363e+03  
1.830312e-01 5.669146e+02 1.060444e+03 1.459691e+03 2.246156e+03  
1.855825e-01 5.596939e+02 1.047331e+03 1.442362e+03 2.221964e+03  
1.881694e-01 5.524442e+02 1.034173e+03 1.424970e+03 2.197651e+03  
1.907924e-01 5.448422e+02 1.020415e+03 1.406778e+03 2.172102e+03  
1.934520e-01 5.365764e+02 1.005526e+03 1.387078e+03 2.144241e+03  
1.961486e-01 5.274189e+02 9.891175e+02 1.365353e+03 2.113281e+03  
1.988828e-01 5.171988e+02 9.709019e+02 1.341218e+03 2.078632e+03  
2.016551e-01 5.059022e+02 9.508592e+02 1.314649e+03 2.040250e+03  
2.044661e-01 4.935946e+02 9.291056e+02 1.285799e+03 1.998367e+03  
2.073162e-01 4.804687e+02 9.059739e+02 1.255114e+03 1.953656e+03  
2.102061e-01 4.667691e+02 8.818846e+02 1.223153e+03 1.906968e+03  
2.131362e-01 4.527893e+02 8.573406e+02 1.190588e+03 1.859321e+03  
2.161073e-01 4.388310e+02 8.328573e+02 1.158104e+03 1.811758e+03  
2.191197e-01 4.251922e+02 8.089421e+02 1.126375e+03 1.765301e+03  
2.221741e-01 4.121493e+02 7.860650e+02 1.096027e+03 1.720894e+03  
2.252711e-01 3.999531e+02 7.646504e+02 1.067622e+03 1.679386e+03  
2.284112e-01 3.887814e+02 7.449975e+02 1.041554e+03 1.641370e+03  
2.315951e-01 3.787511e+02 7.273012e+02 1.018081e+03 1.607232e+03  
2.348235e-01 3.698836e+02 7.115939e+02 9.972443e+02 1.577030e+03  
2.380968e-01 3.621141e+02 6.977614e+02 9.788900e+02 1.550535e+03  
2.414157e-01 3.552894e+02 6.855398e+02 9.626675e+02 1.527218e+03  
2.447809e-01 3.491890e+02 6.745524e+02 9.480769e+02 1.506325e+03  
2.481930e-01 3.435522e+02 6.643560e+02 9.345302e+02 1.486973e+03  
2.516527e-01 3.380968e+02 6.544718e+02 9.213926e+02 1.468204e+03  
2.551606e-01 3.325536e+02 6.444453e+02 9.080616e+02 1.449109e+03  
2.587174e-01 3.266892e+02 6.338833e+02 8.940159e+02 1.428897e+03  
2.623238e-01 3.203446e+02 6.225197e+02 8.789031e+02 1.407037e+03  
2.659804e-01 3.134524e+02 6.102438e+02 8.625770e+02 1.383306e+03  
2.696881e-01 3.060317e+02 5.970900e+02 8.450841e+02 1.357777e+03  
2.734474e-01 2.981832e+02 5.832305e+02 8.266541e+02 1.330799e+03  
2.772591e-01 2.900734e+02 5.689468e+02 8.076609e+02 1.302942e+03  
2.811239e-01 2.819071e+02 5.545843e+02 7.885629e+02 1.274899e+03  
2.850426e-01 2.739030e+02 5.405098e+02 7.698459e+02 1.247406e+03  
2.890160e-01 2.662647e+02 5.270639e+02 7.519599e+02 1.221140e+03  
2.930447e-01 2.591524e+02 5.145130e+02 7.352558e+02 1.196629e+03  
2.971296e-01 2.526639e+02 5.030181e+02 7.199450e+02 1.174188e+03  
3.012714e-01 2.468222e+02 4.926148e+02 7.060728e+02 1.153880e+03  
3.054710e-01 2.415717e+02 4.832077e+02 6.935117e+02 1.135513e+03  
3.097291e-01 2.367958e+02 4.745998e+02 6.820009e+02 1.118692e+03  
3.140465e-01 2.323318e+02 4.665180e+02 6.711798e+02 1.102878e+03  
3.184242e-01 2.279984e+02 4.586597e+02 6.606491e+02 1.087470e+03  
3.228628e-01 2.236331e+02 4.507550e+02 6.500532e+02 1.071937e+03  
3.273634e-01 2.191121e+02 4.425987e+02 6.391221e+02 1.055874e+03  
3.319266e-01 2.143700e+02 4.340840e+02 6.277162e+02 1.039074e+03  
3.365535e-01 2.094024e+02 4.252047e+02 6.158282e+02 1.021530e+03  
3.412449e-01 2.042669e+02 4.160581e+02 6.035872e+02 1.003438e+03  
3.460016e-01 1.990752e+02 4.068295e+02 5.912377e+02 9.851649e+02  
3.508247e-01 1.939621e+02 3.977419e+02 5.790733e+02 9.671522e+02  
3.557150e-01 1.890527e+02 3.890011e+02 5.673638e+02 9.498016e+02  
3.606735e-01 1.844321e+02 3.807462e+02 5.562912e+02 9.333824e+02  
3.657011e-01 1.801368e+02 3.730356e+02 5.459308e+02 9.180045e+02  
3.707988e-01 1.761612e+02 3.658582e+02 5.362672e+02 9.036424e+02  
3.759675e-01 1.724640e+02 3.591449e+02 5.272087e+02 8.901580e+02  
3.812083e-01 1.689609e+02 3.527561e+02 5.185722e+02 8.772790e+02  
3.865221e-01 1.655476e+02 3.465205e+02 5.101335e+02 8.646735e+02  
3.919100e-01 1.621301e+02 3.402846e+02 5.016922e+02 8.520459e+02  
3.973730e-01 1.586558e+02 3.339630e+02 4.931373e+02 8.392342e+02  
4.029122e-01 1.551187e+02 3.275466e+02 4.844577e+02 8.262242e+02  
4.085286e-01 1.515414e+02 3.210730e+02 4.757030e+02 8.130908e+02  
4.142232e-01 1.479749e+02 3.146253e+02 4.669819e+02 7.999960e+02  
4.199973e-01 1.444856e+02 3.083113e+02 4.584350e+02 7.871463e+02  
4.258518e-01 1.411358e+02 3.022316e+02 4.501925e+02 7.747320e+02  
4.317880e-01 1.379585e+02 2.964385e+02 4.423219e+02 7.628504e+02  
4.378069e-01 1.349537e+02 2.909310e+02 4.348211e+02 7.514967e+02  
4.439097e-01 1.320968e+02 2.856686e+02 4.276371e+02 7.405923e+02  
4.500975e-01 1.293486e+02 2.805874e+02 4.206867e+02 7.300155e+02  
4.563716e-01 1.266582e+02 2.756052e+02 4.138634e+02 7.196121e+02  
4.627332e-01 1.239862e+02 2.706588e+02 4.070859e+02 7.092649e+02  
4.691835e-01 1.213154e+02 2.657210e+02 4.003195e+02 6.989251e+02  
4.757236e-01 1.186558e+02 2.608080e+02 3.935853e+02 6.886245e+02  
4.823549e-01 1.160287e+02 2.559540e+02 3.869275e+02 6.784273e+02  
4.890787e-01 1.134637e+02 2.512059e+02 3.804065e+02 6.684205e+02  
4.958962e-01 1.109892e+02 2.466084e+02 3.740796e+02 6.586853e+02  
5.028087e-01 1.086143e+02 2.421755e+02 3.679641e+02 6.492455e+02  
5.098176e-01 1.063301e+02 2.378923e+02 3.620406e+02 6.400728e+02  
5.169242e-01 1.041218e+02 2.337353e+02 3.562787e+02 6.311233e+02  
5.241298e-01 1.019677e+02 2.296695e+02 3.506338e+02 6.223338e+02  
5.314359e-01 9.984513e+01 2.256596e+02 3.450607e+02 6.136409e+02  
5.388438e-01 9.774907e+01 2.216974e+02 3.395493e+02 6.050311e+02  
5.463550e-01 9.568716e+01 2.177950e+02 3.341151e+02 5.965263e+02  
5.539709e-01 9.366585e+01 2.139624e+02 3.287707e+02 5.881445e+02  
5.616930e-01 9.169852e+01 2.102203e+02 3.235421e+02 5.799218e+02  
5.695227e-01 8.979505e+01 2.065835e+02 3.184482e+02 5.718837e+02  
5.774615e-01 8.794908e+01 2.030421e+02 3.134757e+02 5.640115e+02  
5.855110e-01 8.615506e+01 1.995869e+02 3.086133e+02 5.562892e+02  
5.936727e-01 8.440528e+01 1.962058e+02 3.038456e+02 5.486955e+02  
6.019482e-01 8.268769e+01 1.928803e+02 2.991492e+02 5.411985e+02  
6.103390e-01 8.100257e+01 1.896106e+02 2.945244e+02 5.337989e+02  
6.188468e-01 7.935361e+01 1.864023e+02 2.899783e+02 5.265062e+02  
6.274732e-01 7.774147e+01 1.832562e+02 2.855118e+02 5.193218e+02  
6.362198e-01 7.617428e+01 1.801845e+02 2.811400e+02 5.122653e+02  
6.450884e-01 7.464858e+01 1.771816e+02 2.768557e+02 5.053272e+02  
6.540806e-01 7.316181e+01 1.742436e+02 2.726538e+02 4.985002e+02  
6.631981e-01 7.170929e+01 1.713630e+02 2.685254e+02 4.917722e+02  
6.724427e-01 7.028812e+01 1.685355e+02 2.644647e+02 4.851359e+02  
6.818162e-01 6.889865e+01 1.657613e+02 2.604722e+02 4.785917e+02  
6.913204e-01 6.754116e+01 1.630409e+02 2.565481e+02 4.721397e+02  
7.009570e-01 6.621548e+01 1.603736e+02 2.526919e+02 4.657791e+02  
7.107280e-01 6.492096e+01 1.577585e+02 2.489020e+02 4.595078e+02  
7.206351e-01 6.365680e+01 1.551942e+02 2.451769e+02 4.533235e+02  
7.306804e-01 6.242211e+01 1.526791e+02 2.415145e+02 4.472235e+02  
7.408657e-01 6.121607e+01 1.502120e+02 2.379132e+02 4.412055e+02  
7.511929e-01 6.003780e+01 1.477914e+02 2.343711e+02 4.352671e+02  
7.616642e-01 5.888631e+01 1.454157e+02 2.308863e+02 4.294056e+02  
7.722814e-01 5.776071e+01 1.430834e+02 2.274569e+02 4.236186e+02  
7.830465e-01 5.666043e+01 1.407937e+02 2.240818e+02 4.179046e+02  
7.939618e-01 5.558489e+01 1.385454e+02 2.207597e+02 4.122619e+02  
8.050292e-01 5.453337e+01 1.363376e+02 2.174891e+02 4.066884e+02  
8.162509e-01 5.350533e+01 1.341692e+02 2.142690e+02 4.011828e+02  
8.276289e-01 5.250025e+01 1.320393e+02 2.110982e+02 3.957436e+02  
8.391656e-01 5.151752e+01 1.299471e+02 2.079754e+02 3.903691e+02  
8.508632e-01 5.055652e+01 1.278914e+02 2.048995e+02 3.850577e+02  
8.627237e-01 4.961672e+01 1.258715e+02 2.018694e+02 3.798080e+02  
8.747496e-01 4.869752e+01 1.238863e+02 1.988838e+02 3.746186e+02  
8.869432e-01 4.779827e+01 1.219348e+02 1.959416e+02 3.694877e+02  
8.993067e-01 4.691840e+01 1.200162e+02 1.930416e+02 3.644142e+02  
9.118425e-01 4.605751e+01 1.181297e+02 1.901830e+02 3.593968e+02  
9.245531e-01 4.521511e+01 1.162746e+02 1.873649e+02 3.544345e+02  
9.374409e-01 4.439067e+01 1.144501e+02 1.845862e+02 3.495259e+02  
9.505083e-01 4.358376e+01 1.126553e+02 1.818461e+02 3.446701e+02  
9.637579e-01 4.279394e+01 1.108898e+02 1.791437e+02 3.398660e+02  
9.771921e-01 4.202071e+01 1.091526e+02 1.764782e+02 3.351124e+02  
9.908137e-01 4.126358e+01 1.074430e+02 1.738486e+02 3.304084e+02  
1.004625e+00 4.052219e+01 1.057605e+02 1.712543e+02 3.257531e+02  
1.018629e+00 3.979616e+01 1.041045e+02 1.686945e+02 3.211456e+02  
1.032828e+00 3.908506e+01 1.024742e+02 1.661684e+02 3.165851e+02  
1.047225e+00 3.838848e+01 1.008690e+02 1.636754e+02 3.120707e+02  
1.061823e+00 3.770608e+01 9.928853e+01 1.612148e+02 3.076018e+02  
1.076624e+00 3.703745e+01 9.773203e+01 1.587858e+02 3.031774e+02  
1.091632e+00 3.638217e+01 9.619893e+01 1.563878e+02 2.987969e+02  
1.106848e+00 3.573995e+01 9.468876e+01 1.540203e+02 2.944597e+02  
1.122277e+00 3.511052e+01 9.320109e+01 1.516827e+02 2.901651e+02  
1.137921e+00 3.449354e+01 9.173542e+01 1.493744e+02 2.859127e+02  
1.153783e+00 3.388869e+01 9.029127e+01 1.470950e+02 2.817018e+02  
1.169866e+00 3.329567e+01 8.886820e+01 1.448439e+02 2.775319e+02  
1.186174e+00 3.271415e+01 8.746570e+01 1.426205e+02 2.734025e+02  
1.202708e+00 3.214375e+01 8.608326e+01 1.404244e+02 2.693130e+02  
1.219473e+00 3.158423e+01 8.472051e+01 1.382550e+02 2.652629e+02  
1.236472e+00 3.103536e+01 8.337710e+01 1.361119e+02 2.612520e+02  
1.253708e+00 3.049689e+01 8.205266e+01 1.339949e+02 2.572798e+02  
1.271184e+00 2.996855e+01 8.074681e+01 1.319034e+02 2.533460e+02  
1.288904e+00 2.945011e+01 7.945919e+01 1.298370e+02 2.494502e+02  
1.306870e+00 2.894130e+01 7.818945e+01 1.277955e+02 2.455921e+02  
1.325087e+00 2.844182e+01 7.693716e+01 1.257782e+02 2.417713e+02  
1.343558e+00 2.795145e+01 7.570202e+01 1.237850e+02 2.379875e+02  
1.362287e+00 2.747001e+01 7.448375e+01 1.218154e+02 2.342405e+02  
1.381276e+00 2.699729e+01 7.328206e+01 1.198693e+02 2.305301e+02  
1.400531e+00 2.653308e+01 7.209667e+01 1.179462e+02 2.268560e+02  
1.420053e+00 2.607720e+01 7.092729e+01 1.160459e+02 2.232181e+02  
1.439848e+00 2.562944e+01 6.977366e+01 1.141682e+02 2.196161e+02  
1.459919e+00 2.518960e+01 6.863550e+01 1.123127e+02 2.160498e+02  
1.480269e+00 2.475747e+01 6.751252e+01 1.104790e+02 2.125191e+02  
1.500903e+00 2.433288e+01 6.640450e+01 1.086671e+02 2.090239e+02  
1.521825e+00 2.391567e+01 6.531120e+01 1.068767e+02 2.055639e+02  
1.543038e+00 2.350564e+01 6.423238e+01 1.051075e+02 2.021391e+02  
1.564548e+00 2.310264e+01 6.316781e+01 1.033592e+02 1.987493e+02  
1.586357e+00 2.270652e+01 6.211731e+01 1.016317e+02 1.953945e+02  
1.608469e+00 2.231711e+01 6.108065e+01 9.992481e+01 1.920745e+02  
1.630891e+00 2.193426e+01 6.005762e+01 9.823825e+01 1.887893e+02  
1.653624e+00 2.155784e+01 5.904806e+01 9.657188e+01 1.855388e+02  
1.676675e+00 2.118772e+01 5.805177e+01 9.492550e+01 1.823229e+02  
1.700047e+00 2.082374e+01 5.706857e+01 9.329892e+01 1.791417e+02  
1.723745e+00 2.046577e+01 5.609828e+01 9.169198e+01 1.759949e+02  
1.747773e+00 2.011370e+01 5.514074e+01 9.010451e+01 1.728827e+02  
1.772136e+00 1.976738e+01 5.419578e+01 8.853633e+01 1.698049e+02  
1.796838e+00 1.942668e+01 5.326323e+01 8.698729e+01 1.667615e+02  
1.821885e+00 1.909150e+01 5.234293e+01 8.545724e+01 1.637525e+02  
1.847281e+00 1.876172e+01 5.143476e+01 8.394604e+01 1.607779e+02  
1.873032e+00 1.843723e+01 5.053857e+01 8.245354e+01 1.578377e+02  
1.899141e+00 1.811793e+01 4.965420e+01 8.097960e+01 1.549318e+02  
1.925614e+00 1.780371e+01 4.878153e+01 7.952409e+01 1.520602e+02  
1.952456e+00 1.749448e+01 4.792044e+01 7.808688e+01 1.492229e+02  
1.979672e+00 1.719012e+01 4.707078e+01 7.666784e+01 1.464199e+02  
2.007267e+00 1.689054e+01 4.623243e+01 7.526684e+01 1.436512e+02  
2.035248e+00 1.659566e+01 4.540527e+01 7.388377e+01 1.409167e+02  
2.063618e+00 1.630539e+01 4.458920e+01 7.251850e+01 1.382166e+02  
2.092383e+00 1.601964e+01 4.378408e+01 7.117092e+01 1.355506e+02  
2.121550e+00 1.573833e+01 4.298982e+01 6.984091e+01 1.329189e+02  
2.151123e+00 1.546137e+01 4.220630e+01 6.852838e+01 1.303214e+02  
2.181109e+00 1.518869e+01 4.143342e+01 6.723319e+01 1.277580e+02  
2.211512e+00 1.492020e+01 4.067107e+01 6.595525e+01 1.252288e+02  
2.242340e+00 1.465584e+01 3.991914e+01 6.469446e+01 1.227337e+02  
2.273597e+00 1.439553e+01 3.917755e+01 6.345069e+01 1.202726e+02  
2.305289e+00 1.413920e+01 3.844619e+01 6.222386e+01 1.178456e+02  
2.337424e+00 1.388678e+01 3.772497e+01 6.101386e+01 1.154526e+02  
2.370006e+00 1.363821e+01 3.701379e+01 5.982059e+01 1.130935e+02  
2.403043e+00 1.339341e+01 3.631257e+01 5.864394e+01 1.107682e+02  
2.436540e+00 1.315234e+01 3.562120e+01 5.748383e+01 1.084767e+02  
2.470504e+00 1.291492e+01 3.493961e+01 5.634014e+01 1.062190e+02  
2.504942e+00 1.268111e+01 3.426771e+01 5.521279e+01 1.039948e+02  
2.539859e+00 1.245084e+01 3.360541e+01 5.410167e+01 1.018042e+02  
2.575263e+00 1.222406e+01 3.295262e+01 5.300668e+01 9.964693e+01  
2.611161e+00 1.200072e+01 3.230927e+01 5.192773e+01 9.752301e+01  
2.647559e+00 1.178076e+01 3.167528e+01 5.086473e+01 9.543226e+01  
2.684465e+00 1.156413e+01 3.105055e+01 4.981756e+01 9.337456e+01  
2.721885e+00 1.135077e+01 3.043500e+01 4.878614e+01 9.134976e+01  
2.759826e+00 1.114065e+01 2.982857e+01 4.777036e+01 8.935771e+01  
2.798297e+00 1.093372e+01 2.923117e+01 4.677012e+01 8.739825e+01  
2.837304e+00 1.072992e+01 2.864272e+01 4.578533e+01 8.547121e+01  
2.876854e+00 1.052921e+01 2.806314e+01 4.481588e+01 8.357641e+01  
2.916956e+00 1.033156e+01 2.749236e+01 4.386168e+01 8.171367e+01  
2.957617e+00 1.013692e+01 2.693030e+01 4.292262e+01 7.988277e+01  
2.998844e+00 9.945243e+00 2.637689e+01 4.199859e+01 7.808351e+01  
3.040646e+00 9.756496e+00 2.583205e+01 4.108950e+01 7.631567e+01  
3.083031e+00 9.570635e+00 2.529571e+01 4.019524e+01 7.457902e+01  
3.126007e+00 9.387620e+00 2.476778e+01 3.931569e+01 7.287334e+01  
3.169582e+00 9.207416e+00 2.424821e+01 3.845076e+01 7.119836e+01  
3.213764e+00 9.029987e+00 2.373691e+01 3.760032e+01 6.955385e+01  
3.258562e+00 8.855297e+00 2.323380e+01 3.676428e+01 6.793953e+01  
3.303985e+00 8.683310e+00 2.273883e+01 3.594252e+01 6.635514e+01  
3.350041e+00 8.513994e+00 2.225191e+01 3.513492e+01 6.480040e+01  
3.396739e+00 8.347313e+00 2.177296e+01 3.434137e+01 6.327502e+01  
3.444087e+00 8.183233e+00 2.130193e+01 3.356174e+01 6.177872e+01  
3.492096e+00 8.021723e+00 2.083873e+01 3.279593e+01 6.031119e+01  
3.540774e+00 7.862750e+00 2.038330e+01 3.204381e+01 5.887213e+01  
3.590130e+00 7.706284e+00 1.993555e+01 3.130525e+01 5.746123e+01  
3.640175e+00 7.552293e+00 1.949542e+01 3.058012e+01 5.607818e+01  
3.690917e+00 7.400748e+00 1.906284e+01 2.986832e+01 5.472264e+01  
3.742366e+00 7.251620e+00 1.863772e+01 2.916970e+01 5.339430e+01  
3.794533e+00 7.104878e+00 1.822001e+01 2.848413e+01 5.209283e+01  
3.847427e+00 6.960495e+00 1.780962e+01 2.781148e+01 5.081789e+01  
3.901058e+00 6.818443e+00 1.740649e+01 2.715162e+01 4.956913e+01  
3.955436e+00 6.678693e+00 1.701054e+01 2.650441e+01 4.834623e+01  
4.010573e+00 6.541219e+00 1.662170e+01 2.586972e+01 4.714883e+01  
4.066478e+00 6.405992e+00 1.623989e+01 2.524740e+01 4.597659e+01  
4.123163e+00 6.272988e+00 1.586504e+01 2.463731e+01 4.482915e+01  
4.180637e+00 6.142179e+00 1.549708e+01 2.403932e+01 4.370616e+01  
4.238913e+00 6.013538e+00 1.513593e+01 2.345327e+01 4.260728e+01  
4.298001e+00 5.887042e+00 1.478152e+01 2.287903e+01 4.153213e+01  
4.357913e+00 5.762664e+00 1.443377e+01 2.231645e+01 4.048038e+01  
4.418660e+00 5.640379e+00 1.409262e+01 2.176537e+01 3.945165e+01  
4.480254e+00 5.520163e+00 1.375798e+01 2.122565e+01 3.844559e+01  
4.542706e+00 5.401991e+00 1.342978e+01 2.069714e+01 3.746184e+01  
4.606029e+00 5.285839e+00 1.310795e+01 2.017969e+01 3.650005e+01  
4.670234e+00 5.171682e+00 1.279241e+01 1.967315e+01 3.555985e+01  
4.735335e+00 5.059496e+00 1.248307e+01 1.917737e+01 3.464088e+01  
4.801343e+00 4.949259e+00 1.217988e+01 1.869218e+01 3.374280e+01  
4.868271e+00 4.840947e+00 1.188275e+01 1.821745e+01 3.286524e+01  
4.936132e+00 4.734535e+00 1.159160e+01 1.775300e+01 3.200786e+01  
5.004939e+00 4.630002e+00 1.130635e+01 1.729870e+01 3.117029e+01  
5.074705e+00 4.527325e+00 1.102694e+01 1.685438e+01 3.035218e+01  
5.145444e+00 4.426480e+00 1.075328e+01 1.641989e+01 2.955319e+01  
5.217169e+00 4.327445e+00 1.048529e+01 1.599508e+01 2.877296e+01  
5.289893e+00 4.230198e+00 1.022291e+01 1.557979e+01 2.801116e+01  
5.363631e+00 4.134716e+00 9.966037e+00 1.517386e+01 2.726744e+01  
5.438397e+00 4.040978e+00 9.714609e+00 1.477714e+01 2.654145e+01  
5.514206e+00 3.948962e+00 9.468545e+00 1.438949e+01 2.583287e+01  
5.591071e+00 3.858645e+00 9.227766e+00 1.401073e+01 2.514135e+01  
5.669007e+00 3.770006e+00 8.992193e+00 1.364073e+01 2.446656e+01  
5.748030e+00 3.683023e+00 8.761749e+00 1.327932e+01 2.380818e+01  
5.828155e+00 3.597676e+00 8.536356e+00 1.292636e+01 2.316588e+01  
5.909396e+00 3.513943e+00 8.315935e+00 1.258169e+01 2.253934e+01  
5.991770e+00 3.431802e+00 8.100408e+00 1.224517e+01 2.192823e+01  
6.075292e+00 3.351234e+00 7.889697e+00 1.191665e+01 2.133224e+01  
6.159978e+00 3.272216e+00 7.683725e+00 1.159597e+01 2.075107e+01  
6.245845e+00 3.194728e+00 7.482413e+00 1.128300e+01 2.018440e+01  
6.332908e+00 3.118750e+00 7.285685e+00 1.097757e+01 1.963193e+01  
6.421186e+00 3.044261e+00 7.093463e+00 1.067956e+01 1.909336e+01  
6.510694e+00 2.971240e+00 6.905671e+00 1.038881e+01 1.856839e+01  
6.601449e+00 2.899668e+00 6.722232e+00 1.010519e+01 1.805673e+01  
6.693470e+00 2.829524e+00 6.543069e+00 9.828548e+00 1.755810e+01  
6.786773e+00 2.760788e+00 6.368107e+00 9.558750e+00 1.707220e+01  
6.881377e+00 2.693441e+00 6.197271e+00 9.295657e+00 1.659877e+01  
6.977300e+00 2.627462e+00 6.030485e+00 9.039131e+00 1.613751e+01  
7.074559e+00 2.562833e+00 5.867677e+00 8.789040e+00 1.568817e+01  
7.173175e+00 2.499532e+00 5.708770e+00 8.545247e+00 1.525047e+01  
7.273165e+00 2.437541e+00 5.553693e+00 8.307623e+00 1.482415e+01  
7.374549e+00 2.376841e+00 5.402372e+00 8.076035e+00 1.440895e+01  
7.477346e+00 2.317413e+00 5.254736e+00 7.850357e+00 1.400462e+01  
7.581576e+00 2.259237e+00 5.110712e+00 7.630460e+00 1.361091e+01  
7.687260e+00 2.202294e+00 4.970231e+00 7.416220e+00 1.322757e+01  
7.794416e+00 2.146565e+00 4.833221e+00 7.207514e+00 1.285435e+01  
7.903066e+00 2.092033e+00 4.699614e+00 7.004218e+00 1.249103e+01  
8.013230e+00 2.038678e+00 4.569341e+00 6.806214e+00 1.213737e+01  
8.124930e+00 1.986481e+00 4.442334e+00 6.613384e+00 1.179313e+01  
8.238187e+00 1.935425e+00 4.318525e+00 6.425610e+00 1.145810e+01  
8.353023e+00 1.885490e+00 4.197848e+00 6.242778e+00 1.113205e+01  
8.469460e+00 1.836660e+00 4.080238e+00 6.064776e+00 1.081477e+01  
8.587519e+00 1.788916e+00 3.965630e+00 5.891492e+00 1.050604e+01  
8.707225e+00 1.742240e+00 3.853960e+00 5.722818e+00 1.020566e+01  
8.828599e+00 1.696614e+00 3.745164e+00 5.558646e+00 9.913414e+00  
8.951665e+00 1.652020e+00 3.639180e+00 5.398870e+00 9.629112e+00  
9.076446e+00 1.608442e+00 3.535947e+00 5.243387e+00 9.352556e+00  
9.202967e+00 1.565862e+00 3.435405e+00 5.092096e+00 9.083552e+00  
9.331251e+00 1.524262e+00 3.337493e+00 4.944895e+00 8.821912e+00  
9.461324e+00 1.483625e+00 3.242153e+00 4.801687e+00 8.567452e+00  
9.593209e+00 1.443935e+00 3.149326e+00 4.662376e+00 8.319990e+00  
9.726934e+00 1.405174e+00 3.058957e+00 4.526867e+00 8.079351e+00  
9.862522e+00 1.367326e+00 2.970988e+00 4.395066e+00 7.845361e+00  
1.000000e+01 1.330374e+00 2.885364e+00 4.266884e+00 7.617850e+00  
