0.18520924
0.17036967
0.18557552
0.17808233
0.173464
0.17511787
0.1741744
0.17209807
0.1623344
0.17534673
0.17963634
0.18259874
0.18007146
0.16667046
0.16721043
0.16966367
0.18102343
0.1685122
0.1651581
0.1669434
0.18500409
0.16679859
0.18163401
0.18325217
0.17583096
0.17838629
0.17003202
0.18525517
0.16643336
0.17077726
0.16567507
0.1707215
0.16942623
0.16423129
0.17795241
0.16899495
0.16466495
0.16507758
0.17982322
0.16925617
0.17804058
0.1647622
0.16297233
0.17900969
0.17067973
0.17399573
0.17245996
0.16571817
0.16227128
0.1731558
0.17144734
0.17016561
0.15965627
0.17171857
0.17486465
0.17105265
0.18077654
0.1797853
0.16823544
0.16646059
0.17256291
0.17147681
0.18240842
0.16053274
0.16676567
0.17187463
0.17383051
0.17104468
0.18070717
0.18083492
