0.88732356
0.9250446
0.9308917
0.93440634
0.9366815
0.93784076
0.9396586
0.9398892
0.94131595
0.94180256
0.94209045
0.94294393
0.9435834
0.9439656
0.9446701
0.94487387
0.9455147
0.94628537
0.94671845
0.9471223
0.947293
0.94787896
0.94779235
0.94785094
0.94842166
0.94829684
0.94901913
0.9490344
0.9489338
0.94933504
0.9496038
0.9495388
0.9498892
0.950042
0.9502752
0.95057833
0.95032483
0.9507465
0.95041144
0.9509146
0.95077837
0.9511541
0.95139617
0.9512879
0.95141655
0.9513376
0.95155543
0.95171595
0.95175284
0.9516331
0.95196944
0.95218855
0.9520102
0.9518382
0.9521032
0.95218855
0.9521949
0.952135
0.9521414
0.9522051
0.95278347
0.9525338
0.9524433
0.9524433
0.95279366
0.9526726
0.95266116
0.9528217
0.95285606
0.9527516
