1
3
4
5
6
7
9
10
12
17
18
19
20
21
23
24
25
26
27
28
29
30
31
38
39
40
41
42
43
45
46
47
48
49
50
52
55
57
58
59
62
63
64
67
68
69
71
72
73
75
76
77
78
81
83
85
86
87
88
90
93
94
95
97
100
101
102
103
104
106
107
108
109
110
111
113
114
116
117
118
119
120
121
125
126
128
129
130
131
132
133
136
137
139
140
141
143
144
145
146
147
148
149
150
155
156
157
158
159
160
161
162
163
165
166
168
171
172
174
175
176
177
178
179
180
182
183
184
185
186
187
188
189
191
192
194
195
196
197
199
200
201
202
203
204
205
208
209
210
211
214
215
217
219
220
221
222
223
225
227
228
229
230
231
232
235
236
237
238
239
241
242
243
244
245
246
247
250
251
252
253
254
257
258
259
260
261
262
264
265
266
267
268
269
270
271
273
275
276
277
278
281
285
287
290
291
292
293
294
295
297
298
299
300
301
302
303
304
305
307
308
309
311
312
313
314
315
316
318
320
321
323
326
327
328
329
330
332
333
334
335
336
338
341
342
343
344
346
347
349
350
351
353
356
357
359
360
361
362
363
364
366
367
369
370
372
373
374
375
378
379
380
381
382
383
384
386
387
388
389
390
391
392
394
395
396
397
398
399
400
401
402
404
405
406
407
408
410
411
412
414
416
417
418
420
423
424
426
427
428
429
430
431
432
433
435
436
437
438
440
441
442
443
445
446
449
450
453
454
455
457
459
462
463
464
465
468
469
471
472
473
474
475
477
478
481
483
484
486
487
488
489
490
491
492
493
496
497
498
499
500
501
503
504
505
506
507
508
509
510
511
512
513
515
516
517
520
521
522
523
524
525
526
527
528
530
532
536
538
539
540
541
542
543
544
545
546
547
548
550
551
553
555
557
559
560
561
562
563
564
565
566
569
570
571
572
573
574
575
576
579
580
581
583
584
585
588
589
590
594
595
596
597
598
599
600
601
604
605
606
607
608
609
610
612
613
614
615
616
617
618
619
620
621
622
623
625
627
629
630
632
634
635
637
641
643
645
646
647
649
650
651
652
653
654
657
658
659
661
662
663
664
666
668
670
672
673
674
676
677
678
679
680
681
682
683
685
688
690
692
694
695
696
697
698
699
700
701
703
704
706
708
709
710
712
713
714
715
717
718
721
722
723
724
725
726
727
728
729
731
732
734
736
737
739
741
742
743
744
747
748
749
750
751
752
753
754
755
756
758
759
762
763
766
767
770
772
773
774
775
777
778
779
780
782
784
786
787
789
790
791
797
798
799
800
801
802
803
804
806
807
808
809
810
811
812
813
814
817
818
819
821
824
825
826
827
829
830
831
832
833
834
835
836
837
838
839
840
841
842
843
846
847
848
849
850
851
853
854
855
857
858
859
861
862
863
864
865
866
867
871
872
873
874
875
876
877
878
879
880
881
882
883
886
887
888
890
891
892
894
895
896
897
899
901
902
905
906
907
908
909
910
912
914
916
917
918
920
921
922
924
925
926
927
928
929
930
931
934
935
936
937
938
939
940
941
942
943
944
946
947
948
949
950
951
952
953
954
955
956
957
959
960
963
966
967
968
970
971
972
973
974
976
978
979
980
981
983
985
987
988
990
991
992
993
994
995
996
998
1000
1001
1002
1003
1004
1005
1007
1012
1014
1015
1016
1021
1022
1023
1024
1026
1027
1029
1030
1032
1033
1034
1036
1037
1038
1041
1043
1044
1046
1047
1048
1049
1051
1052
1055
1056
1057
1058
1059
1062
1063
1064
1065
1066
1067
1069
1070
1071
1072
1073
1074
1075
1076
1077
1078
1079
1081
1082
1083
1084
1085
1086
1087
1088
1091
1092
1093
1094
1095
1096
1097
1099
1100
1101
1105
1107
1108
1110
1111
1112
1114
1115
1116
1118
1119
1121
1122
1126
1128
1130
1131
1132
1134
1135
1136
1138
1139
1142
1144
1146
1147
1148
1149
1150
1151
1152
1159
1160
1162
1166
1168
1169
1171
1172
1173
1174
1175
1176
1177
1178
1179
1180
1181
1182
1184
1185
1186
1189
1190
1191
1192
1193
1194
1195
1200
1201
1203
1204
1206
1207
1208
1209
1211
1212
1213
1214
1215
1216
1217
1218
1219
1221
1222
1223
1226
1227
1229
1232
1234
1235
1236
1237
1238
1240
1241
1242
1243
1245
1246
1249
1250
1251
1253
1254
1255
1256
1258
1259
1260
1262
1263
1264
1267
1270
1271
1273
1274
1276
1277
1278
1279
1281
1282
1283
1284
1285
1286
1287
1290
1291
1292
1293
1294
1295
1296
1297
1299
1301
1303
1304
1305
1306
1308
1309
1310
1311
1312
1313
1316
1319
1320
1322
1325
1327
1328
1330
1332
1333
1335
1338
1340
1341
1342
1343
1345
1347
1348
1349
1350
1352
1353
1354
1355
1356
1357
1358
1360
1361
1362
1363
1364
1365
1366
1368
1370
1371
1374
1376
1377
1380
1381
1383
1384
1386
1387
1388
1389
1390
1392
1396
1398
1400
1401
1402
1404
1405
1406
1409
1410
1411
1413
1416
1417
1419
1420
1424
1425
1427
1430
1431
1432
1433
1434
1435
1436
1437
1439
1440
1441
1442
1443
1444
1445
1447
1448
1449
1450
1452
1454
1456
1458
1459
1460
1461
1463
1464
1465
1466
1467
1468
1469
1470
1471
1472
1473
1474
1479
1480
1481
1482
1484
1485
1486
1487
1489
1491
1492
1494
1495
1496
1497
1498
1499
1500
1501
1504
1505
1506
1507
1509
1510
1512
1513
1514
1517
1518
1519
1521
1522
1523
1524
1525
1526
1528
1529
1530
1531
1532
1533
1534
1535
1536
1539
1540
1542
1544
1546
1548
1549
1550
1551
1552
1553
1555
1556
1557
1558
1559
1560
1561
1562
1563
1564
1566
1567
1568
1569
1570
1571
1572
1573
1574
1575
1580
1581
1582
1583
1584
1585
1586
1587
1589
1590
1592
1593
1595
1596
1597
1598
1599
1600
1601
1605
1606
1607
1610
1611
1616
1617
1619
1621
1624
1626
1627
1628
1629
1630
1631
1632
1633
1634
1636
1637
1638
1639
1640
1641
1643
1644
1645
1648
1649
1650
1652
1653
1654
1655
1657
1658
1661
1663
1664
1666
1667
1668
1670
1671
1672
1677
1679
1680
1688
1689
1690
1692
1695
1696
1697
1698
1700
1703
1704
1705
1706
1707
1708
1712
1715
1717
1718
1720
1721
1722
1723
1725
1726
1727
1728
1729
1730
1731
1732
1733
1736
1737
1738
1739
1740
1741
1742
1743
1744
1745
1746
1747
1750
1751
1752
1755
1756
1757
1760
1761
1765
1766
1767
1768
1769
1770
1771
1772
1773
1774
1776
1777
1778
1779
1780
1781
1783
1784
1785
1786
1787
1788
1789
1790
1791
1792
1793
1795
1796
1797
1798
1799
1803
1804
1805
1806
1807
1810
1813
1814
1815
1816
1819
1820
1822
1824
1825
1826
1827
1828
1829
1830
1832
1834
1835
1836
1838
1839
1840
1841
1844
1845
1846
1847
1848
1849
1850
1851
1852
1853
1854
1857
1858
1859
1860
1861
1862
1863
1865
1866
1867
1868
1870
1873
1874
1875
1877
1878
1879
1880
1881
1882
1883
1884
1885
1887
1889
1890
1891
1892
1893
1894
1898
1899
1900
1903
1904
1905
1907
1910
1911
1913
1915
1916
1917
1918
1920
1922
1924
1925
1926
1927
1928
1930
1931
1932
1933
1934
1935
1936
1937
1938
1940
1941
1942
1943
1944
1945
1946
1947
1948
1949
1950
1951
1952
1954
1955
1956
1957
1958
1959
1961
1962
1963
1966
1967
1969
1971
1972
1974
1975
1976
1977
1979
1981
1982
1983
1984
1985
1986
1987
1988
1990
1991
1992
1993
1994
1995
1996
1997
1998
2000
2001
2004
2006
2007
2009
2011
2012
2013
2014
2015
2016
2017
2018
2019
2020
2023
2026
2028
2029
2031
2032
2034
2036
2037
2038
2040
2041
2042
2043
2044
2045
2046
2047
2048
2051
2053
2054
2055
2058
2059
2060
2062
2065
2067
2068
2070
2071
2074
2075
2077
2078
2079
2081
2084
2085
2088
2092
2094
2095
2097
2098
2099
2100
2101
2102
2103
2105
2106
2107
2110
2111
2113
2114
2115
2117
2119
2120
2121
2124
2126
2129
2130
2131
2132
2134
2135
2137
2138
2139
2140
2141
2142
2144
2145
2147
2148
2150
2152
2153
2154
2156
2157
2158
2163
2164
2165
2166
2167
2168
2170
2171
2172
2173
2175
2176
2177
2178
2181
2182
2183
2185
2186
2187
2188
2189
2192
2193
2194
2197
2198
2201
2202
2203
2204
2205
2206
2207
2209
2210
2212
2213
2214
2215
2216
2218
2219
2220
2221
2222
2224
2225
2226
2227
2228
2232
2233
2234
2235
2236
2237
2238
2240
2241
2243
2244
2246
2248
2252
2253
2256
2257
2259
2260
2261
2263
2264
2266
2267
2268
2269
2270
2271
2272
2273
2274
2276
2277
2278
2280
2281
2283
2286
2287
2288
2289
2291
2292
2293
2295
2296
2297
2298
2302
2303
2304
2305
2306
2307
2310
2311
2312
2313
2315
2317
2318
2319
2321
2322
2324
2326
2327
2328
2329
2330
2331
2332
2333
2334
2335
2336
2337
2338
2340
2341
2342
2345
2346
2347
2348
2349
2350
2351
2352
2357
2360
2361
2362
2365
2366
2367
2368
2369
2372
2373
2375
2376
2377
2378
2380
2381
2384
2385
2386
2387
2389
2390
2391
2392
2393
2394
2396
2397
2399
2400
2402
2403
2404
2407
2408
2409
2410
2413
2416
2417
2418
2420
2421
2422
2423
2424
2426
2428
2429
2430
2431
2432
2433
2434
2437
2438
2442
2443
2446
2447
2448
2449
2450
2451
2454
2455
2456
2457
2459
2460
2461
2463
2467
2469
2470
2472
2476
2478
2480
2481
2482
2484
2485
2486
2487
2489
2492
2493
2494
2496
2497
2498
2499
2500
2501
2502
2504
2505
2506
2507
2508
2509
2510
2511
2512
2513
2514
2515
2516
2519
2520
2521
2522
2523
2524
2525
2526
2527
2528
2532
2536
2538
2539
2540
2541
2544
2545
2546
2547
2548
2551
2553
2554
2556
2557
2558
2559
2560
2562
2563
2564
2566
2567
2568
2569
2570
2571
2572
2573
2574
2575
2576
2578
2579
2580
2581
2583
2584
2585
2588
2589
2591
2595
2598
2599
2600
2601
2602
2603
2605
2606
2607
2608
2609
2610
2611
2612
2613
2617
2618
2619
2622
2623
2625
2626
2628
2630
2632
2633
2636
2637
2639
2640
2641
2642
2645
2646
2647
2650
2651
2653
2655
2656
2657
2658
2659
2661
2662
2663
2664
2665
2666
2667
2668
2669
2670
2671
2672
2674
2675
2676
2677
2679
2680
2681
2682
2686
2687
2688
2689
2691
2692
2693
2696
2697
2698
2699
2700
2701
2702
2707
2708
2709
2711
2712
2714
2715
2716
2717
2722
2723
2726
2727
2728
2729
2730
2731
2732
2734
2735
2736
2737
2738
2739
2741
2744
2747
2748
2749
2751
2753
2754
2755
2756
2757
2758
2759
2760
2761
2762
2763
2765
2766
2768
2769
2772
2773
2774
2775
2776
2777
2778
2779
2780
2781
2783
2784
2785
2786
2787
2788
2792
2793
2794
2795
2797
2799
2800
2801
2802
2804
2805
2806
2808
2810
2811
2812
2813
2814
2816
2817
2818
2819
2820
2821
2822
2824
2825
2826
2830
2831
2832
2833
2834
2838
2839
2841
2842
2845
2848
2849
2850
2851
2852
2853
2854
2855
2856
2857
2858
2859
2861
2863
2864
2865
2868
2869
2870
2872
2873
2875
2876
2877
2878
2879
2880
2882
2883
2885
2886
2887
2888
2889
2893
2894
2896
2897
2898
2899
2902
2903
2904
2905
2906
2907
2908
2909
2910
2911
2912
2913
2915
2916
2917
2918
2920
2921
2922
2924
2927
2928
2929
2931
2933
2934
2936
2937
2941
2942
2943
2944
2947
2948
2949
2950
2951
2952
2953
2955
2956
2957
2961
2964
2966
2967
2969
2970
2971
2972
2973
2976
2977
2978
2980
2981
2982
2983
2985
2987
2989
2990
2991
2992
2995
2996
2997
2998
2999
3000
3003
3006
3007
3008
3009
3010
3011
3013
3015
3017
3018
3019
3020
3022
3023
3025
3029
3030
3032
3033
3034
3035
3036
3037
3038
3040
3042
3044
3045
3046
3047
3049
3050
3051
3052
3053
3054
3055
3056
3057
3060
3061
3063
3064
3067
3068
3070
3071
3072
3074
3077
3079
3082
3083
3085
3086
3088
3090
3091
3092
3093
3095
3097
3098
3100
3101
3102
3103
3104
3105
3107
3108
3109
3112
3113
3114
3115
3117
3119
3120
3121
3122
3123
3124
3126
3128
3129
3130
3131
3132
3135
3136
3137
3140
3141
3142
3143
3144
3145
3146
3147
3148
3149
3150
3151
3153
3154
3156
3157
3159
3160
3161
3162
3163
3164
3165
3166
3167
3168
3169
3170
3172
3175
3176
3177
3178
3179
3180
3181
3182
3183
3184
3186
3187
3189
3192
3193
3194
3195
3196
3199
3202
3203
3205
3206
3207
3208
3209
3210
3211
3214
3217
3218
3219
3220
3221
3222
3223
3224
3225
3226
3227
3228
3229
3231
3232
3234
3235
3236
3237
3238
3244
3245
3248
3250
3251
3253
3255
3256
3257
3258
3259
3260
3262
3263
3264
3265
3266
3267
3269
3272
3273
3276
3277
3278
3281
3283
3284
3286
3287
3288
3289
3290
3291
3292
3293
3294
3296
3297
3298
3299
3300
3301
3302
3303
3304
3305
3306
3307
3309
3310
3312
3313
3315
3316
3317
3318
3319
3320
3321
3322
3323
3324
3325
3328
3329
3331
3333
3334
3335
3337
3338
3339
3340
3341
3343
3344
3346
3347
3349
3350
3352
3353
3355
3356
3357
3358
3359
3360
3362
3363
3366
3367
3368
3369
3371
3373
3375
3376
3377
3379
3380
3381
3382
3383
3384
3385
3386
3387
3388
3389
3390
3392
3393
3395
3397
3399
3400
3401
3405
3406
3407
3410
3411
3412
3413
3414
3415
3416
3417
3420
3421
3422
3423
3424
3425
3426
3429
3431
3433
3434
3436
3437
3438
3439
3440
3441
3442
3444
3445
3446
3447
3448
3450
3451
3454
3455
3460
3461
3463
3464
3465
3466
3467
3468
3469
3470
3472
3473
3474
3475
3477
3479
3480
3481
3483
3484
3485
3486
3487
3488
3489
3491
3494
3495
3498
3499
3500
3501
3502
3503
3504
3505
3508
3510
3511
3514
3517
3518
3520
3521
3522
3523
3524
3525
3526
3527
3528
3529
3532
3533
3534
3536
3537
3538
3540
3541
3542
3543
3544
3545
3546
3548
3549
3550
3552
3553
3554
3555
3559
3560
3564
3566
3569
3570
3571
3573
3574
3575
3580
3581
3582
3584
3585
3587
3588
3589
3592
3593
3595
3598
3599
3600
3601
3602
3606
3607
3608
3609
3610
3611
3612
3613
3614
3615
3616
3617
3618
3620
3623
3624
3625
3626
3627
3628
3629
3630
3631
3632
3633
3634
3635
3636
3637
3638
3639
3640
3641
3642
3643
3644
3645
3646
3647
3649
3650
3651
3652
3654
3657
3660
3665
3666
3667
3668
3669
3671
3672
3673
3674
3675
3677
3678
3679
3681
3682
3684
3685
3686
3687
3688
3689
3692
3693
3694
3695
3696
3697
3698
3699
3701
3703
3704
3705
3708
3709
3711
3713
3714
3715
3716
3717
3720
3722
3723
3725
3726
3727
3728
3729
3730
3731
3732
3733
3734
3735
3737
3738
3739
3740
3743
3744
3745
3746
3747
3748
3749
3750
3752
3754
3755
3756
3757
3758
3759
3760
3762
3765
3767
3768
3769
3770
3771
3772
3773
3774
3776
3777
3779
3781
3782
3783
3784
3786
3787
3788
3789
3790
3792
3793
3794
3795
3796
3797
3798
3799
3800
3801
3802
3804
3805
3807
3810
3811
3815
3816
3817
3818
3819
3820
3821
3822
3823
3825
3826
3827
3828
3829
3830
3831
3833
3834
3835
3837
3838
3839
3840
3841
3843
3844
3847
3848
3850
3851
3852
3853
3855
3856
3857
3858
3859
3860
3862
3864
3866
3867
3868
3872
3874
3875
3876
3877
3878
3879
3880
3881
3885
3886
3887
3888
3890
3891
3892
3893
3894
3895
3897
3899
3900
3901
3902
3904
3907
3908
3909
3910
3911
3912
3913
3915
3916
3917
3918
3919
3920
3921
3922
3923
3927
3928
3930
3931
3932
3933
3934
3936
3937
3938
3939
3940
3941
3942
3943
3944
3945
3947
3948
3949
3950
3952
3953
3954
3955
3956
3957
3958
3959
3960
3961
3963
3965
3966
3967
3968
3971
3972
3974
3975
3976
3977
3978
3979
3980
3981
3983
3984
3985
3987
3989
3990
3991
3993
3994
3995
3996
3997
3999
4000
4001
4003
4004
4005
4006
4008
4010
4011
4014
4015
4016
4017
4019
4020
4022
4023
4024
4025
4026
4027
4028
4030
4031
4034
4035
4036
4037
4038
4039
4040
4043
4044
4045
4046
4047
4048
4049
4051
4053
4054
4055
4056
4059
4060
4061
4062
4063
4064
4065
4067
4069
4070
4072
4073
4076
4077
4078
4079
4080
4081
4082
4083
4084
4085
4086
4087
4088
4089
4090
4091
4092
4093
4095
4096
4099
4100
4101
4102
4104
4106
4107
4108
4109
4110
4112
4113
4114
4115
4116
4117
4118
4119
4120
4121
4122
4124
4128
4129
4131
4132
4135
4136
4138
4142
4143
4144
4145
4147
4149
4152
4154
4155
4156
4157
4158
4159
4160
4161
4163
4165
4166
4167
4168
4169
4172
4173
4175
4176
4177
4178
4181
4183
4184
4185
4186
4187
4188
4191
4192
4193
4194
4195
4198
4199
4200
4202
4203
4205
4207
4208
4210
4211
4213
4215
4217
4218
4220
4221
4222
4225
4227
4228
4230
4231
4232
4233
4234
4235
4236
4237
4238
4239
4240
4241
4242
4243
4244
4245
4246
4247
4248
4249
4250
4251
4252
4253
4254
4255
4256
4257
4258
4259
4260
4262
4263
4264
4265
4267
4269
4270
4272
4273
4274
4275
4278
4282
4283
4284
4286
4287
4288
4289
4290
4291
4293
4294
4297
4298
4300
4301
4302
4303
4305
4307
4308
4309
4310
4311
4312
4313
4314
4315
4317
4320
4321
4322
4323
4324
4326
4328
4329
4330
4332
4333
4335
4336
4337
4340
4341
4343
4346
4347
4348
4349
4350
4351
4352
4353
4354
4357
4358
4360
4363
4364
4365
4368
4369
4370
4371
4373
4374
4376
4378
4381
4382
4383
4384
4385
4386
4387
4388
4391
4392
4393
4395
4396
4397
4400
4401
4402
4404
4406
4407
4408
4409
4410
4411
4412
4413
4414
4418
4419
4420
4421
4422
4423
4424
4426
4427
4430
4431
4432
4434
4435
4436
4437
4438
4439
4440
4441
4442
4444
4445
4446
4447
4448
4449
4450
4451
4455
4458
4459
4460
4461
4463
4464
4465
4466
4468
4469
4470
4472
4473
4474
4477
4478
4479
4480
4481
4484
4485
4486
4487
4488
4489
4491
4492
4493
4495
4497
4500
4501
4502
4503
4504
4505
4507
4509
4510
4511
4512
4513
4514
4515
4516
4518
4519
4520
4522
4524
4525
4526
4527
4529
4530
4531
4532
4533
4534
4537
4539
4540
4542
4543
4544
4545
4546
4547
4548
4550
4553
4554
4555
4556
4557
4558
4559
4560
4562
4563
4564
4565
4568
4569
4570
4571
4572
4573
4575
4576
4577
4580
4581
4583
4584
4585
4586
4587
4588
4590
4591
4593
4597
4598
4599
4600
4601
4602
4603
4604
4605
4607
4608
4609
4610
4611
4613
4614
4615
4617
4618
4620
4621
4623
4624
4625
4627
4628
4629
4631
4634
4635
4636
4640
4642
4644
4645
4646
4648
4649
4650
4653
4655
4656
4657
4660
4661
4662
4663
4664
4666
4667
4669
4670
4671
4672
4673
4674
4675
4676
4678
4679
4680
4683
4684
4686
4687
4688
4689
4691
4693
4694
4696
4698
4700
4701
4703
4704
4705
4706
4707
4708
4709
4710
4711
4712
4713
4714
4715
4717
4719
4720
4721
4722
4723
4724
4725
4726
4727
4728
4730
4731
4733
4734
4736
4738
4740
4741
4742
4743
4744
4746
4747
4749
4750
4751
4752
4753
4754
4756
4757
4758
4759
4760
4761
4762
4764
4765
4766
4768
4770
4771
4772
4773
4776
4777
4778
4779
4780
4781
4783
4784
4785
4787
4788
4789
4790
4794
4795
4796
4798
4799
4800
4801
4804
4807
4808
4809
4810
4811
4812
4813
4814
4815
4816
4817
4818
4819
4821
4822
4823
4824
4825
4826
4827
4829
4830
4832
4834
4836
4837
4838
4839
4841
4844
4845
4847
4849
4850
4852
4853
4854
4856
4857
4859
4860
4861
4862
4864
4865
4866
4868
4869
4870
4871
4872
4873
4874
4875
4876
4877
4879
4880
4881
4882
4887
4888
4889
4890
4891
4892
4893
4894
4897
4900
4902
4904
4905
4906
4907
4908
4909
4910
4911
4912
4913
4914
4915
4916
4917
4918
4919
4920
4921
4922
4923
4924
4925
4926
4927
4928
4929
4931
4932
4933
4934
4936
4937
4938
4939
4940
4941
4943
4944
4946
4948
4949
4951
4952
4955
4956
4957
4958
4959
4962
4963
4964
4966
4967
4968
4971
4973
4974
4976
4977
4978
4980
4981
4982
4983
4985
4987
4988
4990
4991
4992
4994
4995
4998
4999
5001
5003
5005
5006
5008
5009
5010
5011
5013
5014
5015
5017
5018
5020
5021
5022
5023
5024
5026
5027
5029
5030
5031
5032
5034
5036
5037
5038
5041
5044
5045
5046
5047
5048
5049
5050
5051
5052
5053
5054
5058
5060
5062
5064
5065
5068
5069
5070
5071
5073
5074
5075
5076
5078
5079
5080
5081
5082
5083
5085
5086
5087
5088
5089
5090
5091
5092
5093
5094
5095
5097
5098
5099
5100
5103
5104
5107
5109
5111
5112
5113
5114
5115
5116
5117
5119
5120
5121
5122
5123
5124
5125
5126
5127
5129
5130
5131
5135
5136
5138
5142
5143
5145
5147
5148
5149
5151
5153
5154
5156
5157
5159
5160
5161
5163
5164
5165
5168
5170
5172
5175
5176
5177
5178
5179
5180
5181
5182
5183
5185
5187
5188
5189
5190
5191
5193
5194
5195
5196
5197
5199
5200
5202
5203
5205
5206
5207
5209
5210
5211
5212
5213
5214
5215
5216
5217
5220
5223
5224
5225
5226
5227
5229
5231
5232
5233
5234
5235
5236
5237
5240
5241
5242
5244
5245
5247
5249
5253
5254
5255
5256
5257
5258
5260
5262
5264
5265
5267
5268
5269
5270
5273
5274
5275
5277
5278
5279
5281
5282
5284
5286
5287
5288
5289
5291
5292
5293
5294
5296
5297
5298
5299
5301
5302
5303
5304
5307
5308
5309
5310
5311
5312
5313
5314
5317
5320
5321
5323
5324
5325
5327
5329
5330
5331
5333
5334
5335
5336
5337
5338
5339
5340
5341
5342
5344
5345
5346
5347
5348
5350
5351
5352
5355
5356
5358
5359
5360
5362
5363
5364
5366
5368
5369
5370
5373
5374
5375
5377
5379
5381
5382
5384
5386
5387
5388
5389
5390
5391
5392
5393
5394
5395
5397
5398
5399
5400
5402
5404
5407
5410
5412
5413
5414
5415
5416
5417
5418
5419
5420
5421
5422
5425
5427
5428
5429
5430
5431
5433
5434
5436
5437
5439
5440
5441
5442
5443
5445
5447
5448
5450
5452
5453
5454
5455
5456
5458
5459
5460
5463
5464
5466
5467
5468
5469
5470
5471
5472
5475
5477
5478
5479
5481
5482
5483
5484
5485
5486
5487
5488
5489
5490
5491
5492
5494
5495
5496
5497
5500
5501
5502
5503
5504
5505
5506
5509
5510
5511
5512
5513
5516
5519
5521
5522
5523
5524
5525
5526
5527
5528
5529
5530
5531
5532
5533
5534
5535
5536
5539
5541
5544
5547
5549
5550
5551
5553
5555
5556
5557
5558
5559
5560
5563
5564
5565
5566
5568
5569
5571
5573
5576
5577
5578
5579
5580
5582
5583
5585
5586
5587
5588
5589
5590
5591
5592
5593
5596
5597
5598
5599
5600
5601
5602
5605
5606
5608
5609
5611
5615
5616
5617
5624
5625
5627
5629
5630
5632
5633
5635
5636
5637
5638
5641
5642
5644
5645
5646
5647
5650
5652
5653
5654
5655
5656
5657
5658
5659
5660
5662
5663
5664
5665
5666
5668
5669
5670
5671
5672
5674
5676
5677
5678
5680
5682
5684
5685
5689
5691
5692
5693
5694
5695
5698
5699
5700
5701
5702
5703
5704
5708
5709
5710
5712
5714
5715
5716
5718
5720
5721
5722
5723
5724
5725
5726
5727
5729
5730
5731
5732
5733
5734
5735
5736
5739
5741
5742
5743
5744
5746
5747
5748
5749
5750
5751
5752
5753
5754
5755
5756
5757
5758
5759
5762
5764
5765
5766
5768
5771
5772
5774
5775
5777
5778
5779
5781
5782
5783
5784
5785
5786
5789
5790
5791
5792
5793
5794
5795
5801
5803
5804
5805
5806
5807
5809
5810
5812
5813
5814
5815
5816
5817
5818
5819
5820
5822
5823
5824
5827
5829
5830
5832
5833
5834
5835
5836
5837
5838
5839
5841
5842
5843
5844
5846
5847
5849
5850
5851
5852
5853
5854
5855
5857
5858
5860
5861
5862
5863
5866
5868
5869
5870
5871
5872
5873
5874
5875
5876
5878
5879
5880
5881
5882
5884
5887
5888
5889
5890
5891
5892
5894
5895
5898
5899
5900
5901
5902
5903
5906
5908
5910
5911
5912
5913
5914
5915
5916
5917
5920
5921
5925
5926
5927
5929
5930
5931
5932
5935
5937
5938
5941
5942
5943
5944
5945
5946
5947
5948
5949
5950
5951
5953
5954
5955
5956
5957
5959
5960
5962
5964
5966
5967
5968
5969
5971
5972
5974
5976
5977
5978
5980
5981
5982
5984
5985
5986
5987
5992
5993
5994
5995
5997
5998
6000
6002
6003
6004
6005
6006
6007
6009
6010
6012
6013
6015
6016
6017
6018
6019
6020
6021
6023
6024
6025
6027
6028
6029
6031
6032
6034
6035
6037
6040
6041
6042
6044
6045
6048
6049
6050
6051
6053
6054
6055
6056
6057
6059
6060
6062
6063
6066
6067
6068
6071
6072
6073
6076
6077
6078
6079
6080
6082
6083
6084
6086
6087
6089
6090
6091
6092
6093
6094
6097
6099
6101
6103
6104
6105
6106
6107
6109
6110
6111
6112
6113
6114
6115
6117
6118
6119
6120
6121
6123
6124
6125
6126
6127
6130
6132
6135
6136
6137
6138
6139
6140
6141
6142
6143
6144
6145
6147
6148
6149
6150
6152
6154
6155
6156
6157
6158
6159
6161
6163
6164
6167
6168
6169
6170
6172
6174
6176
6177
6181
6182
6183
6184
6185
6188
6191
6192
6193
6194
6195
6196
6197
6198
6199
6201
6203
6204
6205
6206
6207
6208
6209
6210
6212
6213
6214
6215
6216
6217
6218
6220
6222
6223
6227
6229
6230
6231
6232
6234
6235
6236
6237
6238
6239
6240
6242
6243
6244
6245
6247
6248
6249
6250
6251
6252
6253
6254
6255
6256
6257
6258
6259
6260
6262
6263
6265
6267
6268
6269
6270
6272
6273
6274
6277
6280
6281
6282
6283
6284
6285
6286
6287
6288
6289
6290
6291
6295
6296
6297
6298
6301
6302
6304
6305
6306
6308
6309
6310
6311
6313
6315
6316
6317
6318
6319
6320
6321
6322
6323
6325
6327
6329
6330
6332
6333
6334
6335
6337
6339
6341
6342
6343
6344
6345
6346
6347
6348
6350
6351
6353
6355
6357
6360
6361
6363
6364
6366
6367
6368
6369
6370
6371
6372
6373
6374
6375
6376
6377
6378
6380
6381
6382
6383
6384
6386
6387
6388
6390
6392
6394
6395
6396
6397
6399
6401
6403
6404
6405
6406
6407
6408
6409
6410
6411
6412
6413
6414
6415
6416
6417
6418
6419
6421
6422
6423
6424
6425
6427
6429
6430
6434
6435
6436
6437
6440
6442
6443
6447
6450
6452
6453
6456
6457
6459
6462
6463
6464
6465
6466
6468
6469
6470
6471
6472
6473
6474
6475
6476
6477
6478
6479
6480
6481
6484
6485
6486
6487
6488
6489
6490
6493
6494
6496
6497
6498
6499
6500
6501
6502
6503
6504
6505
6508
6509
6510
6511
6512
6513
6515
6516
6517
6518
6519
6520
6521
6523
6524
6525
6528
6529
6530
6532
6533
6534
6535
6536
6537
6538
6539
6540
6542
6543
6544
6545
6546
6547
6548
6549
6552
6553
6554
6555
6557
6559
6560
6561
6564
6565
6567
6568
6569
6571
6572
6573
6574
6579
6581
6582
6583
6584
6591
6592
6593
6595
6596
6597
6598
6600
6602
6604
6605
6606
6608
6609
6610
6611
6612
6613
6614
6615
6618
6620
6621
6622
6623
6624
6625
6626
6628
6630
6631
6632
6633
6634
6635
6636
6637
6638
6639
6640
6642
6643
6644
6645
6646
6647
6648
6650
6651
6652
6655
6656
6657
6659
6661
6662
6663
6665
6666
6668
6669
6670
6672
6673
6674
6678
6681
6683
6685
6686
6687
6688
6690
6691
6692
6693
6694
6695
6696
6697
6698
6699
6700
6703
6704
6705
6706
6707
6708
6709
6710
6711
6712
6713
6717
6719
6720
6722
6723
6724
6725
6726
6727
6728
6733
6734
6735
6736
6737
6738
6739
6740
6741
6742
6745
6747
6749
6750
6753
6754
6755
6756
6757
6759
6760
6762
6763
6764
6766
6767
6768
6771
6772
6774
6775
6779
6780
6781
6782
6784
6785
6787
6788
6790
6791
6793
6795
6796
6798
6799
6801
6803
6804
6806
6807
6808
6809
6810
6812
6815
6816
6817
6818
6819
6821
6822
6823
6825
6827
6828
6829
6830
6831
6832
6834
6836
6837
6838
6839
6840
6841
6842
6843
6844
6845
6846
6847
6849
6850
6851
6852
6853
6856
6857
6858
6859
6860
6862
6863
6864
6865
6866
6867
6869
6870
6871
6872
6873
6874
6875
6876
6878
6880
6881
6883
6884
6885
6887
6888
6889
6890
6891
6893
6894
6896
6897
6898
6900
6901
6902
6903
6904
6906
6909
6910
6912
6915
6916
6917
6918
6919
6920
6921
6922
6923
6924
6926
6927
6928
6929
6932
6933
6934
6935
6938
6940
6942
6943
6945
6946
6947
6948
6949
6950
6951
6952
6953
6954
6955
6956
6957
6958
6959
6961
6962
6963
6964
6965
6966
6967
6968
6969
6970
6971
6973
6974
6975
6976
6977
6978
6979
6981
6985
6986
6987
6988
6990
6991
6992
6993
6994
6997
6998
7001
7002
7003
7004
7005
7006
7008
7010
7011
7012
7013
7014
7015
7016
7017
7018
7019
7020
7021
7022
7025
7026
7027
7029
7030
7031
7032
7033
7036
7039
7040
7041
7042
7043
7045
7050
7051
7054
7055
7057
7058
7059
7060
7061
7062
7063
7064
7065
7067
7068
7069
7072
7073
7076
7079
7080
7083
7084
7085
7086
7087
7088
7089
7091
7093
7094
7095
7096
7097
7098
7099
7100
7102
7103
7104
7105
7107
7109
7110
7111
7112
7113
7114
7116
7117
7118
7120
7122
7123
7124
7125
7126
7127
7128
7129
7130
7133
7134
7136
7137
7139
7140
7141
7143
7146
7147
7148
7150
7151
7153
7155
7156
7158
7159
7160
7162
7165
7166
7167
7168
7169
7170
7174
7175
7176
7177
7178
7181
7182
7183
7184
7185
7186
7187
7189
7191
7192
7193
7194
7195
7196
7198
7199
7200
7201
7202
7203
7205
7207
7208
7209
7211
7214
7215
7217
7218
7219
7220
7221
7224
7225
7226
7227
7228
7229
7230
7231
7232
7233
7234
7235
7236
7239
7240
7241
7242
7244
7245
7246
7247
7248
7249
7252
7254
7256
7258
7261
7262
7264
7265
7266
7267
7268
7270
7271
7272
7273
7276
7277
7278
7280
7281
7282
7283
7284
7286
7287
7288
7289
7291
7292
7293
7295
7297
7299
7302
7303
7305
7308
7309
7310
7311
7312
7314
7315
7316
7317
7318
7319
7321
7322
7323
7324
7325
7326
7327
7328
7329
7330
7331
7333
7336
7339
7340
7341
7345
7346
7347
7348
7349
7352
7353
7354
7356
7359
7360
7361
7362
7363
7364
7365
7366
7367
7368
7369
7372
7373
7375
7377
7378
7380
7381
7382
7383
7384
7386
7387
7388
7390
7391
7392
7393
7394
7395
7398
7399
7400
7401
7403
7405
7406
7407
7408
7410
7411
7414
7415
7417
7418
7419
7420
7421
7422
7423
7426
7427
7429
7431
7432
7433
7434
7435
7436
7437
7438
7440
7441
7442
7443
7444
7445
7446
7447
7448
7449
7451
7452
7453
7454
7455
7456
7457
7459
7460
7462
7463
7464
7465
7466
7467
7468
7470
7471
7472
7473
7476
7477
7478
7479
7480
7483
7486
7488
7489
7490
7491
7492
7493
7494
7495
7497
7499
7501
7502
7503
7506
7507
7509
7510
7511
7512
7513
7514
7515
7518
7519
7520
7522
7523
7524
7525
7526
7527
7528
7529
7530
7531
7532
7533
7534
7537
7538
7539
7540
7541
7544
7545
7547
7548
7549
7552
7558
7559
7560
7562
7563
7564
7565
7566
7568
7569
7571
7572
7574
7576
7578
7579
7580
7582
7583
7584
7585
7586
7587
7588
7589
7590
7592
7593
7594
7596
7597
7598
7599
7600
7601
7602
7603
7604
7605
7606
7607
7608
7609
7611
7612
7613
7615
7619
7620
7621
7622
7623
7624
7625
7626
7627
7628
7629
7630
7631
7634
7635
7636
7637
7638
7642
7644
7645
7646
7647
7648
7649
7650
7651
7655
7656
7657
7658
7659
7661
7663
7665
7667
7669
7670
7671
7672
7673
7674
7675
7676
7677
7678
7679
7681
7682
7684
7685
7687
7688
7691
7694
7695
7696
7697
7699
7701
7702
7704
7706
7707
7708
7709
7710
7711
7712
7716
7717
7719
7721
7722
7723
7724
7725
7726
7727
7728
7729
7731
7732
7733
7736
7738
7739
7740
7744
7745
7746
7747
7748
7749
7750
7751
7752
7753
7754
7755
7757
7758
7759
7760
7762
7763
7764
7765
7766
7767
7769
7770
7771
7772
7773
7774
7776
7777
7778
7779
7780
7781
7782
7784
7785
7787
7788
7790
7791
7792
7799
7800
7802
7803
7804
7806
7807
7809
7810
7811
7812
7814
7815
7817
7818
7819
7820
7822
7823
7824
7826
7827
7828
7829
7830
7832
7834
7835
7841
7842
7843
7844
7846
7847
7848
7850
7852
7854
7855
7856
7857
7858
7860
7862
7863
7864
7866
7867
7868
7869
7871
7872
7873
7874
7875
7876
7877
7878
7880
7881
7882
7884
7885
7886
7887
7888
7889
7890
7891
7892
7894
7895
7896
7897
7899
7900
7901
7902
7903
7904
7905
7906
7907
7908
7910
7912
7916
7918
7919
7922
7923
7925
7926
7928
7930
7932
7933
7937
7938
7940
7941
7946
7947
7948
7949
7952
7953
7954
7956
7957
7959
7961
7962
7963
7966
7967
7968
7970
7972
7973
7974
7975
7976
7977
7978
7979
7980
7983
7984
7985
7986
7987
7988
7989
7990
7991
7992
7996
7997
7998
7999
8002
8003
8004
8005
8006
8008
8009
8010
8012
8013
8014
8015
8016
8018
8019
8021
8022
8023
8025
8026
8028
8029
8030
8031
8034
8035
8037
8038
8040
8043
8044
8046
8048
8049
8050
8051
8052
8053
8054
8055
8056
8057
8058
8059
8060
8061
8062
8064
8065
8066
8068
8069
8070
8072
8077
8078
8079
8080
8081
8082
8084
8086
8087
8088
8089
8091
8094
8095
8097
8098
8099
8100
8101
8103
8105
8106
8110
8111
8112
8116
8117
8118
8119
8120
8122
8124
8126
8127
8128
8129
8130
8132
8133
8134
8135
8136
8137
8138
8139
8140
8142
8143
8146
8147
8148
8149
8151
8152
8153
8154
8157
8158
8159
8160
8161
8163
8164
8165
8166
8167
8168
8169
8170
8171
8173
8174
8175
8176
8177
8178
8179
8181
8182
8184
8186
8190
8191
8192
8193
8196
8197
8198
8199
8200
8201
8202
8203
8204
8205
8206
8207
8209
8210
8211
8212
8213
8215
8219
8220
8221
8222
8223
8224
8225
8227
8228
8229
8230
8231
8232
8234
8235
8236
8238
8240
8243
8244
8245
8246
8248
8249
8250
8252
8255
8256
8257
8258
8259
8260
8261
8262
8263
8264
8265
8266
8267
8269
8270
8272
8274
8275
8276
8279
8280
8281
8282
8283
8285
8286
8287
8288
8290
8291
8293
8294
8296
8297
8298
8302
8303
8304
8306
8307
8310
8311
8312
8313
8314
8317
8318
8320
8321
8322
8324
8326
8330
8331
8332
8333
8334
8335
8336
8337
8340
8342
8344
8345
8346
8347
8349
8351
8353
8354
8355
8357
8358
8359
8360
8361
8362
8363
8364
8366
8368
8369
8371
8373
8374
8375
8376
8377
8379
8380
8381
8382
8383
8384
8386
8387
8388
8389
8390
8392
8393
8394
8396
8397
8398
8399
8400
8402
8403
8405
8406
8407
8408
8409
8410
8411
8412
8413
8416
8417
8418
8420
8421
8423
8425
8426
8428
8429
8430
8431
8432
8434
8435
8437
8438
8440
8441
8442
8443
8444
8445
8446
8447
8448
8449
8450
8451
8452
8453
8454
8455
8456
8459
8460
8461
8462
8463
8464
8465
8468
8469
8471
8472
8473
8474
8475
8476
8477
8479
8480
8481
8482
8483
8484
8485
8486
8487
8488
8489
8490
8491
8492
8494
8495
8497
8499
8500
8501
8502
8503
8506
8510
8511
8513
8515
8516
8517
8519
8520
8522
8525
8526
8527
8528
8529
8530
8532
8533
8535
8538
8540
8541
8543
8544
8545
8546
8547
8548
8549
8551
8552
8553
8554
8555
8556
8557
8558
8559
8561
8562
8563
8564
8565
8566
8567
8568
8569
8571
8572
8573
8575
8576
8578
8579
8580
8581
8582
8583
8584
8585
8587
8588
8589
8590
8591
8592
8593
8594
8595
8597
8601
8602
8603
8604
8605
8606
8607
8608
8609
8610
8611
8612
8613
8614
8615
8616
8617
8618
8619
8620
8621
8622
8625
8626
8628
8634
8635
8637
8638
8639
8640
8642
8643
8644
8647
8649
8651
8653
8654
8655
8656
8657
8658
8659
8660
8661
8662
8664
8665
8666
8668
8669
8671
8672
8675
8677
8678
8679
8680
8682
8683
8684
8685
8686
8687
8688
8694
8695
8696
8697
8699
8700
8701
8703
8704
8705
8706
8707
8708
8709
8710
8711
8712
8713
8714
8716
8717
8718
8719
8721
8722
8723
8725
8726
8727
8728
8730
8731
8733
8734
8735
8736
8737
8738
8739
8740
8743
8744
8746
8747
8748
8749
8750
8751
8752
8753
8754
8756
8758
8759
8760
8761
8762
8763
8764
8765
8767
8769
8770
8771
8772
8774
8776
8777
8779
8781
8783
8784
8785
8786
8789
8790
8791
8792
8793
8795
8796
8797
8798
8799
8800
8801
8802
8804
8808
8809
8810
8811
8812
8813
8814
8815
8817
8819
8821
8822
8824
8825
8826
8827
8828
8831
8832
8833
8834
8835
8836
8837
8838
8839
8840
8843
8844
8845
8850
8851
8853
8854
8855
8856
8857
8859
8860
8861
8863
8864
8867
8868
8871
8872
8873
8874
8875
8877
8878
8879
8880
8884
8885
8886
8887
8888
8889
8890
8891
8893
8894
8895
8896
8897
8898
8899
8900
8901
8902
8906
8907
8908
8909
8910
8911
8912
8913
8914
8915
8916
8917
8919
8920
8921
8923
8927
8929
8930
8933
8934
8935
8936
8938
8939
8942
8943
8944
8945
8946
8947
8949
8950
8951
8952
8953
8955
8956
8957
8958
8959
8960
8961
8962
8964
8965
8966
8968
8969
8970
8972
8973
8974
8977
8978
8981
8982
8986
8988
8989
8990
8994
8995
8996
8997
8998
8999
9000
9002
9003
9004
9005
9007
9008
9009
9010
9012
9013
9015
9016
9017
9018
9019
9020
9021
9022
9023
9024
9025
9026
9029
9030
9031
9036
9037
9038
9039
9041
9044
9047
9048
9049
9050
9052
9056
9058
9062
9063
9064
9067
9068
9069
9070
9071
9072
9073
9074
9078
9079
9080
9081
9082
9083
9086
9087
9088
9090
9092
9093
9095
9096
9098
9099
9102
9103
9104
9105
9106
9109
9110
9113
9115
9116
9119
9120
9121
9123
9124
9125
9126
9127
9128
9130
9131
9132
9133
9135
9136
9137
9140
9141
9142
9143
9144
9147
9149
9151
9152
9153
9155
9157
9158
9160
9161
9163
9164
9167
9168
9169
9170
9173
9174
9175
9176
9177
9178
9179
9180
9182
9183
9184
9185
9186
9187
9188
9189
9190
9192
9193
9194
9195
9196
9197
9198
9200
9201
9202
9203
9204
9205
9207
9208
9210
9212
9213
9214
9215
9216
9217
9218
9219
9220
9221
9222
9223
9224
9225
9226
9227
9229
9230
9232
9233
9234
9237
9238
9239
9242
9244
9245
9247
9248
9250
9251
9252
9254
9257
9260
9261
9262
9264
9265
9267
9268
9269
9270
9271
9272
9273
9274
9275
9277
9278
9279
9281
9282
9283
9285
9286
9287
9288
9289
9290
9292
9293
9295
9296
9297
9298
9299
9300
9301
9302
9303
9304
9305
9306
9308
9309
9310
9313
9314
9316
9317
9319
9323
9326
9329
9330
9331
9332
9333
9336
9340
9341
9342
9343
9345
9346
9347
9348
9349
9350
9351
9352
9353
9354
9356
9358
9360
9361
9362
9363
9364
9366
9369
9370
9371
9372
9373
9374
9375
9377
9379
9380
9382
9383
9384
9385
9386
9388
9389
9390
9391
9393
9394
9395
9396
9397
9398
9399
9401
9402
9403
9405
9406
9408
9411
9412
9413
9414
9415
9418
9419
9420
9421
9422
9424
9427
9428
9429
9430
9431
9433
9434
9435
9436
9438
9439
9441
9442
9443
9445
9446
9447
9449
9451
9453
9460
9461
9463
9464
9465
9466
9468
9469
9470
9471
9472
9473
9474
9477
9478
9479
9481
9482
9483
9484
9487
9489
9491
9492
9494
9495
9496
9497
9501
9502
9503
9504
9505
9506
9508
9509
9510
9513
9514
9516
9517
9519
9520
9521
9522
9523
9524
9528
9529
9530
9531
9532
9534
9535
9536
9538
9539
9540
9541
9543
9544
9545
9547
9548
9549
9551
9552
9554
9555
9556
9557
9558
9559
9560
9561
9562
9565
9566
9567
9568
9569
9570
9572
9573
9574
9576
9578
9579
9580
9581
9582
9584
9587
9589
9590
9591
9594
9596
9597
9598
9599
9600
9602
9603
9604
9605
9611
9615
9619
9620
9622
9623
9624
9625
9627
9629
9630
9631
9632
9634
9635
9636
9637
9638
9639
9640
9641
9643
9646
9647
9649
9650
9651
9655
9656
9657
9658
9660
9661
9662
9664
9665
9667
9669
9671
9673
9674
9678
9682
9683
9685
9686
9687
9688
9690
9691
9692
9693
9696
9697
9698
9699
9701
9702
9704
9705
9706
9707
9708
9709
9710
9715
9717
9718
9719
9720
9721
9723
9725
9727
9728
9729
9730
9731
9732
9734
9735
9737
9738
9739
9740
9741
9742
9744
9745
9746
9747
9748
9750
9752
9753
9756
9757
9758
9762
9763
9764
9765
9766
9767
9768
9769
9770
9771
9774
9775
9777
9778
9779
9780
9781
9782
9783
9784
9785
9786
9787
9788
9790
9791
9793
9795
9797
9799
9800
9801
9802
9803
9804
9805
9807
9810
9811
9812
9814
9815
9816
9819
9820
9821
9823
9824
9827
9830
9832
9833
9834
9835
9837
9838
9839
9840
9841
9842
9844
9845
9846
9847
9848
9849
9850
9851
9852
9853
9854
9855
9856
9857
9858
9859
9860
9861
9862
9863
9864
9865
9867
9868
9869
9871
9872
9873
9874
9875
9877
9878
9879
9880
9882
9883
9884
9885
9888
9890
9891
9892
9894
9895
9897
9898
9899
9900
9902
9904
9905
9906
9907
9908
9909
9910
9911
9913
9915
9919
9920
9921
9922
9923
9924
9925
9927
9928
9930
9931
9932
9934
9936
9937
9939
9940
9941
9943
9945
9946
9947
9948
9952
9954
9956
9957
9958
9959
9960
9962
9965
9966
9968
9969
9970
9971
9972
9973
9975
9976
9979
9980
9981
9982
9983
9984
9985
9987
9989
9990
9991
9992
9993
9994
9995
9997
10000
10001
10002
10003
10005
10006
10007
10008
10009
10010
10011
10012
10013
10014
10015
10016
10017
10018
10019
10020
10021
10022
10024
10025
10026
10029
10030
10031
10032
10033
10034
10035
10036
10037
10038
10039
10040
10041
10042
10043
10044
10045
10047
10049
10050
10051
10052
10053
10054
10055
10056
10057
10060
10061
10063
10064
10065
10066
10068
10069
10071
10072
10073
10074
10075
10076
10077
10078
10079
10080
10081
10082
10083
10084
10085
10087
10088
10089
10091
10092
10093
10094
10095
10096
10098
10099
10100
10101
10102
10103
10104
10105
10106
10109
10111
10112
10113
10114
10115
10116
10117
10118
10119
10120
10121
10122
10124
10125
10126
10128
10129
10130
10131
10132
10133
10135
10136
10138
10139
10140
10141
10142
10143
10144
10145
10146
10147
10148
10149
10150
10151
10152
10154
10155
10156
10157
10158
10159
10160
10161
10162
10164
10165
10166
10167
10170
10171
10172
10173
10174
10176
10177
10178
10179
10180
10181
10182
10183
10184
10185
10186
10188
10190
10191
10192
10193
10194
10195
10196
10197
10198
10199
10200
10202
10203
10204
10206
10207
10208
10209
10210
10211
10214
10215
10216
10217
10218
10219
10220
10221
10223
10224
10225
10226
10227
10228
10229
10230
10231
10232
10234
10235
10236
10237
10239
10240
10241
10242
10243
10244
10245
10247
10248
10249
10250
10251
10252
10253
10254
10256
10258
10260
10261
10263
10264
10265
10266
10267
10268
10269
10270
10271
10272
10273
10274
10275
10276
10277
10278
10279
10280
10281
10282
10283
10284
10286
10287
10288
10290
10291
10292
10293
10295
10296
10297
10298
10299
10300
10301
10302
10303
10304
10305
10306
10307
10308
10310
10311
10312
10314
10315
10316
10317
10318
10320
10321
10322
10324
10325
10327
10328
10329
10330
10331
10332
10333
10334
10335
10336
10337
10338
10339
10340
10341
10342
10344
10345
10346
10348
10349
10351
10352
10353
10354
10355
10356
10358
10360
10361
10364
10365
10366
10367
10368
10370
10371
10373
10374
10376
10377
10378
10379
10380
10381
10382
10384
10386
10387
10388
10389
10390
10391
10392
10393
10394
10395
10396
10398
10399
10400
10401
10402
10404
10405
10406
10407
10408
10410
10411
10412
10414
10415
10416
10417
10418
10419
10420
10421
10422
10423
10424
10425
10426
10428
10429
10431
10432
10434
10435
10437
10438
10439
10440
10442
10443
10444
10445
10447
10448
10449
10451
10452
10453
10454
10455
10457
10458
10459
10460
10461
10462
10463
10464
10465
10466
10467
10468
10471
10473
10474
10475
10476
10477
10478
10479
10480
10481
10483
10484
10485
10486
10487
10488
10489
10490
10491
10492
10495
10496
10497
10498
10500
10501
10502
10503
10504
10505
10506
10507
10508
10510
10511
10512
10513
10514
10515
10516
10517
10518
10519
10520
10521
10522
10524
10525
10526
10527
10528
10529
10530
10531
10533
10534
10535
10536
10537
10538
10539
10540
10541
10542
10543
10544
10545
10546
10547
10548
10549
10551
10552
10553
10554
10556
10557
10559
10560
10561
10563
10564
10566
10567
10569
10570
10571
10573
10574
10575
10576
10577
10578
10579
10580
10581
10582
10583
10584
10585
10586
10587
10588
10589
10590
10591
10592
10594
10595
10596
10597
10598
10599
10600
10602
10603
10604
10605
10606
10607
10608
10609
10610
10611
10612
10614
10615
10616
10617
10618
10619
10620
10621
10622
10624
10625
10626
10627
10628
10629
10630
10631
10632
10633
10635
10636
10638
10640
10641
10642
10643
10644
10645
10646
10647
10648
10649
10650
10652
10654
10656
10657
10658
10659
10660
10661
10663
10665
10666
10667
10668
10669
10670
10671
10672
10673
10674
10675
10677
10679
10681
10682
10683
10684
10686
10687
10688
10689
10690
10691
10692
10694
10695
10696
10697
10698
10700
10701
10702
10703
10704
10705
10706
10707
10708
10709
10710
10712
10713
10714
10715
10717
10718
10720
10721
10722
10723
10724
10725
10726
10727
10728
10730
10731
10732
10736
10737
10738
10739
10740
10741
10742
10743
10744
10745
10746
10747
10749
10750
10751
10752
10753
10754
10755
10756
10758
10760
10761
10762
10763
10764
10765
10766
10767
10768
10770
10771
10772
10773
10774
10775
10777
10778
10779
10780
10781
10782
10783
10784
10785
10786
10787
10788
10791
10792
10793
10795
10796
10797
10798
10799
10801
10802
10803
10804
10805
10806
10807
10808
10809
10810
10811
10812
10813
10814
10816
10817
10818
10819
10820
10822
10823
10824
10825
10826
10827
10828
10829
10830
10831
10832
10833
10834
10835
10836
10837
10838
10839
10840
10841
10842
10844
10845
10847
10848
10850
10851
10852
10853
10854
10855
10856
10857
10858
10859
10860
10861
10863
10864
10865
10866
10867
10868
10869
10870
10871
10872
10873
10874
10875
10876
10878
10879
10881
10883
10884
10887
10888
10889
10890
10891
10892
10893
10895
10896
10897
10898
10899
10900
10901
10904
10905
10906
10907
10908
10909
10910
10912
10913
10914
10915
10916
10917
10919
10920
10921
10922
10923
10924
10925
10926
10927
10930
10931
10932
10933
10934
10935
10937
10938
10940
10942
10944
10945
10946
10947
10948
10949
10950
10951
10952
10953
10954
10955
10956
10958
10959
10960
10961
10962
10963
10964
10965
10966
10967
10970
10971
10972
10973
10974
10975
10976
10977
10978
10979
10980
10983
10984
10985
10986
10987
10989
10990
10991
10992
10993
10995
10996
10998
10999
11000
11001
11003
11004
11006
11007
11008
11009
11010
11012
11013
11014
11015
11017
11020
11023
11024
11026
11027
11028
11029
11030
11031
11032
11033
11034
11035
11036
11038
11039
11040
11041
11042
11043
11044
11045
11047
11048
11049
11050
11051
11052
11053
11054
11055
11056
11057
11058
11059
11060
11061
11062
11063
11064
11065
11066
11067
11068
11069
11071
11072
11073
11074
11075
11076
11077
11078
11079
11080
11081
11082
11083
11084
11085
11086
11087
11088
11089
11090
11091
11092
11093
11094
11095
11096
11097
11099
11100
11101
11102
11103
11105
11106
11107
11109
11110
11111
11112
11113
11115
11117
11118
11119
11120
11121
11122
11123
11124
11125
11126
11127
11128
11129
11130
11132
11133
11134
11136
11137
11138
11139
11140
11142
11143
11144
11145
11147
11148
11149
11150
11151
11152
11153
11154
11155
11156
11157
11158
11160
11161
11162
11163
11164
11165
11166
11167
11168
11169
11170
11172
11174
11175
11176
11177
11178
11179
11180
11181
11182
11183
11184
11185
11186
11188
11189
11190
11191
11192
11193
11194
11195
11196
11197
11198
11199
11200
11201
11202
11204
11205
11206
11208
11209
11210
11211
11212
11213
11214
11215
11216
11217
11218
11220
11221
11222
11223
11224
11225
11227
11228
11229
11230
11231
11232
11233
11234
11235
11237
11238
11239
11240
11241
11242
11243
11244
11245
11246
11247
11248
11249
11250
11251
11252
11253
11254
11255
11256
11257
11258
11259
11261
11262
11264
11265
11266
11267
11268
11271
11272
11273
11274
11275
11276
11277
11278
11279
11280
11281
11282
11283
11284
11285
11287
11288
11291
11294
11295
11296
11297
11299
11300
11301
11302
11303
11304
11305
11306
11307
11308
11309
11310
11311
11312
11313
11314
11315
11316
11318
11319
11320
11321
11322
11323
11324
11325
11326
11327
11328
11329
11330
11331
11332
11333
11334
11335
11336
11337
11339
11340
11341
11342
11344
11345
11347
11348
11349
11350
11351
11352
11353
11354
11355
11356
11357
11358
11359
11362
11363
11364
11365
11366
11367
11369
11370
11371
11372
11374
11375
11376
11377
11378
11379
11380
11381
11382
11384
11385
11386
11387
11388
11389
11391
11392
11393
11394
11395
11396
11397
11399
11401
11402
11403
11404
11405
11407
11408
11409
11410
11411
11412
11413
11414
11415
11416
11417
11418
11420
11421
11422
11423
11424
11425
11426
11427
11428
11429
11430
11432
11433
11434
11435
11437
11438
11439
11440
11441
11442
11443
11447
11448
11449
11450
11451
11452
11453
11456
11457
11458
11459
11460
11461
11462
11463
11464
11465
11466
11470
11471
11472
11473
11474
11476
11477
11478
11479
11480
11481
11482
11483
11484
11485
11486
11487
11488
11489
11490
11491
11492
11493
11494
11495
11496
11497
11498
11499
11500
11501
11502
11503
11504
11505
11506
11507
11508
11509
11510
11511
11516
11518
11519
11520
11522
11523
11524
11525
11526
11527
11528
11529
11530
11531
11532
11533
11534
11536
11537
11538
11539
11540
11541
11543
11544
11546
11548
11549
11550
11553
11554
11555
11556
11557
11558
11560
11562
11563
11564
11565
11566
11568
11569
11570
11572
11573
11574
11575
11576
11577
11578
11579
11580
11581
11582
11583
11584
11585
11586
11587
11588
11590
11591
11592
11593
11594
11595
11596
11598
11599
11600
11601
11602
11603
11604
11605
11606
11607
11609
11610
11611
11612
11613
11614
11615
11617
11618
11619
11621
11622
11623
11624
11625
11626
11627
11628
11629
11631
11632
11633
11634
11635
11636
11637
11638
11639
11640
11641
11642
11643
11646
11647
11648
11649
11652
11655
11656
11657
11658
11659
11660
11662
11663
11664
11665
11666
11668
11669
11670
11671
11672
11673
11674
11676
11678
11679
11680
11681
11682
11683
11684
11685
11686
11687
11688
11689
11692
11693
11694
11695
11697
11698
11699
11700
11701
11702
11703
11704
11705
11706
11707
11708
11709
11710
11711
11712
11713
11714
11715
11716
11717
11720
11721
11722
11724
11725
11726
11727
11728
11730
11731
11732
11733
11734
11735
11736
11737
11738
11739
11740
11742
11743
11744
11745
11746
11748
11749
11750
11751
11752
11753
11754
11757
11758
11759
11760
11761
11762
11763
11764
11765
11767
11769
11770
11771
11772
11773
11774
11775
11776
11777
11778
11779
11780
11781
11782
11783
11785
11786
11787
11788
11789
11790
11792
11794
11795
11796
11798
11799
11800
11802
11803
11805
11806
11807
11808
11809
11810
11811
11812
11813
11815
11816
11817
11818
11820
11821
11822
11823
11825
11826
11827
11828
11829
11830
11831
11832
11833
11834
11835
11836
11837
11838
11839
11842
11843
11844
11845
11846
11848
11849
11850
11851
11852
11853
11854
11855
11856
11857
11858
11859
11860
11862
11863
11864
11865
11867
11868
11869
11870
11871
11872
11873
11875
11877
11878
11879
11881
11882
11883
11886
11887
11888
11889
11890
11891
11892
11893
11894
11896
11897
11898
11899
11900
11901
11902
11904
11905
11906
11907
11908
11909
11910
11911
11912
11915
11916
11917
11918
11919
11920
11921
11922
11923
11924
11925
11926
11927
11928
11929
11930
11931
11932
11933
11934
11935
11937
11938
11939
11940
11941
11942
11944
11945
11947
11948
11949
11952
11953
11955
11956
11957
11958
11959
11960
11961
11962
11963
11964
11965
11966
11967
11968
11969
11970
11971
11972
11973
11974
11975
11976
11977
11978
11979
11981
11982
11983
11984
11986
11987
11989
11990
11991
11992
11994
11995
11996
11997
11998
11999
12000
12001
12002
12004
12005
12007
12008
12009
12010
12011
12012
12013
12014
12016
12018
12019
12020
12021
12023
12024
12025
12026
12027
12028
12029
12030
12031
12032
12033
12034
12035
12036
12038
12039
12040
12041
12042
12043
12044
12045
12047
12049
12050
12051
12052
12053
12054
12055
12056
12057
12058
12059
12060
12061
12062
12063
12064
12065
12066
12067
12068
12069
12070
12071
12072
12073
12075
12076
12077
12078
12080
12081
12082
12083
12084
12086
12087
12088
12090
12091
12093
12095
12096
12097
12098
12099
12100
12102
12103
12104
12105
12106
12107
12108
12109
12110
12111
12112
12113
12114
12115
12116
12117
12118
12119
12120
12122
12123
12124
12125
12126
12128
12129
12130
12131
12132
12133
12134
12135
12136
12137
12138
12139
12140
12141
12142
12148
12149
12150
12151
12152
12153
12154
12155
12157
12158
12159
12160
12161
12162
12163
12164
12165
12166
12168
12169
12171
12172
12173
12174
12175
12176
12177
12178
12180
12181
12182
12183
12184
12185
12186
12187
12188
12190
12191
12192
12193
12194
12196
12197
12199
12200
12201
12202
12203
12204
12205
12206
12207
12208
12210
12211
12212
12214
12215
12216
12217
12218
12219
12220
12221
12223
12224
12225
12227
12229
12231
12232
12233
12234
12236
12237
12238
12239
12241
12245
12246
12247
12248
12249
12251
12252
12254
12255
12256
12257
12258
12259
12260
12261
12262
12263
12264
12266
12267
12268
12269
12270
12271
12273
12275
12276
12277
12278
12281
12284
12285
12286
12287
12288
12289
12291
12292
12293
12295
12296
12297
12298
12299
12300
12301
12302
12304
12305
12306
12307
12308
12309
12310
12312
12314
12315
12316
12318
12319
12320
12321
12322
12323
12326
12327
12328
12330
12331
12332
12333
12334
12336
12337
12339
12340
12343
12344
12345
12346
12347
12348
12349
12350
12351
12352
12353
12354
12355
12356
12357
12358
12359
12360
12361
12362
12363
12364
12365
12367
12369
12370
12371
12372
12373
12374
12375
12376
12377
12378
12379
12380
12381
12382
12383
12384
12385
12386
12387
12388
12390
12392
12393
12394
12395
12396
12397
12398
12399
12400
12401
12402
12403
12404
12405
12406
12407
12408
12409
12410
12411
12412
12413
12414
12415
12417
12419
12420
12421
12423
12424
12425
12426
12427
12428
12429
12430
12432
12433
12434
12435
12436
12437
12438
12439
12440
12441
12443
12444
12445
12446
12448
12450
12451
12452
12454
12455
12456
12457
12458
12459
12460
12461
12462
12463
12464
12465
12466
12467
12468
12469
12470
12471
12472
12473
12474
12475
12476
12477
12478
12479
12480
12481
12483
12484
12485
12486
12487
12488
12489
12490
12492
12494
12495
12496
12497
12498
12499
12500
12501
12502
12503
12505
12507
12508
12509
12510
12511
12512
12514
12515
12516
12517
12518
12519
12520
12521
12522
12523
12524
12525
12527
12528
12529
12530
12531
12532
12533
12534
12535
12536
12538
12539
12540
12541
12542
12544
12545
12547
12548
12549
12550
12551
12552
12553
12554
12555
12556
12557
12558
12559
12560
12561
12562
12563
12564
12565
12567
12568
12569
12572
12573
12574
12575
12576
12577
12578
12579
12580
12582
12583
12584
12585
12586
12587
12590
12591
12592
12594
12595
12596
12597
12600
12601
12602
12603
12604
12606
12607
12609
12610
12611
12612
12613
12614
12615
12616
12617
12618
12619
12620
12621
12622
12623
12624
12625
12626
12629
12630
12631
12632
12634
12635
12636
12637
12638
12639
12640
12641
12642
12643
12646
12647
12648
12649
12650
12651
12653
12656
12657
12659
12661
12662
12663
12664
12665
12668
12669
12670
12672
12673
12674
12675
12676
12679
12680
12681
12682
12683
12684
12685
12686
12687
12690
12691
12692
12693
12694
12695
12697
12698
12699
12700
12702
12703
12704
12705
12706
12707
12708
12710
12711
12712
12714
12715
12716
12717
12719
12720
12721
12722
12723
12724
12725
12726
12727
12728
12730
12732
12733
12734
12735
12736
12737
12738
12739
12740
12741
12744
12747
12748
12749
12750
12751
12753
12754
12755
12756
12757
12758
12759
12760
12761
12762
12763
12765
12766
12767
12768
12769
12770
12771
12772
12773
12774
12776
12777
12778
12779
12780
12782
12783
12784
12785
12787
12788
12789
12790
12791
12794
12795
12796
12798
12800
12801
12802
12805
12806
12807
12808
12810
12811
12812
12813
12814
12816
12817
12818
12819
12820
12821
12822
12823
12824
12825
12826
12828
12829
12831
12832
12833
12834
12836
12837
12838
12841
12842
12844
12845
12846
12847
12848
12849
12850
12851
12852
12853
12854
12855
12857
12858
12859
12860
12861
12862
12863
12864
12865
12866
12867
12868
12869
12870
12871
12872
12874
12875
12876
12877
12878
12879
12881
12882
12883
12884
12885
12888
12889
12890
12891
12892
12894
12895
12896
12897
12899
12900
12902
12903
12904
12905
12906
12907
12908
12911
12913
12914
12915
12916
12917
12918
12919
12920
12922
12923
12925
12926
12927
12928
12929
12930
12931
12932
12933
12934
12935
12936
12937
12938
12939
12940
12944
12945
12946
12947
12948
12950
12951
12952
12954
12955
12956
12957
12958
12959
12960
12961
12962
12963
12964
12965
12966
12967
12968
12969
12970
12971
12972
12973
12974
12975
12976
12977
12978
12979
12980
12981
12982
12983
12984
12987
12988
12989
12990
12991
12992
12993
12994
12996
12997
12999
13000
13001
13003
13005
13006
13007
13008
13009
13010
13011
13012
13013
13015
13016
13017
13018
13019
13020
13021
13022
13023
13025
13026
13027
13028
13029
13030
13031
13032
13033
13034
13035
13036
13037
13038
13039
13040
13041
13043
13044
13046
13047
13048
13049
13050
13051
13052
13053
13054
13056
13057
13058
13060
13061
13062
13063
13064
13065
13066
13067
13068
13069
13070
13071
13073
13074
13075
13076
13077
13078
13079
13080
13081
13082
13083
13084
13085
13087
13088
13090
13091
13092
13093
13094
13095
13098
13099
13101
13102
13103
13104
13106
13107
13108
13109
13110
13111
13112
13113
13114
13115
13116
13117
13118
13119
13120
13121
13122
13123
13124
13125
13126
13127
13128
13129
13130
13131
13132
13133
13134
13135
13136
13137
13139
13140
13141
13142
13143
13145
13146
13147
13149
13151
13152
13153
13154
13155
13156
13157
13158
13159
13160
13162
13163
13164
13165
13166
13167
13168
13169
13170
13171
13172
13173
13175
13179
13180
13181
13183
13185
13186
13189
13190
13191
13192
13193
13194
13195
13196
13197
13198
13199
13200
13201
13202
13203
13204
13205
13206
13207
13208
13209
13211
13212
13214
13216
13217
13218
13219
13220
13222
13223
13224
13225
13227
13228
13229
13230
13232
13233
13235
13236
13237
13238
13239
13240
13241
13242
13243
13244
13245
13246
13247
13248
13249
13250
13251
13253
13254
13255
13256
13257
13258
13259
13261
13262
13263
13264
13265
13266
13267
13268
13269
13270
13272
13273
13274
13275
13277
13278
13279
13280
13281
13282
13283
13284
13285
13286
13288
13290
13291
13293
13295
13296
13297
13298
13299
13301
13302
13303
13304
13305
13306
13307
13308
13310
13311
13312
13313
13314
13315
13316
13317
13318
13319
13321
13322
13323
13324
13327
13328
13329
13330
13331
13332
13333
13334
13335
13337
13338
13339
13340
13341
13342
13343
13344
13345
13347
13348
13350
13351
13352
13353
13354
13355
13356
13357
13358
13359
13360
13361
13362
13363
13364
13366
13367
13368
13370
13371
13372
13373
13375
13376
13378
13379
13380
13381
13382
13383
13384
13385
13386
13387
13388
13389
13390
13391
13392
13394
13395
13396
13398
13400
13401
13402
13403
13404
13405
13406
13407
13408
13409
13410
13412
13413
13414
13415
13416
13417
13418
13419
13421
13422
13423
13424
13425
13426
13428
13429
13430
13431
13433
13435
13436
13437
13439
13440
13441
13442
13443
13444
13445
13447
13449
13452
13453
13454
13455
13456
13457
13458
13459
13460
13461
13462
13463
13465
13466
13467
13468
13469
13470
13471
13472
13473
13474
13475
13476
13477
13479
13480
13481
13482
13483
13484
13485
13486
13487
13488
13489
13490
13491
13492
13493
13494
13495
13496
13497
13498
13499
13501
13502
13504
13505
13506
13507
13508
13510
13512
13513
13515
13516
13517
13518
13519
13521
13525
13529
13530
13531
13532
13533
13534
13535
13536
13537
13538
13539
13540
13541
13543
13544
13546
13548
13550
13551
13552
13553
13554
13555
13557
13558
13559
13560
13561
13562
13564
13565
13566
13567
13568
13569
13570
13571
13572
13574
13575
13576
13577
13579
13581
13582
13583
13584
13585
13586
13587
13588
13589
13590
13591
13592
13593
13594
13595
13596
13597
13598
13599
13600
13602
13604
13605
13606
13607
13608
13609
13610
13611
13612
13613
13614
13616
13617
13618
13619
13620
13621
13622
13623
13624
13625
13626
13627
13628
13629
13630
13631
13633
13635
13636
13637
13638
13640
13641
13643
13644
13645
13646
13647
13648
13649
13650
13651
13652
13653
13654
13656
13658
13659
13660
13661
13662
13663
13664
13665
13666
13667
13669
13670
13671
13672
13673
13674
13675
13676
13677
13678
13679
13680
13683
13684
13685
13686
13687
13688
13690
13691
13693
13694
13695
13696
13697
13699
13700
13701
13702
13703
13704
13705
13706
13707
13709
13710
13711
13712
13713
13714
13715
13716
13717
13718
13719
13720
13721
13722
13723
13724
13725
13726
13727
13728
13729
13730
13731
13732
13733
13734
13735
13736
13737
13738
13740
13741
13742
13743
13745
13746
13747
13748
13749
13750
13751
13752
13753
13754
13756
13758
13759
13760
13761
13762
13765
13766
13767
13768
13769
13770
13771
13772
13773
13775
13776
13778
13779
13781
13782
13783
13784
13785
13786
13787
13788
13789
13790
13791
13792
13793
13794
13795
13796
13798
13799
13800
13801
13803
13804
13805
13806
13807
13810
13811
13812
13813
13814
13815
13816
13818
13819
13820
13821
13822
13823
13824
13826
13827
13828
13829
13830
13831
13832
13833
13835
13836
13837
13838
13839
13840
13841
13842
13843
13844
13845
13846
13847
13848
13849
13850
13853
13854
13855
13856
13857
13858
13859
13860
13861
13862
13864
13865
13866
13868
13869
13870
13871
13872
13874
13875
13876
13878
13879
13882
13883
13884
13885
13886
13887
13888
13889
13890
13891
13892
13894
13895
13896
13897
13898
13899
13900
13901
13902
13903
13904
13906
13907
13908
13909
13910
13911
13912
13913
13914
13916
13917
13918
13919
13920
13921
13922
13923
13924
13925
13926
13927
13928
13930
13931
13932
13934
13935
13936
13937
13938
13939
13940
13941
13942
13943
13944
13945
13946
13947
13948
13949
13950
13951
13952
13954
13955
13956
13957
13958
13959
13960
13962
13963
13964
13965
13966
13969
13970
13971
13972
13973
13975
13976
13977
13978
13979
13980
13981
13982
13983
13984
13986
13987
13988
13989
13990
13991
13992
13993
13994
13995
13996
13997
13998
14000
14001
14002
14003
14006
14007
14008
14009
14010
14011
14012
14013
14014
14015
14016
14019
14020
14021
14022
14024
14025
14028
14029
14030
14031
14033
14034
14036
14040
14041
14042
14043
14044
14045
14046
14048
14049
14050
14053
14054
14055
14056
14057
14060
14061
14062
14063
14064
14065
14066
14067
14068
14069
14071
14072
14073
14074
14075
14076
14077
14078
14079
14080
14081
14082
14083
14084
14085
14086
14087
14088
14089
14090
14091
14092
14093
14094
14095
14096
14097
14098
14099
14100
14102
14103
14105
14106
14107
14108
14109
14110
14111
14112
14113
14114
14115
14116
14117
14118
14119
14120
14121
14122
14124
14126
14127
14128
14129
14130
14131
14133
14134
14135
14137
14138
14139
14142
14143
14144
14145
14147
14148
14149
14150
14154
14155
14156
14157
14158
14159
14160
14161
14162
14164
14165
14166
14167
14168
14170
14171
14172
14174
14176
14177
14180
14181
14182
14183
14184
14186
14187
14188
14190
14191
14192
14193
14194
14195
14196
14197
14199
14200
14201
14202
14203
14204
14205
14207
14209
14210
14211
14212
14213
14214
14215
14216
14217
14218
14219
14221
14222
14223
14224
14225
14227
14228
14230
14231
14232
14233
14234
14236
14237
14239
14240
14241
14242
14243
14244
14245
14246
14247
14249
14251
14252
14253
14254
14255
14256
14257
14258
14259
14260
14261
14262
14263
14265
14267
14268
14269
14270
14273
14274
14275
14276
14277
14278
14279
14280
14282
14283
14284
14285
14286
14287
14288
14290
14291
14293
14295
14296
14297
14298
14299
14300
14301
14302
14303
14304
14305
14306
14308
14309
14310
14311
14312
14313
14314
14315
14316
14317
14318
14319
14320
14321
14322
14323
14324
14325
14326
14329
14330
14331
14332
14334
14335
14336
14337
14338
14339
14340
14342
14343
14344
14345
14346
14348
14349
14351
14352
14353
14354
14355
14356
14357
14358
14359
14360
14361
14362
14364
14365
14366
14367
14368
14369
14370
14371
14372
14373
14374
14376
14377
14378
14379
14380
14381
14382
14383
14384
14385
14386
14387
14388
14390
14391
14392
14394
14395
14396
14397
14398
14399
14400
14401
14402
14403
14404
14405
14407
14409
14410
14411
14413
14414
14415
14416
14417
14418
14419
14420
14422
14423
14424
14425
14426
14427
14428
14429
14430
14431
14432
14433
14434
14435
14436
14437
14438
14439
14440
14441
14443
14446
14447
14448
14449
14450
14451
14452
14453
14454
14455
14456
14457
14458
14461
14462
14463
14464
14465
14467
14468
14469
14470
14471
14472
14473
14474
14475
14476
14477
14478
14479
14481
14482
14483
14484
14485
14487
14488
14489
14491
14492
14493
14494
14495
14496
14497
14498
14499
14500
14501
14502
14503
14504
14505
14506
14507
14508
14510
14512
14513
14514
14515
14516
14517
14518
14519
14520
14522
14524
14525
14526
14528
14529
14530
14531
14532
14533
14534
14535
14536
14537
14538
14540
14541
14542
14543
14544
14545
14546
14547
14548
14549
14550
14551
14552
14554
14555
14557
14558
14560
14561
14562
14563
14564
14565
14566
14567
14568
14569
14570
14571
14572
14573
14574
14575
14576
14577
14578
14579
14580
14581
14582
14583
14584
14585
14586
14587
14589
14590
14591
14592
14593
14594
14595
14596
14598
14600
14601
14602
14603
14604
14605
14606
14607
14608
14609
14610
14611
14612
14613
14614
14615
14616
14617
14618
14619
14620
14621
14622
14623
14624
14625
14626
14627
14628
14629
14630
14631
14633
14634
14635
14636
14637
14638
14639
14640
14641
14642
14643
14644
14645
14646
14647
14649
14650
14651
14652
14653
14654
14655
14656
14657
14659
14661
14662
14663
14664
14665
14666
14667
14668
14670
14671
14672
14674
14675
14676
14677
14678
14679
14680
14681
14683
14684
14685
14687
14688
14689
14690
14691
14692
14693
14694
14695
14696
14697
14698
14700
14701
14703
14706
14707
14708
14710
14711
14712
14713
14714
14715
14716
14717
14718
14719
14720
14721
14722
14723
14724
14727
14728
14730
14731
14732
14733
14734
14735
14737
14739
14740
14741
14742
14743
14744
14745
14746
14747
14748
14749
14750
14751
14752
14753
14754
14755
14756
14758
14759
14760
14762
14763
14764
14765
14766
14768
14769
14770
14771
14772
14773
14774
14775
14776
14777
14779
14780
14781
14782
14783
14784
14785
14786
14787
14788
14789
14790
14791
14792
14793
14794
14795
14796
14798
14799
14801
14802
14804
14805
14806
14807
14809
14810
14811
14812
14813
14814
14815
14816
14817
14818
14819
14820
14821
14822
14823
14824
14825
14826
14828
14829
14830
14831
14832
14833
14834
14835
14836
14837
14838
14839
14840
14841
14842
14843
14844
14846
14848
14849
14850
14851
14852
14854
14855
14856
14858
14859
14860
14861
14862
14863
14864
14865
14866
14867
14868
14869
14870
14871
14873
14874
14875
14876
14877
14878
14879
14880
14881
14883
14884
14885
14886
14887
14888
14889
14890
14891
14892
14893
14894
14895
14896
14897
14898
14899
14900
14901
14902
14903
14904
14905
14906
14907
14909
14910
14911
14912
14913
14915
14916
14917
14919
14920
14922
14923
14924
14927
14928
14929
14930
14933
14934
14935
14936
14937
14938
14939
14940
14941
14942
14943
14944
14945
14946
14947
14948
14949
14951
14952
14953
14954
14955
14957
14958
14959
14961
14962
14963
14964
14965
14966
14967
14968
14971
14972
14973
14974
14976
14977
14978
14979
14980
14981
14982
14983
14984
14985
14986
14987
14988
14989
14990
14991
14992
14994
14995
14996
14997
14998
14999
15000
15002
15003
15004
15006
15009
15010
15013
15014
15015
15016
15017
15019
15021
15022
15023
15025
15026
15027
15028
15029
15030
15031
15032
15033
15034
15035
15036
15037
15038
15039
15040
15041
15042
15043
15044
15045
15046
15047
15048
15049
15050
15051
15052
15053
15054
15055
15056
15057
15058
15059
15060
15061
15062
15063
15064
15065
15066
15067
15068
15069
15070
15071
15072
15073
15074
15075
15076
15078
15079
15080
15081
15082
15084
15085
15087
15088
15089
15090
15091
15092
15094
15095
15096
15097
15098
15099
15100
15101
15103
15105
15106
15107
15108
15109
15111
15112
15113
15114
15115
15116
15117
15118
15120
15121
15122
15123
15126
15127
15128
15129
15130
15131
15132
15133
15135
15136
15138
15139
15140
15141
15142
15143
15144
15145
15147
15148
15149
15150
15151
15152
15153
15154
15155
15156
15157
15158
15159
15160
15161
15162
15163
15164
15165
15166
15167
15168
15169
15171
15172
15173
15175
15176
15177
15178
15179
15180
15181
15182
15183
15184
15185
15186
15187
15188
15189
15190
15191
15192
15193
15194
15195
15196
15197
15198
15199
15200
15201
15202
15203
15204
15205
15207
15210
15211
15212
15213
15214
15215
15216
15217
15218
15219
15222
15223
15225
15226
15227
15228
15229
15230
15231
15232
15233
15234
15235
15236
15238
15240
15241
15243
15244
15245
15246
15247
15248
15249
15250
15251
15252
15253
15254
15255
15257
15258
15259
15261
15262
15263
15264
15265
15266
15267
15268
15269
15270
15271
15272
15273
15274
15276
15277
15278
15279
15280
15282
15283
15284
15285
15287
15288
15289
15290
15291
15292
15293
15294
15295
15296
15297
15298
15299
15302
15304
15305
15307
15308
15310
15312
15313
15314
15315
15316
15317
15318
15319
15320
15321
15323
15324
15325
15326
15327
15328
15329
15330
15331
15332
15333
15334
15335
15336
15337
15338
15340
15341
15342
15343
15344
15345
15346
15349
15350
15351
15352
15353
15354
15355
15356
15357
15359
15360
15361
15363
15364
15365
15366
15367
15368
15369
15370
15372
15373
15374
15375
15376
15377
15378
15379
15381
15382
15383
15384
15385
15386
15388
15389
15391
15392
15393
15395
15396
15397
15398
15400
15401
15402
15403
15404
15405
15407
15408
15409
15410
15411
15412
15413
15415
15416
15417
15418
15420
15421
15422
15423
15424
15425
15427
15429
15430
15431
15432
15433
15434
15435
15436
15437
15438
15439
15440
15441
15442
15444
15445
15446
15447
15448
15449
15450
15451
15452
15453
15454
15455
15456
15457
15458
15459
15460
15461
15462
15463
15465
15466
15468
15469
15470
15471
15472
15474
15475
15476
15477
15478
15479
15480
15481
15482
15483
15484
15485
15486
15487
15488
15489
15490
15491
15493
15494
15495
15496
15498
15499
15500
15501
15502
15503
15504
15505
15506
15507
15508
15509
15510
15511
15512
15513
15514
15515
15516
15518
15519
15520
15521
15522
15523
15524
15527
15528
15529
15530
15531
15532
15533
15535
15536
15537
15538
15539
15540
15541
15542
15543
15544
15545
15546
15547
15548
15549
15550
15551
15552
15554
15557
15558
15560
15561
15562
15563
15564
15565
15566
15567
15568
15569
15570
15571
15573
15574
15575
15576
15578
15579
15580
15584
15585
15586
15587
15588
15589
15590
15591
15592
15594
15595
15596
15597
15598
15599
15600
15601
15602
15603
15604
15605
15606
15607
15608
15609
15610
15611
15612
15613
15614
15615
15616
15617
15618
15619
15620
15622
15623
15625
15626
15627
15628
15629
15630
15631
15632
15633
15634
15635
15636
15637
15638
15639
15640
15641
15642
15644
15645
15646
15647
15648
15649
15650
15651
15652
15653
15654
15655
15656
15657
15658
15659
15660
15661
15662
15663
15664
15665
15666
15667
15668
15669
15670
15671
15672
15673
15675
15676
15677
15678
15679
15680
15681
15682
15683
15685
15686
15687
15688
15689
15690
15692
15693
15694
15696
15697
15698
15699
15700
15701
15702
15704
15705
15707
15708
15709
15710
15711
15712
15713
15714
15715
15716
15718
15719
15720
15722
15723
15724
15725
15726
15727
15728
15729
15730
15731
15732
15734
15735
15736
15737
15739
15740
15741
15744
15745
15747
15749
15750
15751
15752
15753
15754
15755
15756
15758
15760
15761
15762
15764
15765
15766
15768
15770
15772
15774
15775
15777
15778
15780
15781
15782
15784
15785
15786
15787
15790
15791
15792
15794
15795
15796
15798
15799
15800
15801
15802
15804
15805
15806
15807
15808
15809
15810
15811
15813
15814
15815
15816
15817
15818
15819
15820
15821
15822
15823
15824
15825
15826
15827
15828
15829
15830
15831
15832
15834
15835
15836
15837
15839
15841
15842
15843
15846
15847
15848
15849
15850
15851
15852
15853
15854
15855
15856
15858
15860
15861
15862
15863
15864
15865
15866
15867
15868
15869
15870
15871
15872
15873
15874
15875
15876
15877
15878
15879
15880
15881
15882
15883
15884
15885
15886
15887
15888
15891
15893
15894
15895
15896
15897
15899
15900
15901
15902
15903
15904
15905
15906
15907
15908
15909
15910
15911
15912
15913
15914
15915
15916
15917
15918
15919
15920
15921
15924
15925
15927
15928
15929
15930
15932
15933
15934
15935
15936
15937
15938
15939
15940
15941
15942
15943
15945
15946
15947
15948
15949
15950
15951
15952
15954
15956
15958
15959
15960
15961
15962
15963
15964
15965
15966
15968
15969
15970
15971
15972
15973
15974
15975
15976
15977
15978
15979
15980
15982
15983
15986
15987
15988
15990
15991
15992
15993
15995
15996
15999
16001
16003
16004
16006
16007
16009
16011
16012
16013
16014
16015
16016
16017
16018
16020
16021
16022
16023
16025
16027
16028
16029
16030
16032
16033
16034
16035
16036
16037
16038
16039
16040
16041
16042
16043
16044
16045
16046
16047
16048
16050
16051
16052
16053
16054
16055
16056
16057
16058
16059
16060
16061
16062
16063
16064
16066
16067
16068
16070
16071
16072
16073
16074
16075
16076
16077
16078
16079
16080
16081
16084
16085
16086
16087
16088
16089
16090
16094
16095
16096
16097
16098
16100
16101
16102
16103
16104
16105
16106
16107
16108
16109
16110
16111
16112
16113
16114
16115
16119
16120
16121
16122
16123
16124
16125
16126
16127
16128
16129
16130
16131
16132
16133
16135
16136
16137
16138
16139
16140
16141
16142
16143
16144
16145
16146
16147
16148
16149
16150
16151
16152
16153
16154
16155
16157
16158
16159
16161
16162
16164
16166
16167
16168
16169
16170
16171
16172
16173
16174
16175
16176
16177
16178
16179
16180
16181
16182
16183
16184
16185
16186
16187
16188
16191
16192
16193
16194
16195
16196
16197
16198
16199
16201
16202
16205
16206
16208
16209
16210
16211
16212
16213
16215
16216
16217
16218
16219
16220
16221
16222
16223
16224
16225
16226
16227
16229
16230
16231
16233
16234
16235
16236
16237
16238
16243
16244
16245
16247
16250
16251
16252
16253
16255
16256
16257
16258
16259
16261
16262
16263
16265
16266
16267
16268
16270
16271
16274
16275
16276
16277
16278
16280
16281
16282
16283
16284
16285
16286
16288
16289
16290
16291
16292
16293
16294
16295
16296
16297
16298
16299
16300
16301
16302
16303
16305
16306
16307
16308
16309
16310
16311
16312
16313
16316
16318
16319
16320
16321
16323
16324
16325
16326
16327
16328
16329
16330
16331
16332
16333
16334
16335
16336
16339
16340
16341
16342
16343
16344
16345
16346
16347
16348
16349
16350
16351
16352
16353
16354
16356
16357
16358
16359
16362
16363
16365
16366
16367
16368
16370
16373
16374
16376
16377
16378
16379
16380
16381
16382
16383
16384
16385
16386
16387
16388
16389
16390
16391
16393
16394
16395
16396
16397
16398
16399
16401
16402
16403
16404
16405
16406
16407
16408
16409
16410
16411
16412
16414
16415
16416
16417
16418
16419
16420
16422
16423
16424
16425
16426
16427
16428
16429
16430
16431
16432
16433
16434
16435
16436
16437
16439
16440
16442
16444
16445
16446
16447
16448
16449
16450
16451
16452
16453
16454
16455
16456
16457
16458
16459
16460
16461
16462
16463
16464
16465
16466
16467
16468
16470
16473
16474
16475
16476
16477
16479
16480
16481
16482
16483
16484
16485
16486
16487
16488
16489
16490
16491
16492
16493
16494
16495
16496
16499
16500
16501
16502
16504
16507
16509
16510
16511
16512
16514
16515
16516
16517
16518
16519
16521
16522
16523
16524
16525
16526
16527
16528
16529
16530
16531
16532
16533
16535
16536
16537
16540
16541
16542
16544
16545
16546
16547
16548
16550
16551
16553
16554
16555
16556
16558
16559
16560
16561
16562
16563
16564
16565
16566
16569
16570
16572
16573
16574
16577
16578
16579
16580
16581
16582
16583
16585
16587
16589
16590
16591
16592
16593
16594
16595
16596
16598
16600
16602
16603
16604
16605
16606
16607
16608
16609
16610
16611
16612
16613
16614
16615
16617
16618
16619
16620
16621
16622
16623
16625
16626
16627
16628
16629
16630
16631
16632
16633
16634
16635
16636
16637
16638
16639
16642
16643
16644
16645
16646
16647
16648
16649
16650
16651
16652
16653
16654
16655
16656
16657
16658
16660
16661
16662
16663
16664
16665
16666
16667
16668
16669
16670
16671
16672
16673
16674
16675
16677
16678
16680
16681
16682
16683
16684
16685
16686
16687
16688
16689
16690
16691
16692
16693
16694
16695
16696
16697
16698
16699
16700
16701
16702
16703
16704
16705
16706
16707
16709
16710
16711
16712
16713
16714
16716
16717
16718
16720
16721
16722
16723
16724
16725
16726
16727
16728
16729
16730
16731
16732
16733
16734
16735
16736
16738
16739
16740
16742
16743
16744
16745
16746
16747
16748
16750
16751
16753
16754
16755
16756
16757
16758
16760
16762
16763
16765
16766
16767
16768
16770
16771
16772
16773
16774
16775
16776
16777
16778
16779
16780
16781
16782
16783
16784
16785
16786
16787
16788
16789
16790
16791
16792
16793
16794
16795
16796
16797
16798
16799
16800
16801
16802
16803
16804
16805
16806
16807
16808
16809
16810
16811
16812
16813
16815
16816
16817
16818
16819
16820
16821
16822
16823
16824
16825
16826
16827
16828
16829
16831
16833
16834
16835
16836
16837
16838
16840
16841
16842
16845
16846
16847
16848
16849
16850
16851
16853
16854
16855
16856
16857
16858
16860
16861
16862
16863
16865
16866
16867
16868
16869
16870
16871
16872
16873
16874
16875
16876
16877
16879
16881
16882
16883
16884
16885
16886
16887
16888
16889
16890
16891
16892
16893
16894
16896
16897
16898
16899
16901
16902
16903
16904
16905
16906
16908
16909
16913
16914
16916
16917
16919
16921
16922
16923
16924
16925
16926
16927
16928
16929
16930
16931
16933
16934
16935
16936
16937
16938
16940
16942
16943
16944
16945
16947
16948
16949
16951
16952
16953
16954
16955
16956
16957
16958
16960
16961
16964
16965
16966
16967
16968
16969
16970
16971
16973
16974
16975
16976
16977
16978
16979
16980
16981
16983
16987
16988
16989
16990
16991
16992
16993
16995
16996
16997
17000
17002
17003
17004
17005
17006
17007
17008
17009
17010
17011
17012
17013
17014
17015
17016
17018
17019
17020
17021
17022
17023
17024
17025
17026
17027
17028
17029
17031
17032
17033
17034
17035
17036
17037
17040
17042
17043
17044
17045
17046
17047
17048
17050
17051
17052
17054
17055
17056
17059
17060
17061
17062
17063
17064
17065
17066
17067
17068
17069
17070
17071
17072
17073
17074
17075
17076
17077
17079
17080
17081
17083
17084
17085
17087
17088
17089
17090
17091
17092
17093
17095
17096
17097
17098
17099
17100
17101
17102
17103
17104
17105
17106
17107
17108
17109
17110
17112
17113
17114
17115
17116
17117
17118
17119
17120
17121
17122
17123
17124
17126
17127
17128
17129
17130
17131
17132
17134
17135
17136
17137
17138
17139
17140
17141
17143
17144
17145
17146
17147
17148
17150
17151
17152
17153
17154
17155
17156
17157
17158
17159
17160
17161
17162
17163
17164
17165
17166
17167
17170
17171
17172
17173
17174
17175
17177
17178
17179
17181
17182
17183
17184
17185
17186
17187
17188
17189
17190
17191
17192
17193
17194
17195
17196
17197
17198
17199
17200
17201
17202
17203
17204
17205
17206
17207
17209
17210
17211
17212
17213
17214
17215
17216
17217
17218
17219
17220
17221
17223
17224
17225
17226
17227
17228
17229
17230
17232
17233
17234
17235
17236
17237
17238
17240
17241
17242
17243
17244
17245
17248
17250
17252
17253
17254
17255
17256
17257
17259
17262
17263
17264
17265
17266
17267
17268
17269
17271
17273
17274
17275
17276
17277
17278
17279
17280
17282
17283
17284
17285
17286
17287
17288
17289
17290
17291
17292
17293
17294
17295
17296
17297
17299
17300
17301
17302
17303
17304
17305
17306
17307
17308
17309
17310
17311
17312
17314
17315
17316
17317
17318
17319
17320
17321
17322
17323
17324
17325
17326
17327
17328
17329
17330
17331
17332
17333
17334
17336
17337
17338
17339
17340
17341
17342
17343
17344
17345
17346
17348
17349
17350
17351
17352
17353
17354
17355
17356
17357
17358
17360
17361
17362
17363
17364
17365
17366
17367
17368
17369
17370
17371
17372
17373
17374
17375
17376
17377
17378
17379
17381
17382
17383
17385
17386
17387
17388
17389
17390
17391
17392
17393
17394
17395
17396
17397
17399
17401
17402
17403
17404
17406
17407
17408
17411
17412
17416
17417
17418
17422
17423
17424
17425
17426
17427
17428
17429
17430
17431
17433
17435
17437
17438
17439
17440
17441
17442
17443
17444
17446
17447
17449
17450
17451
17452
17453
17454
17455
17457
17458
17459
17460
17461
17462
17463
17464
17465
17466
17467
17468
17469
17470
17471
17473
17474
17475
17476
17477
17478
17479
17480
17481
17482
17483
17484
17485
17486
17487
17488
17489
17490
17491
17492
17494
17496
17497
17498
17502
17503
17504
17505
17506
17507
17509
17510
17512
17513
17514
17515
17516
17517
17519
17521
17522
17524
17525
17526
17528
17529
17530
17531
17532
17533
17534
17535
17536
17537
17538
17539
17540
17541
17542
17543
17545
17546
17547
17548
17549
17550
17551
17552
17553
17554
17556
17558
17559
17560
17561
17562
17563
17564
17565
17566
17567
17568
17569
17570
17573
17575
17576
17577
17578
17580
17581
17582
17583
17584
17585
17586
17587
17588
17589
17590
17591
17592
17593
17594
17596
17597
17598
17599
17600
17601
17602
17603
17606
17607
17608
17609
17610
17611
17612
17613
17614
17615
17616
17617
17618
17619
17620
17621
17622
17623
17624
17625
17626
17627
17628
17629
17631
17632
17634
17635
17636
17637
17638
17641
17642
17643
17644
17646
17648
17649
17650
17651
17653
17654
17656
17657
17660
17662
17663
17665
17667
17668
17669
17670
17671
17672
17673
17674
17675
17677
17678
17680
17681
17682
17683
17684
17685
17686
17687
17688
17689
17690
17691
17692
17693
17694
17695
17696
17697
17698
17699
17700
17702
17703
17704
17706
17707
17708
17710
17711
17712
17713
17715
17716
17717
17719
17720
17721
17722
17723
17724
17725
17726
17727
17728
17729
17730
17731
17732
17733
17734
17735
17737
17738
17740
17741
17742
17743
17744
17745
17746
17747
17748
17750
17751
17752
17753
17754
17755
17756
17758
17759
17762
17763
17764
17766
17767
17768
17769
17771
17772
17773
17774
17775
17776
17777
17779
17780
17781
17782
17783
17784
17785
17786
17787
17789
17790
17792
17793
17794
17795
17796
17798
17799
17800
17801
17802
17803
17804
17805
17806
17808
17809
17810
17812
17813
17814
17816
17817
17818
17819
17821
17824
17825
17826
17827
17828
17830
17832
17834
17837
17838
17839
17840
17841
17842
17843
17844
17845
17846
17847
17848
17850
17851
17852
17853
17854
17856
17857
17858
17859
17861
17862
17863
17864
17866
17868
17869
17871
17872
17873
17874
17875
17876
17878
17879
17880
17881
17882
17883
17884
17885
17886
17887
17889
17890
17891
17892
17893
17894
17895
17896
17897
17898
17899
17900
17901
17902
17903
17904
17905
17907
17908
17909
17910
17912
17913
17914
17915
17916
17917
17918
17920
17921
17923
17924
17926
17927
17928
17929
17930
17931
17932
17933
17934
17935
17936
17937
17938
17939
17940
17941
17942
17944
17946
17947
17948
17949
17950
17951
17953
17954
17955
17956
17958
17959
17960
17961
17962
17963
17964
17965
17966
17967
17968
17969
17971
17972
17973
17974
17975
17976
17977
17978
17979
17981
17982
17983
17984
17986
17987
17988
17989
17991
17992
17993
17994
17995
17997
17998
17999
18000
18001
18003
18004
18005
18006
18008
18009
18010
18011
18012
18013
18014
18015
18016
18017
18018
18019
18020
18021
18022
18023
18024
18025
18027
18028
18029
18030
18031
18032
18033
18035
18036
18037
18038
18039
18040
18041
18042
18045
18047
18048
18049
18050
18051
18052
18056
18057
18058
18059
18060
18061
18062
18063
18064
18065
18066
18067
18068
18070
18071
18072
18073
18074
18075
18077
18078
18079
18080
18081
18082
18083
18084
18085
18086
18088
18089
18091
18093
18094
18095
18096
18097
18098
18099
18101
18102
18103
18104
18105
18107
18108
18109
18110
18111
18113
18114
18115
18116
18117
18118
18119
18120
18122
18123
18124
18125
18126
18127
18128
18129
18131
18132
18133
18134
18136
18137
18138
18139
18140
18141
18143
18144
18145
18146
18147
18150
18151
18153
18154
18155
18156
18158
18159
18160
18161
18163
18164
18165
18166
18168
18169
18170
18171
18172
18174
18175
18176
18178
18179
18180
18181
18182
18183
18184
18186
18187
18188
18189
18190
18192
18193
18194
18195
18196
18197
18198
18199
18200
18201
18202
18203
18204
18205
18206
18207
18208
18209
18211
18213
18214
18215
18216
18217
18218
18220
18221
18222
18223
18224
18225
18226
18227
18228
18229
18230
18231
18232
18234
18235
18236
18237
18239
18240
18241
18243
18245
18246
18247
18248
18249
18250
18251
18252
18253
18254
18255
18256
18257
18258
18259
18261
18262
18263
18265
18266
18267
18268
18269
18270
18271
18272
18274
18275
18276
18277
18278
18279
18280
18281
18282
18283
18284
18285
18287
18288
18289
18291
18292
18293
18294
18295
18296
18297
18298
18299
18300
18301
18302
18303
18304
18305
18306
18307
18308
18309
18310
18311
18312
18314
18316
18317
18318
18319
18320
18321
18322
18323
18325
18326
18327
18328
18329
18330
18331
18332
18333
18334
18335
18336
18337
18338
18339
18340
18343
18344
18345
18346
18347
18348
18351
18353
18355
18357
18358
18359
18360
18362
18363
18364
18365
18367
18368
18370
18371
18372
18373
18374
18375
18376
18377
18378
18379
18380
18381
18382
18383
18384
18385
18386
18387
18388
18389
18390
18391
18392
18393
18395
18396
18397
18398
18400
18401
18403
18404
18408
18409
18410
18411
18412
18413
18414
18415
18416
18417
18418
18419
18420
18421
18422
18423
18424
18425
18426
18427
18428
18429
18430
18431
18432
18434
18437
18438
18439
18441
18442
18443
18444
18445
18446
18447
18448
18449
18450
18452
18453
18455
18456
18457
18458
18459
18460
18461
18462
18463
18464
18467
18468
18469
18471
18472
18474
18475
18476
18477
18478
18479
18480
18482
18483
18484
18485
18486
18487
18489
18491
18492
18494
18495
18496
18497
18499
18501
18502
18504
18505
18507
18508
18509
18510
18511
18512
18513
18514
18515
18516
18517
18518
18519
18520
18521
18522
18523
18524
18525
18526
18527
18528
18529
18530
18531
18532
18533
18534
18535
18536
18537
18538
18539
18540
18541
18542
18543
18544
18545
18546
18547
18548
18550
18551
18552
18553
18554
18555
18556
18557
18558
18560
18561
18562
18564
18565
18566
18567
18568
18569
18570
18571
18572
18573
18575
18577
18578
18580
18581
18582
18583
18584
18585
18586
18587
18588
18589
18590
18592
18593
18594
18595
18596
18597
18598
18599
18600
18601
18602
18604
18605
18606
18607
18608
18609
18610
18612
18614
18616
18617
18618
18619
18620
18621
18622
18623
18625
18627
18628
18629
18631
18632
18633
18634
18636
18639
18640
18642
18643
18644
18645
18646
18647
18648
18649
18650
18651
18652
18653
18654
18656
18657
18659
18660
18662
18663
18664
18665
18667
18669
18670
18671
18672
18673
18674
18675
18677
18678
18682
18683
18684
18685
18686
18687
18688
18689
18690
18691
18692
18694
18695
18696
18697
18698
18699
18700
18701
18702
18703
18705
18706
18707
18708
18711
18712
18713
18714
18715
18718
18719
18720
18721
18722
18723
18724
18725
18726
18727
18728
18729
18730
18731
18732
18734
18735
18736
18737
18738
18739
18740
18741
18743
18744
18745
18747
18748
18749
18750
18751
18752
18753
18756
18757
18758
18759
18760
18761
18762
18763
18764
18765
18766
18767
18768
18769
18770
18771
18772
18773
18774
18775
18779
18780
18781
18782
18783
18784
18785
18787
18788
18789
18790
18791
18793
18794
18795
18796
18797
18798
18799
18800
18801
18802
18803
18804
18805
18806
18807
18808
18809
18811
18812
18814
18815
18816
18817
18818
18819
18820
18823
18824
18826
18827
18828
18829
18831
18832
18833
18834
18835
18836
18838
18839
18840
18841
18842
18843
18845
18846
18848
18849
18850
18851
18852
18853
18855
18856
18858
18859
18860
18861
18862
18863
18864
18865
18866
18867
18869
18871
18872
18874
18875
18877
18878
18879
18880
18881
18882
18883
18885
18886
18887
18889
18890
18891
18892
18893
18894
18895
18896
18897
18899
18900
18901
18902
18903
18904
18905
18906
18908
18909
18910
18911
18912
18913
18915
18916
18918
18921
18922
18923
18924
18925
18926
18929
18930
18932
18933
18934
18935
18937
18938
18939
18940
18941
18942
18944
18945
18946
18949
18950
18951
18952
18953
18954
18955
18956
18957
18958
18959
18960
18961
18963
18964
18965
18966
18967
18968
18969
18970
18971
18972
18974
18975
18976
18977
18978
18979
18980
18981
18982
18983
18984
18987
18988
18989
18990
18991
18992
18994
18996
18997
18998
19000
19001
19002
19003
19004
19005
19006
19007
19008
19009
19010
19012
19013
19014
19015
19016
19017
19018
19019
19020
19021
19022
19023
19024
19026
19027
19028
19029
19030
19031
19032
19033
19034
19035
19036
19038
19039
19040
19041
19042
19043
19044
19045
19046
19047
19048
19049
19050
19051
19052
19054
19055
19056
19057
19058
19059
19060
19063
19065
19066
19068
19069
19071
19073
19074
19075
19077
19080
19081
19082
19083
19084
19085
19086
19087
19089
19090
19091
19092
19094
19095
19096
19097
19098
19099
19100
19101
19102
19103
19104
19105
19106
19107
19108
19109
19110
19111
19112
19113
19114
19115
19117
19118
19119
19120
19121
19122
19123
19124
19126
19127
19128
19129
19130
19131
19132
19134
19135
19136
19137
19139
19140
19141
19142
19143
19144
19145
19146
19147
19149
19150
19151
19152
19153
19154
19155
19156
19157
19158
19159
19160
19161
19162
19163
19164
19165
19166
19167
19168
19169
19170
19171
19172
19173
19174
19175
19176
19177
19178
19179
19181
19182
19183
19184
19185
19186
19187
19188
19190
19191
19192
19193
19194
19195
19196
19198
19199
19200
19201
19202
19203
19204
19205
19206
19207
19208
19209
19210
19211
19212
19213
19214
19215
19217
19218
19219
19220
19222
19223
19224
19225
19226
19227
19228
19229
19230
19231
19233
19234
19235
19236
19237
19238
19240
19241
19242
19243
19245
19246
19247
19250
19251
19252
19253
19255
19256
19257
19258
19259
19260
19261
19262
19263
19264
19265
19266
19267
19268
19269
19271
19272
19273
19274
19275
19276
19277
19278
19279
19280
19281
19282
19284
19285
19286
19287
19288
19289
19290
19291
19292
19293
19294
19295
19296
19297
19298
19299
19300
19301
19303
19304
19305
19306
19307
19308
19309
19312
19313
19314
19315
19316
19317
19318
19319
19320
19321
19322
19323
19324
19325
19326
19328
19329
19330
19331
19333
19334
19335
19336
19337
19338
19340
19341
19342
19343
19344
19345
19347
19349
19350
19351
19352
19353
19354
19355
19356
19357
19359
19360
19361
19362
19363
19364
19366
19367
19368
19369
19370
19372
19373
19374
19375
19376
19377
19378
19379
19380
19381
19382
19383
19385
19387
19389
19390
19391
19392
19393
19394
19395
19396
19397
19399
19400
19402
19403
19404
19405
19407
19408
19409
19410
19411
19412
19413
19414
19416
19418
19420
19422
19423
19424
19426
19427
19428
19429
19430
19431
19432
19433
19434
19435
19436
19437
19438
19439
19440
19441
19443
19444
19445
19446
19447
19449
19450
19451
19452
19453
19454
19455
19456
19457
19458
19459
19460
19461
19462
19463
19464
19465
19466
19467
19468
19469
19470
19471
19472
19473
19475
19477
19478
19479
19480
19482
19483
19484
19485
19486
19487
19489
19491
19492
19493
19494
19495
19496
19497
19498
19499
19500
19501
19502
19504
19505
19506
19507
19508
19510
19511
19512
19513
19514
19515
19516
19517
19518
19519
19520
19521
19522
19523
19524
19525
19526
19527
19529
19530
19531
19533
19534
19535
19536
19537
19538
19540
19541
19543
19544
19547
19549
19550
19551
19552
19553
19554
19555
19556
19559
19561
19563
19564
19565
19566
19567
19568
19570
19571
19572
19573
19575
19576
19577
19578
19579
19580
19581
19582
19583
19584
19585
19586
19587
19588
19589
19591
19592
19594
19597
19599
19600
19601
19602
19604
19605
19606
19607
19608
19609
19611
19612
19613
19614
19615
19616
19617
19618
19619
19620
19621
19622
19623
19624
19625
19627
19628
19629
19630
19631
19632
19633
19634
19635
19636
19637
19638
19639
19640
19641
19642
19643
19644
19646
19647
19649
19650
19651
19652
19653
19654
19655
19656
19657
19658
19659
19660
19661
19662
19664
19665
19666
19667
19668
19669
19670
19671
19672
19673
19674
19675
19677
19678
19679
19680
19681
19683
19686
19687
19689
19690
19691
19694
19695
19696
19697
19698
19700
19701
19702
19703
19706
19708
19710
19711
19712
19713
19714
19715
19717
19718
19719
19720
19721
19722
19723
19724
19725
19727
19728
19729
19730
19731
19733
19734
19736
19737
19738
19739
19740
19741
19743
19744
19745
19746
19747
19748
19749
19750
19751
19752
19753
19754
19755
19756
19758
19760
19761
19762
19763
19764
19765
19766
19767
19768
19769
19770
19771
19772
19773
19774
19775
19776
19777
19778
19779
19781
19782
19783
19784
19785
19786
19787
19788
19789
19790
19791
19792
19793
19794
19795
19796
19797
19798
19799
19800
19801
19802
19803
19805
19806
19807
19808
19809
19810
19811
19812
19813
19814
19815
19816
19817
19818
19819
19820
19821
19822
19823
19826
19827
19828
19829
19830
19831
19832
19833
19834
19835
19836
19839
19840
19841
19842
19843
19844
19845
19846
19847
19849
19850
19852
19853
19854
19855
19856
19858
19859
19861
19862
19863
19864
19865
19866
19867
19868
19869
19870
19871
19872
19873
19874
19875
19877
19878
19879
19880
19881
19882
19885
19887
19888
19889
19890
19892
19893
19894
19895
19896
19897
19898
19899
19901
19902
19903
19904
19905
19906
19908
19909
19910
19911
19912
19913
19914
19916
19917
19918
19919
19920
19921
19922
19924
19925
19926
19927
19928
19931
19932
19933
19934
19935
19936
19937
19938
19939
19940
19941
19942
19943
19944
19946
19947
19948
19949
19950
19951
19954
19955
19956
19957
19958
19959
19960
19961
19962
19963
19964
19965
19967
19968
19971
19972
19974
19975
19976
19977
19978
19979
19980
19981
19982
19983
19984
19985
19986
19987
19988
19989
19990
19991
19992
19993
19994
19995
19996
19997
19998
19999
