0.4803178
0.44999152
0.3632401
0.35053137
0.3418344
0.31349394
0.31837192
0.32633674
0.2892303
0.26907504
0.2471915
0.25427023
0.24299857
0.23172843
0.2393221
0.25372672
0.24490264
0.25134447
0.23721792
0.23655549
0.22342022
0.22254273
0.21808884
0.2284442
0.243633
0.23510693
0.22426969
0.22256124
0.21669607
0.2170487
0.22995897
0.21465506
0.22501126
0.21540686
0.21431667
0.19997878
0.21787418
0.22085525
0.22162156
0.23434107
0.20548767
0.21409388
0.21721418
0.21599522
0.21105565
0.21901251
0.21252948
0.19573829
0.20182514
0.21430127
0.20698738
0.2024708
0.21550502
0.21448092
0.2138101
0.23073338
0.21252717
0.20519714
0.21250618
0.21624443
0.20132373
0.20526725
0.2086376
0.2130182
0.20912978
0.21120133
0.21135888
0.21639268
0.21276368
0.20755164
