0.7812216
0.88075286
0.89924586
0.90858215
0.91354907
0.91836816
0.9212331
0.9231987
0.9250548
0.9266357
0.92815924
0.9289503
0.9296739
0.9308331
0.9306561
0.9319223
0.9322382
0.93351084
0.9338
0.93488026
0.93536943
0.9358968
0.93583184
0.93659365
0.93689555
0.93756944
0.9379885
0.9382764
0.9384815
0.93891466
0.9392599
0.9397529
0.94022036
0.94026244
0.94037837
0.94050956
0.94069684
0.9411962
0.9416713
0.9415643
0.94174397
0.9419006
0.9415605
0.94200766
0.9424815
0.9423172
0.9424701
0.942651
0.9427669
0.9429465
0.94329935
0.94330066
0.9430586
0.9433083
0.9434267
0.94360256
0.9435236
0.9439503
0.943721
0.9437172
0.94410574
0.9437847
0.9439682
0.9438828
0.9439363
0.94385093
0.9439401
0.9443541
0.9446089
0.9444764
