1.000000e-02 1.098308e+04 1.991770e+04 2.681746e+04 3.962506e+04  
1.013939e-02 1.104064e+04 2.002140e+04 2.695641e+04 3.982868e+04  
1.028073e-02 1.109708e+04 2.012304e+04 2.709258e+04 4.002812e+04  
1.042404e-02 1.115235e+04 2.022255e+04 2.722584e+04 4.022322e+04  
1.056935e-02 1.120640e+04 2.031983e+04 2.735608e+04 4.041381e+04  
1.071668e-02 1.125920e+04 2.041480e+04 2.748319e+04 4.059970e+04  
1.086606e-02 1.131068e+04 2.050737e+04 2.760704e+04 4.078072e+04  
1.101753e-02 1.136080e+04 2.059744e+04 2.772751e+04 4.095668e+04  
1.117111e-02 1.140951e+04 2.068493e+04 2.784447e+04 4.112740e+04  
1.132683e-02 1.145676e+04 2.076974e+04 2.795781e+04 4.129271e+04  
1.148472e-02 1.150250e+04 2.085179e+04 2.806740e+04 4.145241e+04  
1.164481e-02 1.154668e+04 2.093097e+04 2.817311e+04 4.160631e+04  
1.180713e-02 1.158924e+04 2.100721e+04 2.827482e+04 4.175425e+04  
1.197171e-02 1.163014e+04 2.108040e+04 2.837241e+04 4.189603e+04  
1.213859e-02 1.166932e+04 2.115045e+04 2.846574e+04 4.203145e+04  
1.230780e-02 1.170674e+04 2.121727e+04 2.855470e+04 4.216034e+04  
1.247936e-02 1.174234e+04 2.128077e+04 2.863916e+04 4.228252e+04  
1.265332e-02 1.177607e+04 2.134085e+04 2.871898e+04 4.239778e+04  
1.282970e-02 1.180787e+04 2.139739e+04 2.879402e+04 4.250590e+04  
1.300854e-02 1.183768e+04 2.145030e+04 2.886414e+04 4.260668e+04  
1.318987e-02 1.186544e+04 2.149947e+04 2.892920e+04 4.269992e+04  
1.337373e-02 1.189110e+04 2.154479e+04 2.898904e+04 4.278538e+04  
1.356015e-02 1.191459e+04 2.158615e+04 2.904353e+04 4.286285e+04  
1.374917e-02 1.193585e+04 2.162345e+04 2.909251e+04 4.293212e+04  
1.394083e-02 1.195483e+04 2.165657e+04 2.913586e+04 4.299301e+04  
1.413516e-02 1.197148e+04 2.168543e+04 2.917342e+04 4.304528e+04  
1.433219e-02 1.198572e+04 2.170991e+04 2.920507e+04 4.308873e+04  
1.453198e-02 1.199752e+04 2.172991e+04 2.923066e+04 4.312316e+04  
1.473454e-02 1.200681e+04 2.174535e+04 2.925008e+04 4.314841e+04  
1.493993e-02 1.201354e+04 2.175611e+04 2.926317e+04 4.316425e+04  
1.514819e-02 1.201765e+04 2.176210e+04 2.926982e+04 4.317050e+04  
1.535935e-02 1.201911e+04 2.176324e+04 2.926990e+04 4.316698e+04  
1.557345e-02 1.201784e+04 2.175940e+04 2.926327e+04 4.315349e+04  
1.579053e-02 1.201378e+04 2.175050e+04 2.924978e+04 4.312980e+04  
1.601064e-02 1.200689e+04 2.173643e+04 2.922931e+04 4.309572e+04  
1.623382e-02 1.199711e+04 2.171708e+04 2.920171e+04 4.305108e+04  
1.646012e-02 1.198438e+04 2.169237e+04 2.916688e+04 4.299568e+04  
1.668956e-02 1.196866e+04 2.166219e+04 2.912466e+04 4.292931e+04  
1.692220e-02 1.194988e+04 2.162646e+04 2.907494e+04 4.285181e+04  
1.715809e-02 1.192800e+04 2.158509e+04 2.901761e+04 4.276304e+04  
1.739726e-02 1.190298e+04 2.153800e+04 2.895256e+04 4.266280e+04  
1.763977e-02 1.187476e+04 2.148509e+04 2.887966e+04 4.255094e+04  
1.788566e-02 1.184331e+04 2.142630e+04 2.879883e+04 4.242731e+04  
1.813498e-02 1.180859e+04 2.136156e+04 2.870997e+04 4.229181e+04  
1.838777e-02 1.177055e+04 2.129080e+04 2.861301e+04 4.214429e+04  
1.864409e-02 1.172917e+04 2.121396e+04 2.850784e+04 4.198464e+04  
1.890397e-02 1.168440e+04 2.113098e+04 2.839440e+04 4.181273e+04  
1.916748e-02 1.163623e+04 2.104181e+04 2.827262e+04 4.162852e+04  
1.943467e-02 1.158460e+04 2.094639e+04 2.814243e+04 4.143186e+04  
1.970558e-02 1.152951e+04 2.084467e+04 2.800375e+04 4.122268e+04  
1.998026e-02 1.147093e+04 2.073663e+04 2.785655e+04 4.100090e+04  
2.025878e-02 1.140884e+04 2.062223e+04 2.770082e+04 4.076654e+04  
2.054117e-02 1.134323e+04 2.050146e+04 2.753651e+04 4.051954e+04  
2.082751e-02 1.127409e+04 2.037429e+04 2.736360e+04 4.025985e+04  
2.111783e-02 1.120142e+04 2.024073e+04 2.718209e+04 3.998748e+04  
2.141220e-02 1.112520e+04 2.010077e+04 2.699199e+04 3.970250e+04  
2.171068e-02 1.104545e+04 1.995442e+04 2.679331e+04 3.940489e+04  
2.201331e-02 1.096218e+04 1.980170e+04 2.658608e+04 3.909469e+04  
2.232016e-02 1.087539e+04 1.964265e+04 2.637034e+04 3.877200e+04  
2.263130e-02 1.078513e+04 1.947733e+04 2.614621e+04 3.843700e+04  
2.294676e-02 1.069141e+04 1.930578e+04 2.591372e+04 3.808975e+04  
2.326663e-02 1.059427e+04 1.912805e+04 2.567295e+04 3.773034e+04  
2.359095e-02 1.049372e+04 1.894421e+04 2.542400e+04 3.735895e+04  
2.391980e-02 1.038982e+04 1.875434e+04 2.516698e+04 3.697579e+04  
2.425323e-02 1.028262e+04 1.855853e+04 2.490201e+04 3.658100e+04  
2.459130e-02 1.017217e+04 1.835689e+04 2.462925e+04 3.617480e+04  
2.493409e-02 1.005854e+04 1.814955e+04 2.434887e+04 3.575752e+04  
2.528166e-02 9.941808e+03 1.793666e+04 2.406110e+04 3.532947e+04  
2.563407e-02 9.822047e+03 1.771835e+04 2.376608e+04 3.489087e+04  
2.599140e-02 9.699334e+03 1.749476e+04 2.346402e+04 3.444203e+04  
2.635371e-02 9.573757e+03 1.726606e+04 2.315516e+04 3.398333e+04  
2.672106e-02 9.445419e+03 1.703244e+04 2.283977e+04 3.351516e+04  
2.709354e-02 9.314433e+03 1.679410e+04 2.251809e+04 3.303790e+04  
2.747121e-02 9.180923e+03 1.655129e+04 2.219047e+04 3.255203e+04  
2.785414e-02 9.045029e+03 1.630424e+04 2.185724e+04 3.205812e+04  
2.824241e-02 8.906871e+03 1.605319e+04 2.151871e+04 3.155658e+04  
2.863610e-02 8.766567e+03 1.579835e+04 2.117518e+04 3.104784e+04  
2.903527e-02 8.624255e+03 1.553997e+04 2.082696e+04 3.053240e+04  
2.944000e-02 8.480083e+03 1.527833e+04 2.047445e+04 3.001087e+04  
2.985038e-02 8.334212e+03 1.501372e+04 2.011805e+04 2.948381e+04  
3.026648e-02 8.186820e+03 1.474646e+04 1.975817e+04 2.895182e+04  
3.068838e-02 8.038097e+03 1.447690e+04 1.939529e+04 2.841561e+04  
3.111616e-02 7.888216e+03 1.420535e+04 1.902984e+04 2.787586e+04  
3.154990e-02 7.737337e+03 1.393210e+04 1.866220e+04 2.733310e+04  
3.198969e-02 7.585632e+03 1.365747e+04 1.829279e+04 2.678794e+04  
3.243561e-02 7.433291e+03 1.338179e+04 1.792206e+04 2.624104e+04  
3.288774e-02 7.280518e+03 1.310545e+04 1.755055e+04 2.569323e+04  
3.334618e-02 7.127530e+03 1.282882e+04 1.717875e+04 2.514520e+04  
3.381101e-02 6.974562e+03 1.255233e+04 1.680722e+04 2.459777e+04  
3.428231e-02 6.821826e+03 1.227636e+04 1.643648e+04 2.405169e+04  
3.476019e-02 6.669509e+03 1.200125e+04 1.606700e+04 2.350770e+04  
3.524473e-02 6.517802e+03 1.172735e+04 1.569921e+04 2.296638e+04  
3.573602e-02 6.366911e+03 1.145501e+04 1.533361e+04 2.242846e+04  
3.623416e-02 6.217057e+03 1.118464e+04 1.497073e+04 2.189472e+04  
3.673925e-02 6.068475e+03 1.091666e+04 1.461115e+04 2.136604e+04  
3.725137e-02 5.921412e+03 1.065151e+04 1.425543e+04 2.084319e+04  
3.777064e-02 5.776090e+03 1.038957e+04 1.390410e+04 2.032694e+04  
3.829714e-02 5.632663e+03 1.013113e+04 1.355753e+04 1.981784e+04  
3.883098e-02 5.491282e+03 9.876470e+03 1.321610e+04 1.931646e+04  
3.937226e-02 5.352102e+03 9.625840e+03 1.288014e+04 1.882325e+04  
3.992109e-02 5.215283e+03 9.379534e+03 1.255003e+04 1.833877e+04  
4.047757e-02 5.080997e+03 9.137855e+03 1.222618e+04 1.786361e+04  
4.104181e-02 4.949419e+03 8.901121e+03 1.190903e+04 1.739840e+04  
4.161391e-02 4.820725e+03 8.669634e+03 1.159895e+04 1.694369e+04  
4.219398e-02 4.695082e+03 8.443686e+03 1.129634e+04 1.650002e+04  
4.278214e-02 4.572660e+03 8.223581e+03 1.100160e+04 1.606800e+04  
4.337850e-02 4.453630e+03 8.009626e+03 1.071514e+04 1.564822e+04  
4.398317e-02 4.338172e+03 7.802126e+03 1.043736e+04 1.524122e+04  
4.459628e-02 4.226470e+03 7.601404e+03 1.016867e+04 1.484762e+04  
4.521792e-02 4.118715e+03 7.407804e+03 9.909550e+03 1.446809e+04  
4.584824e-02 4.015065e+03 7.221599e+03 9.660347e+03 1.410315e+04  
4.648734e-02 3.915581e+03 7.042885e+03 9.421178e+03 1.375293e+04  
4.713535e-02 3.820302e+03 6.871726e+03 9.192126e+03 1.341754e+04  
4.779239e-02 3.729262e+03 6.708186e+03 8.973280e+03 1.309713e+04  
4.845859e-02 3.642486e+03 6.552297e+03 8.764674e+03 1.279174e+04  
4.913407e-02 3.559990e+03 6.404076e+03 8.566318e+03 1.250134e+04  
4.981898e-02 3.481778e+03 6.263527e+03 8.378212e+03 1.222593e+04  
5.051342e-02 3.407841e+03 6.130634e+03 8.200342e+03 1.196551e+04  
5.121755e-02 3.338153e+03 6.005335e+03 8.032613e+03 1.171990e+04  
5.193150e-02 3.272674e+03 5.887550e+03 7.874907e+03 1.148893e+04  
5.265540e-02 3.211353e+03 5.777179e+03 7.727087e+03 1.127238e+04  
5.338938e-02 3.154125e+03 5.674112e+03 7.589012e+03 1.107007e+04  
5.413360e-02 3.100913e+03 5.578192e+03 7.460458e+03 1.088164e+04  
5.488820e-02 3.051644e+03 5.489280e+03 7.341230e+03 1.070679e+04  
5.565331e-02 3.006234e+03 5.407216e+03 7.231111e+03 1.054519e+04  
5.642908e-02 2.964583e+03 5.331829e+03 7.129882e+03 1.039656e+04  
5.721568e-02 2.926572e+03 5.262883e+03 7.037208e+03 1.026037e+04  
5.801323e-02 2.892063e+03 5.200124e+03 6.952746e+03 1.013610e+04  
5.882190e-02 2.860887e+03 5.143247e+03 6.876086e+03 1.002317e+04  
5.964185e-02 2.832854e+03 5.091916e+03 6.806789e+03 9.920971e+03  
6.047322e-02 2.807742e+03 5.045717e+03 6.744288e+03 9.828632e+03  
6.131619e-02 2.785308e+03 5.004212e+03 6.687995e+03 9.745305e+03  
6.217090e-02 2.765289e+03 4.966930e+03 6.637287e+03 9.670093e+03  
6.303753e-02 2.747446e+03 4.933452e+03 6.591615e+03 9.602231e+03  
6.391624e-02 2.731537e+03 4.903334e+03 6.550374e+03 9.540810e+03  
6.480720e-02 2.717300e+03 4.876106e+03 6.512940e+03 9.484934e+03  
6.571058e-02 2.704447e+03 4.851261e+03 6.478646e+03 9.433654e+03  
6.662655e-02 2.692671e+03 4.828264e+03 6.446790e+03 9.385982e+03  
6.755528e-02 2.681654e+03 4.806541e+03 6.416605e+03 9.340789e+03  
6.849697e-02 2.671056e+03 4.785498e+03 6.387303e+03 9.296950e+03  
6.945178e-02 2.660511e+03 4.764498e+03 6.358058e+03 9.253296e+03  
7.041990e-02 2.649626e+03 4.742863e+03 6.327981e+03 9.208572e+03  
7.140151e-02 2.638028e+03 4.719938e+03 6.296204e+03 9.161509e+03  
7.239681e-02 2.625350e+03 4.695089e+03 6.261898e+03 9.110928e+03  
7.340598e-02 2.611199e+03 4.667651e+03 6.224204e+03 9.055618e+03  
7.442922e-02 2.595157e+03 4.636910e+03 6.182189e+03 8.994251e+03  
7.546673e-02 2.576863e+03 4.602243e+03 6.135035e+03 8.925634e+03  
7.651869e-02 2.556007e+03 4.563129e+03 6.082065e+03 8.848798e+03  
7.758532e-02 2.532262e+03 4.519032e+03 6.022596e+03 8.762787e+03  
7.866682e-02 2.505290e+03 4.469381e+03 5.955886e+03 8.666525e+03  
7.976339e-02 2.474863e+03 4.413797e+03 5.881437e+03 8.559279e+03  
8.087525e-02 2.440830e+03 4.352040e+03 5.798943e+03 8.440599e+03  
8.200261e-02 2.403038e+03 4.283878e+03 5.708122e+03 8.310101e+03  
8.314568e-02 2.361357e+03 4.209103e+03 5.608701e+03 8.167365e+03  
8.430468e-02 2.315814e+03 4.127772e+03 5.500756e+03 8.012479e+03  
8.547985e-02 2.266488e+03 4.040040e+03 5.384496e+03 7.845728e+03  
8.667139e-02 2.213478e+03 3.946106e+03 5.260199e+03 7.667532e+03  
8.787954e-02 2.156971e+03 3.846295e+03 5.128285e+03 7.478461e+03  
8.910453e-02 2.097274e+03 3.741141e+03 4.989452e+03 7.279501e+03  
9.034660e-02 2.034733e+03 3.631241e+03 4.844484e+03 7.071774e+03  
9.160598e-02 1.969727e+03 3.517269e+03 4.694276e+03 6.856592e+03  
9.288292e-02 1.902685e+03 3.399947e+03 4.539762e+03 6.635266e+03  
9.417766e-02 1.834112e+03 3.280138e+03 4.382068e+03 6.409414e+03  
9.549045e-02 1.764563e+03 3.158789e+03 4.222433e+03 6.180817e+03  
9.682153e-02 1.694642e+03 3.036946e+03 4.062235e+03 5.951489e+03  
9.817117e-02 1.624938e+03 2.915596e+03 3.902748e+03 5.723234e+03  
9.953962e-02 1.556003e+03 2.795674e+03 3.745193e+03 5.497810e+03  
1.009272e-01 1.488423e+03 2.678180e+03 3.590877e+03 5.277099e+03  
1.023340e-01 1.422825e+03 2.564189e+03 3.441208e+03 5.063142e+03  
1.037605e-01 1.359723e+03 2.454560e+03 3.297297e+03 4.857513e+03  
1.052069e-01 1.299551e+03 2.350030e+03 3.160102e+03 4.661585e+03  
1.066734e-01 1.242772e+03 2.251386e+03 3.030651e+03 4.476830e+03  
1.081604e-01 1.189820e+03 2.159372e+03 2.909916e+03 4.304647e+03  
1.096681e-01 1.140940e+03 2.074391e+03 2.798413e+03 4.145755e+03  
1.111968e-01 1.096346e+03 1.996803e+03 2.696607e+03 4.000812e+03  
1.127468e-01 1.056248e+03 1.926964e+03 2.604963e+03 3.870479e+03  
1.143184e-01 1.020731e+03 1.865016e+03 2.523660e+03 3.755011e+03  
1.159120e-01 9.897843e+02 1.810923e+03 2.452645e+03 3.654317e+03  
1.175277e-01 9.633852e+02 1.764637e+03 2.391846e+03 3.568289e+03  
1.191660e-01 9.414400e+02 1.725986e+03 2.341037e+03 3.496610e+03  
1.208271e-01 9.237642e+02 1.694644e+03 2.299786e+03 3.438661e+03  
1.225114e-01 9.101405e+02 1.670217e+03 2.267570e+03 3.393697e+03  
1.242191e-01 9.002835e+02 1.652201e+03 2.243726e+03 3.360781e+03  
1.259506e-01 8.938117e+02 1.639933e+03 2.227385e+03 3.338687e+03  
1.277063e-01 8.902964e+02 1.632664e+03 2.217570e+03 3.326032e+03  
1.294865e-01 8.892462e+02 1.629541e+03 2.213162e+03 3.321234e+03  
1.312915e-01 8.900975e+02 1.629593e+03 2.212897e+03 3.322502e+03  
1.331216e-01 8.922396e+02 1.631783e+03 2.215427e+03 3.327920e+03  
1.349772e-01 8.950333e+02 1.635024e+03 2.219337e+03 3.335469e+03  
1.368587e-01 8.978130e+02 1.638191e+03 2.223165e+03 3.343049e+03  
1.387665e-01 8.998782e+02 1.640111e+03 2.225384e+03 3.348454e+03  
1.407008e-01 9.005936e+02 1.639733e+03 2.224632e+03 3.349695e+03  
1.426621e-01 8.993282e+02 1.636011e+03 2.219543e+03 3.344766e+03  
1.446507e-01 8.954753e+02 1.627944e+03 2.208815e+03 3.331730e+03  
1.466671e-01 8.885731e+02 1.614780e+03 2.191464e+03 3.309104e+03  
1.487115e-01 8.781759e+02 1.595803e+03 2.166553e+03 3.275456e+03  
1.507845e-01 8.640176e+02 1.570583e+03 2.133514e+03 3.229904e+03  
1.528864e-01 8.459945e+02 1.538963e+03 2.092140e+03 3.172092e+03  
1.550175e-01 8.241131e+02 1.500970e+03 2.042459e+03 3.102021e+03  
1.571784e-01 7.986962e+02 1.457157e+03 1.985192e+03 3.020713e+03  
1.593694e-01 7.701624e+02 1.408221e+03 1.921247e+03 2.929508e+03  
1.615909e-01 7.391470e+02 1.355220e+03 1.852010e+03 2.830448e+03  
1.638434e-01 7.064357e+02 1.299461e+03 1.779187e+03 2.726056e+03  
1.661273e-01 6.728634e+02 1.242331e+03 1.704591e+03 2.619008e+03  
1.684430e-01 6.393036e+02 1.185276e+03 1.630110e+03 2.512105e+03  
1.707910e-01 6.066107e+02 1.129710e+03 1.557589e+03 2.408064e+03  
1.731717e-01 5.754936e+02 1.076810e+03 1.488560e+03 2.309123e+03  
1.755856e-01 5.466214e+02 1.027688e+03 1.424464e+03 2.217374e+03  
1.780332e-01 5.204555e+02 9.831046e+02 1.366293e+03 2.134256e+03  
1.805149e-01 4.973989e+02 9.437300e+02 1.314910e+03 2.061007e+03  
1.830312e-01 4.777011e+02 9.099764e+02 1.270846e+03 1.998373e+03  
1.855825e-01 4.615386e+02 8.821339e+02 1.234470e+03 1.946870e+03  
1.881694e-01 4.489264e+02 8.602185e+02 1.205801e+03 1.906529e+03  
1.907924e-01 4.397825e+02 8.440839e+02 1.184648e+03 1.877075e+03  
1.934520e-01 4.338372e+02 8.332698e+02 1.170409e+03 1.857651e+03  
1.961486e-01 4.307026e+02 8.271179e+02 1.162231e+03 1.847044e+03  
1.988828e-01 4.298224e+02 8.246923e+02 1.158905e+03 1.843544e+03  
2.016551e-01 4.305467e+02 8.249062e+02 1.159022e+03 1.845138e+03  
2.044661e-01 4.321392e+02 8.265360e+02 1.160996e+03 1.849525e+03  
2.073162e-01 4.338344e+02 8.283175e+02 1.163185e+03 1.854312e+03  
2.102061e-01 4.348839e+02 8.290207e+02 1.163990e+03 1.857147e+03  
2.131362e-01 4.345924e+02 8.275099e+02 1.161927e+03 1.855808e+03  
2.161073e-01 4.323476e+02 8.227876e+02 1.155682e+03 1.848292e+03  
2.191197e-01 4.276863e+02 8.141050e+02 1.144270e+03 1.833079e+03  
2.221741e-01 4.202919e+02 8.009536e+02 1.127017e+03 1.809123e+03  
2.252711e-01 4.101095e+02 7.832525e+02 1.103811e+03 1.776216e+03  
2.284112e-01 3.973120e+02 7.612909e+02 1.075023e+03 1.734878e+03  
2.315951e-01 3.823470e+02 7.358079e+02 1.041624e+03 1.686578e+03  
2.348235e-01 3.658595e+02 7.078623e+02 1.005006e+03 1.633424e+03  
2.380968e-01 3.486192e+02 6.787152e+02 9.668255e+02 1.577914e+03  
2.414157e-01 3.314245e+02 6.496701e+02 9.287833e+02 1.522588e+03  
2.447809e-01 3.150223e+02 6.219490e+02 8.924796e+02 1.469845e+03  
2.481930e-01 3.000727e+02 5.966300e+02 8.593173e+02 1.421756e+03  
2.516527e-01 2.870774e+02 5.745307e+02 8.303548e+02 1.379865e+03  
2.551606e-01 2.763721e+02 5.561941e+02 8.062854e+02 1.345151e+03  
2.587174e-01 2.681060e+02 5.418612e+02 7.874205e+02 1.318065e+03  
2.623238e-01 2.622279e+02 5.314423e+02 7.736400e+02 1.298425e+03  
2.659804e-01 2.584967e+02 5.245354e+02 7.644215e+02 1.285468e+03  
2.696881e-01 2.565042e+02 5.204641e+02 7.588832e+02 1.277903e+03  
2.734474e-01 2.557064e+02 5.183387e+02 7.558797e+02 1.274080e+03  
2.772591e-01 2.554868e+02 5.171519e+02 7.541049e+02 1.272090e+03  
2.811239e-01 2.551979e+02 5.158501e+02 7.521875e+02 1.269902e+03  
2.850426e-01 2.542118e+02 5.134124e+02 7.487895e+02 1.265500e+03  
2.890160e-01 2.519864e+02 5.089660e+02 7.427714e+02 1.257173e+03  
2.930447e-01 2.481459e+02 5.019064e+02 7.333369e+02 1.243702e+03  
2.971296e-01 2.425430e+02 4.919990e+02 7.201726e+02 1.224592e+03  
3.012714e-01 2.352968e+02 4.794395e+02 7.035307e+02 1.200208e+03  
3.054710e-01 2.267786e+02 4.648372e+02 6.842165e+02 1.171786e+03  
3.097291e-01 2.175340e+02 4.490780e+02 6.633938e+02 1.141088e+03  
3.140465e-01 2.081767e+02 4.331548e+02 6.423611e+02 1.110068e+03  
3.184242e-01 1.992891e+02 4.180073e+02 6.223432e+02 1.080551e+03  
3.228628e-01 1.913618e+02 4.044287e+02 6.043739e+02 1.054073e+03  
3.273634e-01 1.847507e+02 3.929898e+02 5.891892e+02 1.031706e+03  
3.319266e-01 1.796299e+02 3.839649e+02 5.771371e+02 1.013939e+03  
3.365535e-01 1.759689e+02 3.772993e+02 5.681419e+02 1.000646e+03  
3.412449e-01 1.735384e+02 3.726207e+02 5.617223e+02 9.911231e+02  
3.460016e-01 1.719558e+02 3.693094e+02 5.570753e+02 9.841930e+02  
3.508247e-01 1.707514e+02 3.666057e+02 5.532134e+02 9.783970e+02  
3.557150e-01 1.694426e+02 3.637343e+02 5.491300e+02 9.722475e+02  
3.606735e-01 1.675992e+02 3.600076e+02 5.439319e+02 9.644193e+02  
3.657011e-01 1.649040e+02 3.549191e+02 5.369576e+02 9.539228e+02  
3.707988e-01 1.612208e+02 3.482510e+02 5.279194e+02 9.403203e+02  
3.759675e-01 1.566368e+02 3.401481e+02 5.170097e+02 9.239082e+02  
3.812083e-01 1.514378e+02 3.310730e+02 5.048357e+02 9.056060e+02  
3.865221e-01 1.460217e+02 3.216641e+02 4.922313e+02 8.866620e+02  
3.919100e-01 1.408060e+02 3.125858e+02 4.800571e+02 8.683455e+02  
3.973730e-01 1.361444e+02 3.044035e+02 4.690465e+02 8.517362e+02  
4.029122e-01 1.322715e+02 2.974886e+02 4.596770e+02 8.375242e+02  
4.085286e-01 1.292604e+02 2.919535e+02 4.520899e+02 8.259023e+02  
4.142232e-01 1.270072e+02 2.876261e+02 4.460565e+02 8.165208e+02  
4.199973e-01 1.252754e+02 2.841303e+02 4.410931e+02 8.086761e+02  
4.258518e-01 1.237577e+02 2.809771e+02 4.365686e+02 8.014480e+02  
4.317880e-01 1.221320e+02 2.776557e+02 4.318232e+02 7.938732e+02  
4.378069e-01 1.201331e+02 2.737431e+02 4.263076e+02 7.851434e+02  
4.439097e-01 1.176228e+02 2.690266e+02 4.197512e+02 7.748742e+02  
4.500975e-01 1.146344e+02 2.635615e+02 4.122275e+02 7.631811e+02  
4.563716e-01 1.113423e+02 2.576255e+02 4.040977e+02 7.505993e+02  
4.627332e-01 1.079882e+02 2.515985e+02 3.958507e+02 7.378406e+02  
4.691835e-01 1.048304e+02 2.458909e+02 3.880173e+02 7.256793e+02  
4.757236e-01 1.020711e+02 2.408185e+02 3.810012e+02 7.146910e+02  
4.823549e-01 9.978570e+01 2.364967e+02 3.749465e+02 7.050719e+02  
4.890787e-01 9.792127e+01 2.328375e+02 3.697367e+02 6.966440e+02  
4.958962e-01 9.633159e+01 2.296127e+02 3.650802e+02 6.889898e+02  
5.028087e-01 9.482502e+01 2.265215e+02 3.605920e+02 6.815584e+02  
5.098176e-01 9.320843e+01 2.232614e+02 3.558853e+02 6.737989e+02  
5.169242e-01 9.135915e+01 2.196414e+02 3.507162e+02 6.653667e+02  
5.241298e-01 8.927191e+01 2.156570e+02 3.450827e+02 6.562687e+02  
5.314359e-01 8.703328e+01 2.114447e+02 3.391606e+02 6.467604e+02  
5.388438e-01 8.478781e+01 2.072287e+02 3.332357e+02 6.372473e+02  
5.463550e-01 8.268491e+01 2.032398e+02 3.276004e+02 6.281388e+02  
5.539709e-01 8.082072e+01 1.996269e+02 3.224430e+02 6.196957e+02  
5.616930e-01 7.920086e+01 1.963968e+02 3.177701e+02 6.119208e+02  
5.695227e-01 7.776318e+01 1.934508e+02 3.134548e+02 6.046322e+02  
5.774615e-01 7.639846e+01 1.906202e+02 3.092837e+02 5.975325e+02  
5.855110e-01 7.499250e+01 1.877310e+02 3.050385e+02 5.903237e+02  
5.936727e-01 7.348556e+01 1.846924e+02 3.006062e+02 5.828537e+02  
6.019482e-01 7.188270e+01 1.815119e+02 2.959967e+02 5.751392e+02  
6.103390e-01 7.024100e+01 1.782782e+02 2.913225e+02 5.673378e+02  
6.188468e-01 6.865106e+01 1.751303e+02 2.867585e+02 5.596885e+02  
6.274732e-01 6.718050e+01 1.721699e+02 2.824309e+02 5.523596e+02  
6.362198e-01 6.584507e+01 1.694187e+02 2.783645e+02 5.453792e+02  
6.450884e-01 6.460402e+01 1.668149e+02 2.744820e+02 5.386423e+02  
6.540806e-01 6.340734e+01 1.642829e+02 2.706900e+02 5.320241e+02  
6.631981e-01 6.218162e+01 1.617126e+02 2.668523e+02 5.253456e+02  
6.724427e-01 6.092815e+01 1.591051e+02 2.629703e+02 5.186097e+02  
6.818162e-01 5.967656e+01 1.565062e+02 2.591015e+02 5.118946e+02  
6.913204e-01 5.845809e+01 1.539628e+02 2.553040e+02 5.052761e+02  
7.009570e-01 5.728840e+01 1.514980e+02 2.516055e+02 4.987897e+02  
7.107280e-01 5.616192e+01 1.491018e+02 2.479930e+02 4.924165e+02  
7.206351e-01 5.507185e+01 1.467652e+02 2.444559e+02 4.861437e+02  
7.306804e-01 5.401098e+01 1.444773e+02 2.409810e+02 4.799543e+02  
7.408657e-01 5.297498e+01 1.422317e+02 2.375603e+02 4.738381e+02  
7.511929e-01 5.196036e+01 1.400219e+02 2.341855e+02 4.677838e+02  
7.616642e-01 5.096401e+01 1.378447e+02 2.308534e+02 4.617885e+02  
7.722814e-01 4.998419e+01 1.356974e+02 2.275608e+02 4.558488e+02  
7.830465e-01 4.902340e+01 1.335835e+02 2.243119e+02 4.499695e+02  
7.939618e-01 4.808470e+01 1.315067e+02 2.211105e+02 4.441550e+02  
8.050292e-01 4.717171e+01 1.294728e+02 2.179641e+02 4.384147e+02  
8.162509e-01 4.628445e+01 1.274818e+02 2.148725e+02 4.327480e+02  
8.276289e-01 4.542000e+01 1.255290e+02 2.118300e+02 4.271477e+02  
8.391656e-01 4.457499e+01 1.236091e+02 2.088300e+02 4.216057e+02  
8.508632e-01 4.374686e+01 1.217191e+02 2.058693e+02 4.161189e+02  
8.627237e-01 4.293525e+01 1.198584e+02 2.029474e+02 4.106864e+02  
8.747496e-01 4.214034e+01 1.180269e+02 2.000638e+02 4.053077e+02  
8.869432e-01 4.136232e+01 1.162247e+02 1.972186e+02 3.999827e+02  
8.993067e-01 4.060157e+01 1.144526e+02 1.944129e+02 3.947128e+02  
9.118425e-01 3.985806e+01 1.127104e+02 1.916465e+02 3.894978e+02  
9.245531e-01 3.913151e+01 1.109975e+02 1.889183e+02 3.843361e+02  
9.374409e-01 3.842171e+01 1.093134e+02 1.862278e+02 3.792270e+02  
9.505083e-01 3.772814e+01 1.076575e+02 1.835745e+02 3.741699e+02  
9.637579e-01 3.704973e+01 1.060283e+02 1.809566e+02 3.691629e+02  
9.771921e-01 3.638516e+01 1.044237e+02 1.783715e+02 3.642031e+02  
9.908137e-01 3.573358e+01 1.028426e+02 1.758180e+02 3.592890e+02  
1.004625e+00 3.509515e+01 1.012852e+02 1.732965e+02 3.544214e+02  
1.018629e+00 3.447004e+01 9.975184e+01 1.708072e+02 3.496002e+02  
1.032828e+00 3.385818e+01 9.824194e+01 1.683494e+02 3.448245e+02  
1.047225e+00 3.325952e+01 9.675552e+01 1.659231e+02 3.400943e+02  
1.061823e+00 3.267368e+01 9.529211e+01 1.635277e+02 3.354090e+02  
1.076624e+00 3.210008e+01 9.385090e+01 1.611625e+02 3.307675e+02  
1.091632e+00 3.153797e+01 9.243055e+01 1.588257e+02 3.261683e+02  
1.106848e+00 3.098719e+01 9.103099e+01 1.565173e+02 3.216113e+02  
1.122277e+00 3.044753e+01 8.965194e+01 1.542370e+02 3.170961e+02  
1.137921e+00 2.991868e+01 8.829294e+01 1.519844e+02 3.126222e+02  
1.153783e+00 2.940014e+01 8.695305e+01 1.497582e+02 3.081884e+02  
1.169866e+00 2.889190e+01 8.563238e+01 1.475586e+02 3.037948e+02  
1.186174e+00 2.839376e+01 8.433064e+01 1.453853e+02 2.994411e+02  
1.202708e+00 2.790543e+01 8.304741e+01 1.432379e+02 2.951259e+02  
1.219473e+00 2.742646e+01 8.178185e+01 1.411153e+02 2.908501e+02  
1.236472e+00 2.695685e+01 8.053409e+01 1.390177e+02 2.866130e+02  
1.253708e+00 2.649633e+01 7.930376e+01 1.369447e+02 2.824139e+02  
1.271184e+00 2.604462e+01 7.809041e+01 1.348957e+02 2.782526e+02  
1.288904e+00 2.560136e+01 7.689341e+01 1.328701e+02 2.741284e+02  
1.306870e+00 2.516653e+01 7.571284e+01 1.308680e+02 2.700413e+02  
1.325087e+00 2.473991e+01 7.454836e+01 1.288890e+02 2.659918e+02  
1.343558e+00 2.432125e+01 7.339960e+01 1.269327e+02 2.619779e+02  
1.362287e+00 2.391026e+01 7.226607e+01 1.249984e+02 2.580001e+02  
1.381276e+00 2.350691e+01 7.114779e+01 1.230864e+02 2.540583e+02  
1.400531e+00 2.311096e+01 7.004443e+01 1.211961e+02 2.501523e+02  
1.420053e+00 2.272221e+01 6.895565e+01 1.193272e+02 2.462817e+02  
1.439848e+00 2.234042e+01 6.788110e+01 1.174794e+02 2.424464e+02  
1.459919e+00 2.196552e+01 6.682071e+01 1.156525e+02 2.386462e+02  
1.480269e+00 2.159733e+01 6.577422e+01 1.138463e+02 2.348810e+02  
1.500903e+00 2.123565e+01 6.474133e+01 1.120609e+02 2.311507e+02  
1.521825e+00 2.088032e+01 6.372178e+01 1.102950e+02 2.274549e+02  
1.543038e+00 2.053125e+01 6.271548e+01 1.085492e+02 2.237937e+02  
1.564548e+00 2.019754e+01 6.172223e+01 1.068231e+02 2.201670e+02  
1.586357e+00 1.985129e+01 6.074171e+01 1.051164e+02 2.165747e+02  
1.608469e+00 1.952005e+01 5.977372e+01 1.034289e+02 2.130166e+02  
1.630891e+00 1.919449e+01 5.881816e+01 1.017605e+02 2.094927e+02  
1.653624e+00 1.887450e+01 5.787485e+01 1.001110e+02 2.060029e+02  
1.676675e+00 1.855988e+01 5.694350e+01 9.848010e+01 2.025472e+02  
1.700047e+00 1.825054e+01 5.602398e+01 9.686765e+01 1.991256e+02  
1.723745e+00 1.794640e+01 5.511618e+01 9.527353e+01 1.957381e+02  
1.747773e+00 1.764736e+01 5.421995e+01 9.369721e+01 1.923845e+02  
1.772136e+00 1.735322e+01 5.333501e+01 9.213918e+01 1.890650e+02  
1.796838e+00 1.706391e+01 5.246127e+01 9.059894e+01 1.857795e+02  
1.821885e+00 1.677936e+01 5.159862e+01 8.907637e+01 1.825280e+02  
1.847281e+00 1.649947e+01 5.074691e+01 8.757133e+01 1.793105e+02  
1.873032e+00 1.622407e+01 4.990592e+01 8.608360e+01 1.761271e+02  
1.899141e+00 1.595312e+01 4.907557e+01 8.461308e+01 1.729777e+02  
1.925614e+00 1.568655e+01 4.825576e+01 8.315968e+01 1.698625e+02  
1.952456e+00 1.542426e+01 4.744635e+01 8.172324e+01 1.667815e+02  
1.979672e+00 1.516608e+01 4.664712e+01 8.030357e+01 1.637346e+02  
2.007267e+00 1.491200e+01 4.585804e+01 7.890063e+01 1.607220e+02  
2.035248e+00 1.466195e+01 4.507899e+01 7.751427e+01 1.577436e+02  
2.063618e+00 1.441582e+01 4.430984e+01 7.614440e+01 1.547996e+02  
2.092383e+00 1.417349e+01 4.355042e+01 7.479084e+01 1.518899e+02  
2.121550e+00 1.393493e+01 4.280069e+01 7.345354e+01 1.490146e+02  
2.151123e+00 1.370010e+01 4.206054e+01 7.213240e+01 1.461738e+02  
2.181109e+00 1.346890e+01 4.132987e+01 7.082731e+01 1.433675e+02  
2.211512e+00 1.324122e+01 4.060852e+01 6.953814e+01 1.405957e+02  
2.242340e+00 1.301705e+01 3.989646e+01 6.826484e+01 1.378585e+02  
2.273597e+00 1.279632e+01 3.919357e+01 6.700730e+01 1.351573e+02  
2.305289e+00 1.257894e+01 3.849975e+01 6.576543e+01 1.324894e+02  
2.337424e+00 1.236483e+01 3.781489e+01 6.453912e+01 1.298560e+02  
2.370006e+00 1.215398e+01 3.713893e+01 6.332831e+01 1.272575e+02  
2.403043e+00 1.194631e+01 3.647179e+01 6.213293e+01 1.246936e+02  
2.436540e+00 1.174177e+01 3.581336e+01 6.095287e+01 1.221645e+02  
2.470504e+00 1.154028e+01 3.516387e+01 5.978806e+01 1.196685e+02  
2.504942e+00 1.134182e+01 3.452265e+01 5.863855e+01 1.172089e+02  
2.539859e+00 1.114632e+01 3.388990e+01 5.750402e+01 1.147838e+02  
2.575263e+00 1.095373e+01 3.326555e+01 5.638452e+01 1.123933e+02  
2.611161e+00 1.076399e+01 3.264951e+01 5.527996e+01 1.100374e+02  
2.647559e+00 1.057708e+01 3.204172e+01 5.419030e+01 1.077161e+02  
2.684465e+00 1.039295e+01 3.144210e+01 5.311545e+01 1.054294e+02  
2.721885e+00 1.021154e+01 3.085058e+01 5.205534e+01 1.031770e+02  
2.759826e+00 1.003281e+01 3.026709e+01 5.100990e+01 1.009590e+02  
2.798297e+00 9.856726e+00 2.969157e+01 4.997907e+01 9.877533e+01  
2.837304e+00 9.683240e+00 2.912393e+01 4.896278e+01 9.662581e+01  
2.876854e+00 9.512299e+00 2.856412e+01 4.796095e+01 9.451035e+01  
2.916956e+00 9.343876e+00 2.801206e+01 4.697352e+01 9.242885e+01  
2.957617e+00 9.177938e+00 2.746770e+01 4.600044e+01 9.038116e+01  
2.998844e+00 9.014449e+00 2.693098e+01 4.504150e+01 8.836716e+01  
3.040646e+00 8.853357e+00 2.640183e+01 4.409691e+01 8.638667e+01  
3.083031e+00 8.694636e+00 2.588018e+01 4.316642e+01 8.443954e+01  
3.126007e+00 8.538255e+00 2.536598e+01 4.224998e+01 8.252560e+01  
3.169582e+00 8.384180e+00 2.485919e+01 4.134754e+01 8.064466e+01  
3.213764e+00 8.232187e+00 2.435971e+01 4.045900e+01 7.879651e+01  
3.258562e+00 8.082606e+00 2.386750e+01 3.958432e+01 7.698095e+01  
3.303985e+00 7.935235e+00 2.338251e+01 3.872340e+01 7.519777e+01  
3.350041e+00 7.790041e+00 2.290467e+01 3.787617e+01 7.344674e+01  
3.396739e+00 7.646984e+00 2.243394e+01 3.704256e+01 7.172760e+01  
3.444087e+00 7.506047e+00 2.197025e+01 3.622249e+01 7.004013e+01  
3.492096e+00 7.367201e+00 2.151357e+01 3.541588e+01 6.838407e+01  
3.540774e+00 7.230418e+00 2.106382e+01 3.462265e+01 6.676021e+01  
3.590130e+00 7.095659e+00 2.062095e+01 3.384270e+01 6.516477e+01  
3.640175e+00 6.962908e+00 2.018492e+01 3.307595e+01 6.360157e+01  
3.690917e+00 6.832139e+00 1.975567e+01 3.232233e+01 6.206836e+01  
3.742366e+00 6.703325e+00 1.933315e+01 3.158173e+01 6.056514e+01  
3.794533e+00 6.576436e+00 1.891730e+01 3.085407e+01 5.909158e+01  
3.847427e+00 6.451453e+00 1.850807e+01 3.013924e+01 5.764739e+01  
3.901058e+00 6.328354e+00 1.810542e+01 2.943715e+01 5.623224e+01  
3.955436e+00 6.207112e+00 1.770929e+01 2.874769e+01 5.484580e+01  
4.010573e+00 6.087700e+00 1.731963e+01 2.807077e+01 5.348773e+01  
4.066478e+00 5.970101e+00 1.693639e+01 2.740633e+01 5.215769e+01  
4.123163e+00 5.854293e+00 1.655951e+01 2.675417e+01 5.085535e+01  
4.180637e+00 5.740251e+00 1.618895e+01 2.611419e+01 4.958035e+01  
4.238913e+00 5.627954e+00 1.582465e+01 2.548635e+01 4.833232e+01  
4.298001e+00 5.517382e+00 1.546656e+01 2.487050e+01 4.711092e+01  
4.357913e+00 5.408516e+00 1.511462e+01 2.426653e+01 4.591579e+01  
4.418660e+00 5.301331e+00 1.476879e+01 2.367431e+01 4.474653e+01  
4.480254e+00 5.195809e+00 1.442900e+01 2.309373e+01 4.360280e+01  
4.542706e+00 5.091931e+00 1.409523e+01 2.252465e+01 4.248421e+01  
4.606029e+00 4.989679e+00 1.376709e+01 2.196697e+01 4.139040e+01  
4.670234e+00 4.889030e+00 1.344516e+01 2.142054e+01 4.032097e+01  
4.735335e+00 4.789967e+00 1.312909e+01 2.088525e+01 3.927556e+01  
4.801343e+00 4.692472e+00 1.281907e+01 2.036096e+01 3.825421e+01  
4.868271e+00 4.596527e+00 1.251450e+01 1.984753e+01 3.725525e+01  
4.936132e+00 4.502112e+00 1.221559e+01 1.934484e+01 3.627958e+01  
5.004939e+00 4.409209e+00 1.192231e+01 1.885273e+01 3.532638e+01  
5.074705e+00 4.317803e+00 1.163459e+01 1.837110e+01 3.439528e+01  
5.145444e+00 4.227876e+00 1.135237e+01 1.789980e+01 3.348590e+01  
5.217169e+00 4.139408e+00 1.107561e+01 1.743867e+01 3.259784e+01  
5.289893e+00 4.052384e+00 1.080424e+01 1.698759e+01 3.173074e+01  
5.363631e+00 3.967127e+00 1.053820e+01 1.654643e+01 3.088420e+01  
5.438397e+00 3.882945e+00 1.027742e+01 1.611499e+01 3.005785e+01  
5.514206e+00 3.799812e+00 1.002187e+01 1.569321e+01 2.925130e+01  
5.591071e+00 3.718399e+00 9.771462e+00 1.528087e+01 2.846419e+01  
5.669007e+00 3.638348e+00 9.526152e+00 1.487787e+01 2.769622e+01  
5.748030e+00 3.559644e+00 9.285873e+00 1.448404e+01 2.694687e+01  
5.828155e+00 3.482270e+00 9.050564e+00 1.409925e+01 2.621582e+01  
5.909396e+00 3.406211e+00 8.820162e+00 1.372335e+01 2.550505e+01  
5.991770e+00 3.331452e+00 8.594606e+00 1.335624e+01 2.480956e+01  
6.075292e+00 3.257977e+00 8.373832e+00 1.299772e+01 2.413232e+01  
6.159978e+00 3.185772e+00 8.157776e+00 1.264773e+01 2.346703e+01  
6.245845e+00 3.114822e+00 7.946376e+00 1.230571e+01 2.282506e+01  
6.332908e+00 3.045112e+00 7.739505e+00 1.197205e+01 2.219410e+01  
6.421186e+00 2.976627e+00 7.537234e+00 1.164641e+01 2.158128e+01  
6.510694e+00 2.909353e+00 7.339776e+00 1.132864e+01 2.098395e+01  
6.601449e+00 2.843276e+00 7.146356e+00 1.101862e+01 2.040178e+01  
6.693470e+00 2.778381e+00 6.957271e+00 1.071614e+01 1.983443e+01  
6.786773e+00 2.714654e+00 6.772447e+00 1.042113e+01 1.928389e+01  
6.881377e+00 2.652082e+00 6.591823e+00 1.013334e+01 1.874522e+01  
6.977300e+00 2.590649e+00 6.415335e+00 9.852736e+00 1.822042e+01  
7.074559e+00 2.530344e+00 6.242915e+00 9.579142e+00 1.770919e+01  
7.173175e+00 2.471151e+00 6.074498e+00 9.312415e+00 1.721119e+01  
7.273165e+00 2.413058e+00 5.910018e+00 9.052417e+00 1.672610e+01  
7.374549e+00 2.356007e+00 5.749175e+00 8.799010e+00 1.625369e+01  
7.477346e+00 2.300072e+00 5.592391e+00 8.552037e+00 1.579368e+01  
7.581576e+00 2.245608e+00 5.439247e+00 8.311403e+00 1.534569e+01  
7.687260e+00 2.191366e+00 5.289865e+00 8.077103e+00 1.490950e+01  
7.794416e+00 2.138570e+00 5.144096e+00 7.848581e+00 1.448481e+01  
7.903066e+00 2.086795e+00 5.001872e+00 7.626107e+00 1.407137e+01  
8.013230e+00 2.036026e+00 4.863129e+00 7.409424e+00 1.366890e+01  
8.124930e+00 1.986251e+00 4.727803e+00 7.198484e+00 1.327712e+01  
8.238187e+00 1.937458e+00 4.595830e+00 6.993156e+00 1.289372e+01  
8.353023e+00 1.889634e+00 4.467145e+00 6.792944e+00 1.252265e+01  
8.469460e+00 1.842765e+00 4.341685e+00 6.598170e+00 1.216357e+01  
8.587519e+00 1.796841e+00 4.219386e+00 6.408566e+00 1.181210e+01  
8.707225e+00 1.751836e+00 4.100187e+00 6.224012e+00 1.147021e+01  
8.828599e+00 1.707761e+00 3.984024e+00 6.044425e+00 1.113752e+01  
8.951665e+00 1.664593e+00 3.870828e+00 5.869617e+00 1.081235e+01  
9.076446e+00 1.622318e+00 3.760801e+00 5.699529e+00 1.050081e+01  
9.202967e+00 1.580925e+00 3.653378e+00 5.534013e+00 1.019271e+01  
9.331251e+00 1.540401e+00 3.548750e+00 5.372981e+00 9.894814e+00  
9.461324e+00 1.500734e+00 3.446855e+00 5.216187e+00 9.605085e+00  
9.593209e+00 1.462292e+00 3.347637e+00 5.063796e+00 9.323326e+00  
9.726934e+00 1.423928e+00 3.251037e+00 4.915564e+00 9.049339e+00  
9.862522e+00 1.386758e+00 3.156996e+00 4.771401e+00 8.782889e+00  
1.000000e+01 1.350390e+00 3.065458e+00 4.631335e+00 8.523932e+00  
