1.000000e-02 4.278336e+03 7.777438e+03 1.049472e+04 1.557655e+04  
1.013939e-02 4.303124e+03 7.822289e+03 1.055505e+04 1.566565e+04  
1.028073e-02 4.327580e+03 7.866531e+03 1.061455e+04 1.575350e+04  
1.042404e-02 4.351690e+03 7.910138e+03 1.067319e+04 1.584006e+04  
1.056935e-02 4.375441e+03 7.953086e+03 1.073093e+04 1.592528e+04  
1.071668e-02 4.398819e+03 7.995349e+03 1.078774e+04 1.600911e+04  
1.086606e-02 4.421808e+03 8.036901e+03 1.084359e+04 1.609149e+04  
1.101753e-02 4.444397e+03 8.077716e+03 1.089844e+04 1.617238e+04  
1.117111e-02 4.466570e+03 8.117771e+03 1.095226e+04 1.625172e+04  
1.132683e-02 4.488313e+03 8.157038e+03 1.100501e+04 1.632947e+04  
1.148472e-02 4.509611e+03 8.195489e+03 1.105665e+04 1.640556e+04  
1.164481e-02 4.530448e+03 8.233096e+03 1.110715e+04 1.647993e+04  
1.180713e-02 4.550810e+03 8.269833e+03 1.115647e+04 1.655255e+04  
1.197171e-02 4.570681e+03 8.305669e+03 1.120457e+04 1.662334e+04  
1.213859e-02 4.590045e+03 8.340578e+03 1.125141e+04 1.669225e+04  
1.230780e-02 4.608888e+03 8.374532e+03 1.129695e+04 1.675922e+04  
1.247936e-02 4.627193e+03 8.407504e+03 1.134116e+04 1.682421e+04  
1.265332e-02 4.644945e+03 8.439463e+03 1.138401e+04 1.688715e+04  
1.282970e-02 4.662127e+03 8.470377e+03 1.142543e+04 1.694798e+04  
1.300854e-02 4.678722e+03 8.500218e+03 1.146540e+04 1.700663e+04  
1.318987e-02 4.694712e+03 8.528954e+03 1.150388e+04 1.706305e+04  
1.337373e-02 4.710083e+03 8.556556e+03 1.154082e+04 1.711718e+04  
1.356015e-02 4.724816e+03 8.582993e+03 1.157618e+04 1.716895e+04  
1.374917e-02 4.738897e+03 8.608236e+03 1.160992e+04 1.721831e+04  
1.394083e-02 4.752309e+03 8.632257e+03 1.164201e+04 1.726521e+04  
1.413516e-02 4.765036e+03 8.655025e+03 1.167241e+04 1.730957e+04  
1.433219e-02 4.777061e+03 8.676512e+03 1.170107e+04 1.735135e+04  
1.453198e-02 4.788370e+03 8.696689e+03 1.172795e+04 1.739049e+04  
1.473454e-02 4.798948e+03 8.715531e+03 1.175303e+04 1.742693e+04  
1.493993e-02 4.808779e+03 8.733009e+03 1.177626e+04 1.746062e+04  
1.514819e-02 4.817850e+03 8.749097e+03 1.179762e+04 1.749151e+04  
1.535935e-02 4.826145e+03 8.763769e+03 1.181705e+04 1.751954e+04  
1.557345e-02 4.833648e+03 8.776994e+03 1.183453e+04 1.754467e+04  
1.579053e-02 4.840341e+03 8.788741e+03 1.185001e+04 1.756681e+04  
1.601064e-02 4.846210e+03 8.798983e+03 1.186345e+04 1.758591e+04  
1.623382e-02 4.851239e+03 8.807692e+03 1.187482e+04 1.760194e+04  
1.646012e-02 4.855414e+03 8.814842e+03 1.188408e+04 1.761483e+04  
1.668956e-02 4.858720e+03 8.820407e+03 1.189120e+04 1.762452e+04  
1.692220e-02 4.861145e+03 8.824363e+03 1.189614e+04 1.763097e+04  
1.715809e-02 4.862674e+03 8.826685e+03 1.189887e+04 1.763415e+04  
1.739726e-02 4.863295e+03 8.827353e+03 1.189937e+04 1.763399e+04  
1.763977e-02 4.862997e+03 8.826342e+03 1.189759e+04 1.763046e+04  
1.788566e-02 4.861768e+03 8.823635e+03 1.189353e+04 1.762352e+04  
1.813498e-02 4.859601e+03 8.819216e+03 1.188715e+04 1.761314e+04  
1.838777e-02 4.856485e+03 8.813069e+03 1.187843e+04 1.759929e+04  
1.864409e-02 4.852412e+03 8.805177e+03 1.186736e+04 1.758194e+04  
1.890397e-02 4.847372e+03 8.795521e+03 1.185390e+04 1.756104e+04  
1.916748e-02 4.841354e+03 8.784086e+03 1.183804e+04 1.753657e+04  
1.943467e-02 4.834351e+03 8.770854e+03 1.181975e+04 1.750850e+04  
1.970558e-02 4.826354e+03 8.755812e+03 1.179902e+04 1.747679e+04  
1.998026e-02 4.817357e+03 8.738948e+03 1.177583e+04 1.744143e+04  
2.025878e-02 4.807357e+03 8.720259e+03 1.175017e+04 1.740242e+04  
2.054117e-02 4.796349e+03 8.699735e+03 1.172204e+04 1.735972e+04  
2.082751e-02 4.784330e+03 8.677369e+03 1.169142e+04 1.731334e+04  
2.111783e-02 4.771298e+03 8.653159e+03 1.165830e+04 1.726325e+04  
2.141220e-02 4.757252e+03 8.627106e+03 1.162271e+04 1.720948e+04  
2.171068e-02 4.742194e+03 8.599211e+03 1.158462e+04 1.715203e+04  
2.201331e-02 4.726127e+03 8.569481e+03 1.154406e+04 1.709089e+04  
2.232016e-02 4.709057e+03 8.537926e+03 1.150104e+04 1.702611e+04  
2.263130e-02 4.690993e+03 8.504563e+03 1.145558e+04 1.695771e+04  
2.294676e-02 4.671936e+03 8.469398e+03 1.140768e+04 1.688571e+04  
2.326663e-02 4.651893e+03 8.432438e+03 1.135737e+04 1.681012e+04  
2.359095e-02 4.630870e+03 8.393697e+03 1.130465e+04 1.673097e+04  
2.391980e-02 4.608876e+03 8.353196e+03 1.124956e+04 1.664831e+04  
2.425323e-02 4.585924e+03 8.310951e+03 1.119212e+04 1.656217e+04  
2.459130e-02 4.562027e+03 8.266991e+03 1.113237e+04 1.647260e+04  
2.493409e-02 4.537202e+03 8.221348e+03 1.107035e+04 1.637968e+04  
2.528166e-02 4.511465e+03 8.174051e+03 1.100610e+04 1.628346e+04  
2.563407e-02 4.484832e+03 8.125125e+03 1.093966e+04 1.618400e+04  
2.599140e-02 4.457319e+03 8.074605e+03 1.087107e+04 1.608135e+04  
2.635371e-02 4.428948e+03 8.022530e+03 1.080038e+04 1.597561e+04  
2.672106e-02 4.399744e+03 7.968946e+03 1.072767e+04 1.586688e+04  
2.709354e-02 4.369735e+03 7.913902e+03 1.065299e+04 1.575523e+04  
2.747121e-02 4.338950e+03 7.857453e+03 1.057641e+04 1.564079e+04  
2.785414e-02 4.307420e+03 7.799656e+03 1.049803e+04 1.552368e+04  
2.824241e-02 4.275169e+03 7.740556e+03 1.041789e+04 1.540399e+04  
2.863610e-02 4.242227e+03 7.680204e+03 1.033607e+04 1.528180e+04  
2.903527e-02 4.208625e+03 7.618658e+03 1.025264e+04 1.515725e+04  
2.944000e-02 4.174400e+03 7.555989e+03 1.016771e+04 1.503048e+04  
2.985038e-02 4.139592e+03 7.492266e+03 1.008136e+04 1.490163e+04  
3.026648e-02 4.104243e+03 7.427568e+03 9.993695e+03 1.477085e+04  
3.068838e-02 4.068394e+03 7.361968e+03 9.904822e+03 1.463828e+04  
3.111616e-02 4.032080e+03 7.295532e+03 9.814832e+03 1.450408e+04  
3.154990e-02 3.995336e+03 7.228322e+03 9.723804e+03 1.436835e+04  
3.198969e-02 3.958200e+03 7.160407e+03 9.631830e+03 1.423124e+04  
3.243561e-02 3.920715e+03 7.091864e+03 9.539015e+03 1.409290e+04  
3.288774e-02 3.882928e+03 7.022784e+03 9.445487e+03 1.395352e+04  
3.334618e-02 3.844889e+03 6.953253e+03 9.351357e+03 1.381327e+04  
3.381101e-02 3.806647e+03 6.883362e+03 9.256746e+03 1.367232e+04  
3.428231e-02 3.768247e+03 6.813189e+03 9.161760e+03 1.353082e+04  
3.476019e-02 3.729735e+03 6.742823e+03 9.066527e+03 1.338900e+04  
3.524473e-02 3.691157e+03 6.672345e+03 8.971148e+03 1.324697e+04  
3.573602e-02 3.652566e+03 6.601849e+03 8.875751e+03 1.310492e+04  
3.623416e-02 3.614018e+03 6.531438e+03 8.780473e+03 1.296307e+04  
3.673925e-02 3.575574e+03 6.461226e+03 8.685475e+03 1.282167e+04  
3.725137e-02 3.537290e+03 6.391309e+03 8.590880e+03 1.268088e+04  
3.777064e-02 3.499190e+03 6.321732e+03 8.496747e+03 1.254079e+04  
3.829714e-02 3.461292e+03 6.252525e+03 8.403120e+03 1.240146e+04  
3.883098e-02 3.423611e+03 6.183724e+03 8.310052e+03 1.226300e+04  
3.937226e-02 3.386164e+03 6.115351e+03 8.217565e+03 1.212541e+04  
3.992109e-02 3.348967e+03 6.047437e+03 8.125703e+03 1.198876e+04  
4.047757e-02 3.312038e+03 5.980017e+03 8.034513e+03 1.185314e+04  
4.104181e-02 3.275399e+03 5.913130e+03 7.944053e+03 1.171863e+04  
4.161391e-02 3.239094e+03 5.846855e+03 7.854423e+03 1.158536e+04  
4.219398e-02 3.203187e+03 5.781304e+03 7.765773e+03 1.145356e+04  
4.278214e-02 3.167744e+03 5.716600e+03 7.678273e+03 1.132349e+04  
4.337850e-02 3.132835e+03 5.652871e+03 7.592095e+03 1.119541e+04  
4.398317e-02 3.098535e+03 5.590245e+03 7.507407e+03 1.106956e+04  
4.459628e-02 3.064922e+03 5.528863e+03 7.424399e+03 1.094621e+04  
4.521792e-02 3.032077e+03 5.468875e+03 7.343274e+03 1.082568e+04  
4.584824e-02 3.000020e+03 5.410313e+03 7.264078e+03 1.070804e+04  
4.648734e-02 2.968715e+03 5.353112e+03 7.186718e+03 1.059314e+04  
4.713535e-02 2.938123e+03 5.297198e+03 7.111094e+03 1.048083e+04  
4.779239e-02 2.908197e+03 5.242495e+03 7.037110e+03 1.037099e+04  
4.845859e-02 2.878886e+03 5.188905e+03 6.964634e+03 1.026342e+04  
4.913407e-02 2.850131e+03 5.136321e+03 6.893517e+03 1.015788e+04  
4.981898e-02 2.821870e+03 5.084631e+03 6.823609e+03 1.005417e+04  
5.051342e-02 2.794064e+03 5.033769e+03 6.754830e+03 9.952174e+03  
5.121755e-02 2.766683e+03 4.983680e+03 6.687102e+03 9.851776e+03  
5.193150e-02 2.739695e+03 4.934304e+03 6.620341e+03 9.752843e+03  
5.265540e-02 2.713066e+03 4.885577e+03 6.554462e+03 9.655251e+03  
5.338938e-02 2.686756e+03 4.837438e+03 6.489392e+03 9.558918e+03  
5.413360e-02 2.660720e+03 4.789800e+03 6.425008e+03 9.463643e+03  
5.488820e-02 2.634918e+03 4.742586e+03 6.361206e+03 9.369271e+03  
5.565331e-02 2.609312e+03 4.695733e+03 6.297900e+03 9.275677e+03  
5.642908e-02 2.583865e+03 4.649183e+03 6.235025e+03 9.182793e+03  
5.721568e-02 2.558533e+03 4.602848e+03 6.172453e+03 9.090403e+03  
5.801323e-02 2.533268e+03 4.556642e+03 6.110068e+03 8.998339e+03  
5.882190e-02 2.508018e+03 4.510472e+03 6.047748e+03 8.906421e+03  
5.964185e-02 2.482721e+03 4.464241e+03 5.985372e+03 8.814501e+03  
6.047322e-02 2.457306e+03 4.417810e+03 5.922745e+03 8.722258e+03  
6.131619e-02 2.431696e+03 4.371041e+03 5.859683e+03 8.629422e+03  
6.217090e-02 2.405806e+03 4.323790e+03 5.795993e+03 8.535713e+03  
6.303753e-02 2.379548e+03 4.275905e+03 5.731482e+03 8.440866e+03  
6.391624e-02 2.352842e+03 4.227236e+03 5.665940e+03 8.344541e+03  
6.480720e-02 2.325637e+03 4.177695e+03 5.599248e+03 8.246562e+03  
6.571058e-02 2.297883e+03 4.127198e+03 5.531297e+03 8.146775e+03  
6.662655e-02 2.269528e+03 4.075658e+03 5.461979e+03 8.045029e+03  
6.755528e-02 2.240513e+03 4.022964e+03 5.391135e+03 7.941065e+03  
6.849697e-02 2.210795e+03 3.969043e+03 5.318667e+03 7.834733e+03  
6.945178e-02 2.180363e+03 3.913880e+03 5.244562e+03 7.726022e+03  
7.041990e-02 2.149209e+03 3.857466e+03 5.168809e+03 7.614920e+03  
7.140151e-02 2.117321e+03 3.799777e+03 5.091370e+03 7.501345e+03  
7.239681e-02 2.084694e+03 3.740805e+03 5.012233e+03 7.385273e+03  
7.340598e-02 2.051355e+03 3.680604e+03 4.931476e+03 7.266835e+03  
7.442922e-02 2.017353e+03 3.619267e+03 4.849226e+03 7.146211e+03  
7.546673e-02 1.982746e+03 3.556889e+03 4.765602e+03 7.023559e+03  
7.651869e-02 1.947594e+03 3.493582e+03 4.680753e+03 6.899095e+03  
7.758532e-02 1.911975e+03 3.429491e+03 4.594883e+03 6.773136e+03  
7.866682e-02 1.875989e+03 3.364791e+03 4.508223e+03 6.646018e+03  
7.976339e-02 1.839744e+03 3.299673e+03 4.421021e+03 6.518093e+03  
8.087525e-02 1.803359e+03 3.234347e+03 4.333562e+03 6.389782e+03  
8.200261e-02 1.766957e+03 3.169040e+03 4.246156e+03 6.261566e+03  
8.314568e-02 1.730645e+03 3.103937e+03 4.159047e+03 6.133796e+03  
8.430468e-02 1.694535e+03 3.039234e+03 4.072492e+03 6.006843e+03  
8.547985e-02 1.658748e+03 2.975144e+03 3.986778e+03 5.881137e+03  
8.667139e-02 1.623404e+03 2.911888e+03 3.902209e+03 5.757155e+03  
8.787954e-02 1.588603e+03 2.849635e+03 3.819004e+03 5.635207e+03  
8.910453e-02 1.554447e+03 2.788564e+03 3.737401e+03 5.515643e+03  
9.034660e-02 1.521046e+03 2.728868e+03 3.657659e+03 5.398853e+03  
9.160598e-02 1.488504e+03 2.670739e+03 3.580044e+03 5.285263e+03  
9.288292e-02 1.456910e+03 2.614323e+03 3.504745e+03 5.175137e+03  
9.417766e-02 1.426360e+03 2.559787e+03 3.431982e+03 5.068806e+03  
9.549045e-02 1.396945e+03 2.507291e+03 3.361972e+03 4.966601e+03  
9.682153e-02 1.368727e+03 2.456953e+03 3.294883e+03 4.868804e+03  
9.817117e-02 1.341754e+03 2.408845e+03 3.230800e+03 4.775526e+03  
9.953962e-02 1.316079e+03 2.363056e+03 3.169846e+03 4.686956e+03  
1.009272e-01 1.291744e+03 2.319663e+03 3.112123e+03 4.603262e+03  
1.023340e-01 1.268730e+03 2.278635e+03 3.057601e+03 4.524424e+03  
1.037605e-01 1.246980e+03 2.239859e+03 3.006119e+03 4.450187e+03  
1.052069e-01 1.226430e+03 2.203223e+03 2.957527e+03 4.380335e+03  
1.066734e-01 1.207002e+03 2.168590e+03 2.911644e+03 4.314609e+03  
1.081604e-01 1.188568e+03 2.135738e+03 2.868180e+03 4.252590e+03  
1.096681e-01 1.170970e+03 2.104378e+03 2.826739e+03 4.193670e+03  
1.111968e-01 1.154035e+03 2.074208e+03 2.786916e+03 4.137238e+03  
1.127468e-01 1.137591e+03 2.044923e+03 2.748307e+03 4.082690e+03  
1.143184e-01 1.121477e+03 2.016249e+03 2.710542e+03 4.029474e+03  
1.159120e-01 1.105523e+03 1.987877e+03 2.673202e+03 3.976936e+03  
1.175277e-01 1.089550e+03 1.959493e+03 2.635862e+03 3.924423e+03  
1.191660e-01 1.073418e+03 1.930857e+03 2.598202e+03 3.871445e+03  
1.208271e-01 1.057016e+03 1.901773e+03 2.559958e+03 3.817592e+03  
1.225114e-01 1.040222e+03 1.872025e+03 2.520829e+03 3.762381e+03  
1.242191e-01 1.022936e+03 1.841437e+03 2.480578e+03 3.705432e+03  
1.259506e-01 1.005114e+03 1.809937e+03 2.439107e+03 3.646589e+03  
1.277063e-01 9.867129e+02 1.777450e+03 2.396309e+03 3.585671e+03  
1.294865e-01 9.677023e+02 1.743918e+03 2.352102e+03 3.522523e+03  
1.312915e-01 9.481121e+02 1.709395e+03 2.306551e+03 3.457237e+03  
1.331216e-01 9.279926e+02 1.673973e+03 2.259786e+03 3.390001e+03  
1.349772e-01 9.074051e+02 1.637757e+03 2.211943e+03 3.321013e+03  
1.368587e-01 8.864653e+02 1.600948e+03 2.163286e+03 3.250667e+03  
1.387665e-01 8.653152e+02 1.563793e+03 2.114150e+03 3.179476e+03  
1.407008e-01 8.441085e+02 1.526567e+03 2.064908e+03 3.108023e+03  
1.426621e-01 8.229987e+02 1.489534e+03 2.015915e+03 3.036850e+03  
1.446507e-01 8.021495e+02 1.452977e+03 1.967551e+03 2.966554e+03  
1.466671e-01 7.817248e+02 1.417183e+03 1.920205e+03 2.897739e+03  
1.487115e-01 7.618639e+02 1.382399e+03 1.874218e+03 2.830946e+03  
1.507845e-01 7.427041e+02 1.348861e+03 1.829903e+03 2.766670e+03  
1.528864e-01 7.243664e+02 1.316775e+03 1.787545e+03 2.705361e+03  
1.550175e-01 7.069407e+02 1.286300e+03 1.747356e+03 2.647364e+03  
1.571784e-01 6.905155e+02 1.257594e+03 1.709558e+03 2.593035e+03  
1.593694e-01 6.751199e+02 1.230700e+03 1.674209e+03 2.542477e+03  
1.615909e-01 6.607534e+02 1.205617e+03 1.641308e+03 2.495702e+03  
1.638434e-01 6.473853e+02 1.182290e+03 1.610784e+03 2.452610e+03  
1.661273e-01 6.349174e+02 1.160551e+03 1.582414e+03 2.412859e+03  
1.684430e-01 6.232250e+02 1.140177e+03 1.555892e+03 2.375980e+03  
1.707910e-01 6.121499e+02 1.120890e+03 1.530844e+03 2.341388e+03  
1.731717e-01 6.015073e+02 1.102369e+03 1.506832e+03 2.308391e+03  
1.755856e-01 5.911228e+02 1.084311e+03 1.483444e+03 2.276330e+03  
1.780332e-01 5.808412e+02 1.066440e+03 1.460302e+03 2.244605e+03  
1.805149e-01 5.705145e+02 1.048499e+03 1.437051e+03 2.212642e+03  
1.830312e-01 5.600354e+02 1.030299e+03 1.413432e+03 2.180012e+03  
1.855825e-01 5.493066e+02 1.011672e+03 1.389210e+03 2.146324e+03  
1.881694e-01 5.382693e+02 9.925109e+02 1.364238e+03 2.111332e+03  
1.907924e-01 5.268877e+02 9.727529e+02 1.338423e+03 2.074877e+03  
1.934520e-01 5.151728e+02 9.524174e+02 1.311790e+03 2.036979e+03  
1.961486e-01 5.031709e+02 9.315855e+02 1.284446e+03 1.997801e+03  
1.988828e-01 4.909718e+02 9.104113e+02 1.256602e+03 1.957687e+03  
2.016551e-01 4.787102e+02 8.891296e+02 1.228580e+03 1.917155e+03  
2.044661e-01 4.665307e+02 8.679941e+02 1.200728e+03 1.876763e+03  
2.073162e-01 4.545838e+02 8.472675e+02 1.173406e+03 1.837104e+03  
2.102061e-01 4.429974e+02 8.271712e+02 1.146924e+03 1.798690e+03  
2.131362e-01 4.318765e+02 8.078886e+02 1.121533e+03 1.761941e+03  
2.161073e-01 4.212974e+02 7.895536e+02 1.097419e+03 1.727156e+03  
2.191197e-01 4.113074e+02 7.722482e+02 1.074697e+03 1.694534e+03  
2.221741e-01 4.019179e+02 7.559914e+02 1.053396e+03 1.664139e+03  
2.252711e-01 3.931121e+02 7.407538e+02 1.033479e+03 1.635916e+03  
2.284112e-01 3.848302e+02 7.264312e+02 1.014799e+03 1.609622e+03  
2.315951e-01 3.769834e+02 7.128681e+02 9.971461e+02 1.584922e+03  
2.348235e-01 3.694600e+02 6.998686e+02 9.802504e+02 1.561381e+03  
2.380968e-01 3.621473e+02 6.872356e+02 9.638393e+02 1.538550e+03  
2.414157e-01 3.549441e+02 6.747914e+02 9.476621e+02 1.515998e+03  
2.447809e-01 3.477616e+02 6.623804e+02 9.315052e+02 1.493380e+03  
2.481930e-01 3.405274e+02 6.498751e+02 9.151909e+02 1.470399e+03  
2.516527e-01 3.331927e+02 6.371893e+02 8.985980e+02 1.446849e+03  
2.551606e-01 3.257371e+02 6.242862e+02 8.816685e+02 1.422610e+03  
2.587174e-01 3.181753e+02 6.111916e+02 8.644418e+02 1.397761e+03  
2.623238e-01 3.105734e+02 5.980208e+02 8.470788e+02 1.372573e+03  
2.659804e-01 3.030252e+02 5.849383e+02 8.298088e+02 1.347430e+03  
2.696881e-01 2.956295e+02 5.721156e+02 8.128660e+02 1.322709e+03  
2.734474e-01 2.884622e+02 5.596872e+02 7.964452e+02 1.298761e+03  
2.772591e-01 2.815749e+02 5.477436e+02 7.806738e+02 1.275804e+03  
2.811239e-01 2.749865e+02 5.363174e+02 7.655977e+02 1.253917e+03  
2.850426e-01 2.687090e+02 5.254285e+02 7.512414e+02 1.233129e+03  
2.890160e-01 2.627392e+02 5.150731e+02 7.376060e+02 1.213466e+03  
2.930447e-01 2.570506e+02 5.052045e+02 7.246274e+02 1.194823e+03  
2.971296e-01 2.515919e+02 4.957324e+02 7.121781e+02 1.176981e+03  
3.012714e-01 2.462925e+02 4.865314e+02 7.000796e+02 1.159630e+03  
3.054710e-01 2.410772e+02 4.774711e+02 6.881538e+02 1.142484e+03  
3.097291e-01 2.358990e+02 4.684690e+02 6.762845e+02 1.125345e+03  
3.140465e-01 2.307380e+02 4.594889e+02 6.644186e+02 1.108116e+03  
3.184242e-01 2.255937e+02 4.505287e+02 6.525511e+02 1.090784e+03  
3.228628e-01 2.204763e+02 4.416082e+02 6.407142e+02 1.073416e+03  
3.273634e-01 2.154059e+02 4.327627e+02 6.289577e+02 1.056099e+03  
3.319266e-01 2.104149e+02 4.240477e+02 6.173577e+02 1.038957e+03  
3.365535e-01 2.055490e+02 4.155434e+02 6.060272e+02 1.022183e+03  
3.412449e-01 2.008487e+02 4.073228e+02 5.950734e+02 1.005974e+03  
3.460016e-01 1.963320e+02 3.994176e+02 5.845416e+02 9.904085e+02  
3.508247e-01 1.919906e+02 3.918115e+02 5.744063e+02 9.754362e+02  
3.557150e-01 1.878026e+02 3.844661e+02 5.646145e+02 9.609703e+02  
3.606735e-01 1.837473e+02 3.773471e+02 5.551209e+02 9.469426e+02  
3.657011e-01 1.798014e+02 3.704129e+02 5.458672e+02 9.332547e+02  
3.707988e-01 1.759391e+02 3.636161e+02 5.367830e+02 9.197767e+02  
3.759675e-01 1.721331e+02 3.569098e+02 5.278041e+02 9.064050e+02  
3.812083e-01 1.683741e+02 3.502790e+02 5.189115e+02 8.931140e+02  
3.865221e-01 1.646710e+02 3.437392e+02 5.101275e+02 8.799435e+02  
3.919100e-01 1.610356e+02 3.373085e+02 5.014743e+02 8.669221e+02  
3.973730e-01 1.574783e+02 3.310075e+02 4.929842e+02 8.541152e+02  
4.029122e-01 1.540113e+02 3.248581e+02 4.846902e+02 8.415844e+02  
4.085286e-01 1.506503e+02 3.188887e+02 4.766327e+02 8.294004e+02  
4.142232e-01 1.473983e+02 3.131010e+02 4.688104e+02 8.175513e+02  
4.199973e-01 1.442449e+02 3.074795e+02 4.612058e+02 8.060180e+02  
4.258518e-01 1.411746e+02 3.019976e+02 4.537816e+02 7.947400e+02  
4.317880e-01 1.381793e+02 2.966412e+02 4.465187e+02 7.836852e+02  
4.378069e-01 1.352534e+02 2.913968e+02 4.393937e+02 7.728039e+02  
4.439097e-01 1.323849e+02 2.862470e+02 4.323867e+02 7.620745e+02  
4.500975e-01 1.295690e+02 2.811834e+02 4.254864e+02 7.514795e+02  
4.563716e-01 1.268150e+02 2.762224e+02 4.187161e+02 7.410593e+02  
4.627332e-01 1.241287e+02 2.713711e+02 4.120826e+02 7.308180e+02  
4.691835e-01 1.215100e+02 2.666328e+02 4.055950e+02 7.207822e+02  
4.757236e-01 1.189595e+02 2.620087e+02 3.992553e+02 7.109565e+02  
4.823549e-01 1.164801e+02 2.575032e+02 3.930693e+02 7.013498e+02  
4.890787e-01 1.140671e+02 2.531061e+02 3.870205e+02 6.919294e+02  
4.958962e-01 1.117116e+02 2.488044e+02 3.810940e+02 6.826788e+02  
5.028087e-01 1.094088e+02 2.445901e+02 3.752788e+02 6.735804e+02  
5.098176e-01 1.071608e+02 2.404659e+02 3.695780e+02 6.646378e+02  
5.169242e-01 1.049633e+02 2.364230e+02 3.639782e+02 6.558264e+02  
5.241298e-01 1.028151e+02 2.324618e+02 3.584824e+02 6.471582e+02  
5.314359e-01 1.007197e+02 2.285884e+02 3.530999e+02 6.386493e+02  
5.388438e-01 9.867867e+01 2.248044e+02 3.478318e+02 6.302999e+02  
5.463550e-01 9.668671e+01 2.211000e+02 3.426640e+02 6.220858e+02  
5.539709e-01 9.474484e+01 2.174790e+02 3.376039e+02 6.140243e+02  
5.616930e-01 9.285130e+01 2.139382e+02 3.326473e+02 6.061091e+02  
5.695227e-01 9.100000e+01 2.104659e+02 3.277765e+02 5.983083e+02  
5.774615e-01 8.919196e+01 2.070638e+02 3.229943e+02 5.906280e+02  
5.855110e-01 8.742853e+01 2.037358e+02 3.183078e+02 5.830829e+02  
5.936727e-01 8.570421e+01 2.004724e+02 3.137037e+02 5.756522e+02  
6.019482e-01 8.402309e+01 1.972791e+02 3.091887e+02 5.683442e+02  
6.103390e-01 8.238285e+01 1.941526e+02 3.047589e+02 5.611541e+02  
6.188468e-01 8.078002e+01 1.910880e+02 3.004084e+02 5.540751e+02  
6.274732e-01 7.921689e+01 1.880893e+02 2.961428e+02 5.471167e+02  
6.362198e-01 7.769030e+01 1.851493e+02 2.919512e+02 5.402585e+02  
6.450884e-01 7.619840e+01 1.822660e+02 2.878318e+02 5.335000e+02  
6.540806e-01 7.474170e+01 1.794410e+02 2.837874e+02 5.268474e+02  
6.631981e-01 7.332017e+01 1.766743e+02 2.798180e+02 5.203009e+02  
6.724427e-01 7.193123e+01 1.739596e+02 2.759141e+02 5.138430e+02  
6.818162e-01 7.057418e+01 1.712974e+02 2.720772e+02 5.074788e+02  
6.913204e-01 6.924859e+01 1.686872e+02 2.683073e+02 5.012089e+02  
7.009570e-01 6.795383e+01 1.661281e+02 2.646030e+02 4.950315e+02  
7.107280e-01 6.668901e+01 1.636166e+02 2.609586e+02 4.889356e+02  
7.206351e-01 6.545346e+01 1.611535e+02 2.573764e+02 4.829270e+02  
7.306804e-01 6.424624e+01 1.587372e+02 2.538544e+02 4.770032e+02  
7.408657e-01 6.306636e+01 1.563661e+02 2.503904e+02 4.711608e+02  
7.511929e-01 6.191298e+01 1.540372e+02 2.469794e+02 4.653903e+02  
7.616642e-01 6.078570e+01 1.517515e+02 2.436240e+02 4.596980e+02  
7.722814e-01 5.968379e+01 1.495077e+02 2.403226e+02 4.540815e+02  
7.830465e-01 5.860656e+01 1.473046e+02 2.370732e+02 4.485377e+02  
7.939618e-01 5.755321e+01 1.451397e+02 2.338721e+02 4.430598e+02  
8.050292e-01 5.652330e+01 1.430136e+02 2.307210e+02 4.376519e+02  
8.162509e-01 5.551609e+01 1.409251e+02 2.276185e+02 4.323116e+02  
8.276289e-01 5.453095e+01 1.388728e+02 2.245620e+02 4.270356e+02  
8.391656e-01 5.356721e+01 1.368550e+02 2.215493e+02 4.218195e+02  
8.508632e-01 5.262448e+01 1.348720e+02 2.185813e+02 4.166659e+02  
8.627237e-01 5.170214e+01 1.329228e+02 2.156568e+02 4.115728e+02  
8.747496e-01 5.079963e+01 1.310061e+02 2.127739e+02 4.065370e+02  
8.869432e-01 4.991634e+01 1.291206e+02 2.099307e+02 4.015556e+02  
8.993067e-01 4.905188e+01 1.272664e+02 2.071277e+02 3.966299e+02  
9.118425e-01 4.820577e+01 1.254426e+02 2.043639e+02 3.917585e+02  
9.245531e-01 4.737745e+01 1.236480e+02 2.016374e+02 3.869380e+02  
9.374409e-01 4.656644e+01 1.218817e+02 1.989470e+02 3.821671e+02  
9.505083e-01 4.577237e+01 1.201435e+02 1.962930e+02 3.774460e+02  
9.637579e-01 4.499482e+01 1.184329e+02 1.936744e+02 3.727735e+02  
9.771921e-01 4.423319e+01 1.167484e+02 1.910892e+02 3.681465e+02  
9.908137e-01 4.348699e+01 1.150893e+02 1.885367e+02 3.635639e+02  
1.004625e+00 4.275592e+01 1.134556e+02 1.860167e+02 3.590257e+02  
1.018629e+00 4.203964e+01 1.118465e+02 1.835287e+02 3.545310e+02  
1.032828e+00 4.133761e+01 1.102609e+02 1.810708e+02 3.500769e+02  
1.047225e+00 4.064954e+01 1.086985e+02 1.786429e+02 3.456633e+02  
1.061823e+00 3.997515e+01 1.071592e+02 1.762446e+02 3.412898e+02  
1.076624e+00 3.931409e+01 1.056422e+02 1.738753e+02 3.369553e+02  
1.091632e+00 3.866576e+01 1.041463e+02 1.715327e+02 3.326573e+02  
1.106848e+00 3.802991e+01 1.026714e+02 1.692177e+02 3.283959e+02  
1.122277e+00 3.740633e+01 1.012172e+02 1.669296e+02 3.241705e+02  
1.137921e+00 3.679472e+01 9.978332e+01 1.643438e+02 3.199804e+02  
1.153783e+00 3.619455e+01 9.836855e+01 1.624310e+02 3.158235e+02  
1.169866e+00 3.560570e+01 9.697303e+01 1.602191e+02 3.116999e+02  
1.186174e+00 3.502795e+01 9.559643e+01 1.580319e+02 3.076093e+02  
1.202708e+00 3.446099e+01 9.423829e+01 1.558688e+02 3.035507e+02  
1.219473e+00 3.390427e+01 9.289749e+01 1.537283e+02 2.995224e+02  
1.236472e+00 3.335779e+01 9.157429e+01 1.516109e+02 2.955248e+02  
1.253708e+00 3.282128e+01 9.026831e+01 1.495160e+02 2.915573e+02  
1.271184e+00 3.229382e+01 8.897906e+01 1.474432e+02 2.876191e+02  
1.288904e+00 3.177682e+01 8.770572e+01 1.453914e+02 2.837091e+02  
1.306870e+00 3.126843e+01 8.644848e+01 1.433608e+02 2.798276e+02  
1.325087e+00 3.076904e+01 8.520700e+01 1.413511e+02 2.759739e+02  
1.343558e+00 3.027836e+01 8.398083e+01 1.393617e+02 2.721476e+02  
1.362287e+00 2.979607e+01 8.276939e+01 1.373920e+02 2.683480e+02  
1.381276e+00 2.932216e+01 8.157280e+01 1.354420e+02 2.645750e+02  
1.400531e+00 2.885641e+01 8.039075e+01 1.335115e+02 2.608285e+02  
1.420053e+00 2.839855e+01 7.922281e+01 1.316000e+02 2.571079e+02  
1.439848e+00 2.794835e+01 7.806858e+01 1.297069e+02 2.534127e+02  
1.459919e+00 2.750572e+01 7.692806e+01 1.278323e+02 2.497432e+02  
1.480269e+00 2.707045e+01 7.580094e+01 1.259759e+02 2.460989e+02  
1.500903e+00 2.664229e+01 7.468683e+01 1.241373e+02 2.424796e+02  
1.521825e+00 2.622107e+01 7.358549e+01 1.223161e+02 2.388852e+02  
1.543038e+00 2.580673e+01 7.249688e+01 1.205123e+02 2.353156e+02  
1.564548e+00 2.539909e+01 7.142076e+01 1.187257e+02 2.317709e+02  
1.586357e+00 2.499795e+01 7.035681e+01 1.169560e+02 2.282508e+02  
1.608469e+00 2.460316e+01 6.930484e+01 1.152029e+02 2.247553e+02  
1.630891e+00 2.421463e+01 6.826477e+01 1.134664e+02 2.212845e+02  
1.653624e+00 2.383220e+01 6.723639e+01 1.117463e+02 2.178385e+02  
1.676675e+00 2.345568e+01 6.621941e+01 1.100423e+02 2.144172e+02  
1.700047e+00 2.308495e+01 6.521371e+01 1.083542e+02 2.110208e+02  
1.723745e+00 2.271993e+01 6.421919e+01 1.066821e+02 2.076493e+02  
1.747773e+00 2.236050e+01 6.323570e+01 1.050256e+02 2.043030e+02  
1.772136e+00 2.200646e+01 6.226297e+01 1.033847e+02 2.009819e+02  
1.796838e+00 2.165776e+01 6.130094e+01 1.017592e+02 1.976866e+02  
1.821885e+00 2.131429e+01 6.034950e+01 1.001492e+02 1.944165e+02  
1.847281e+00 2.097596e+01 5.940853e+01 9.855433e+01 1.911723e+02  
1.873032e+00 2.064258e+01 5.847778e+01 9.697458e+01 1.879541e+02  
1.899141e+00 2.031411e+01 5.755721e+01 9.540989e+01 1.847623e+02  
1.925614e+00 1.999044e+01 5.664672e+01 9.386018e+01 1.815970e+02  
1.952456e+00 1.967151e+01 5.574621e+01 9.232538e+01 1.784587e+02  
1.979672e+00 1.935713e+01 5.485547e+01 9.080535e+01 1.753474e+02  
2.007267e+00 1.904729e+01 5.397449e+01 8.930010e+01 1.722636e+02  
2.035248e+00 1.874190e+01 5.310316e+01 8.780957e+01 1.692075e+02  
2.063618e+00 1.844088e+01 5.224140e+01 8.633371e+01 1.661795e+02  
2.092383e+00 1.814407e+01 5.138904e+01 8.487243e+01 1.631798e+02  
2.121550e+00 1.785147e+01 5.054606e+01 8.342573e+01 1.602089e+02  
2.151123e+00 1.756300e+01 4.971239e+01 8.199360e+01 1.572669e+02  
2.181109e+00 1.727857e+01 4.888792e+01 8.057600e+01 1.543544e+02  
2.211512e+00 1.699808e+01 4.807255e+01 7.917287e+01 1.514714e+02  
2.242340e+00 1.672149e+01 4.726625e+01 7.778424e+01 1.486184e+02  
2.273597e+00 1.644876e+01 4.646896e+01 7.641009e+01 1.457956e+02  
2.305289e+00 1.617968e+01 4.568058e+01 7.505040e+01 1.430035e+02  
2.337424e+00 1.591437e+01 4.490103e+01 7.370516e+01 1.402422e+02  
2.370006e+00 1.565271e+01 4.413028e+01 7.237438e+01 1.375120e+02  
2.403043e+00 1.539465e+01 4.336828e+01 7.105808e+01 1.348134e+02  
2.436540e+00 1.514011e+01 4.261495e+01 6.975624e+01 1.323692e+02  
2.470504e+00 1.488901e+01 4.187024e+01 6.846886e+01 1.295112e+02  
2.504942e+00 1.464134e+01 4.113411e+01 6.719632e+01 1.269085e+02  
2.539859e+00 1.439705e+01 4.040651e+01 6.593793e+01 1.243382e+02  
2.575263e+00 1.415606e+01 3.968739e+01 6.469404e+01 1.218007e+02  
2.611161e+00 1.391831e+01 3.897668e+01 6.346468e+01 1.192960e+02  
2.647559e+00 1.368379e+01 3.827437e+01 6.224985e+01 1.168243e+02  
2.684465e+00 1.345245e+01 3.758041e+01 6.104959e+01 1.143860e+02  
2.721885e+00 1.322422e+01 3.689688e+01 5.986389e+01 1.119810e+02  
2.759826e+00 1.299906e+01 3.621948e+01 5.869277e+01 1.096096e+02  
2.798297e+00 1.277694e+01 3.555031e+01 5.753626e+01 1.072718e+02  
2.837304e+00 1.255783e+01 3.488932e+01 5.639437e+01 1.049677e+02  
2.876854e+00 1.234166e+01 3.423649e+01 5.526710e+01 1.026975e+02  
2.916956e+00 1.212841e+01 3.359179e+01 5.415421e+01 1.004612e+02  
2.957617e+00 1.191804e+01 3.295516e+01 5.305625e+01 9.825876e+01  
2.998844e+00 1.171052e+01 3.232658e+01 5.197294e+01 9.609030e+01  
3.040646e+00 1.150579e+01 3.170603e+01 5.090430e+01 9.395621e+01  
3.083031e+00 1.130384e+01 3.109346e+01 4.985032e+01 9.185556e+01  
3.126007e+00 1.110478e+01 3.048886e+01 4.881102e+01 8.978886e+01  
3.169582e+00 1.090828e+01 2.989219e+01 4.778638e+01 8.775602e+01  
3.213764e+00 1.071444e+01 2.930342e+01 4.677639e+01 8.575693e+01  
3.258562e+00 1.052325e+01 2.872252e+01 4.578106e+01 8.379099e+01  
3.303985e+00 1.033468e+01 2.814947e+01 4.480036e+01 8.185938e+01  
3.350041e+00 1.014869e+01 2.758423e+01 4.383428e+01 7.996103e+01  
3.396739e+00 9.965240e+00 2.702677e+01 4.288279e+01 7.809597e+01  
3.444087e+00 9.784319e+00 2.647708e+01 4.194587e+01 7.626408e+01  
3.492096e+00 9.605898e+00 2.593511e+01 4.102349e+01 7.446516e+01  
3.540774e+00 9.429947e+00 2.540084e+01 4.011562e+01 7.269904e+01  
3.590130e+00 9.256434e+00 2.491894e+01 3.922220e+01 7.096550e+01  
3.640175e+00 9.085340e+00 2.435529e+01 3.834320e+01 6.926433e+01  
3.690917e+00 8.916639e+00 2.384394e+01 3.748238e+01 6.759529e+01  
3.742366e+00 8.750305e+00 2.334018e+01 3.663202e+01 6.595815e+01  
3.794533e+00 8.586310e+00 2.284396e+01 3.579592e+01 6.435263e+01  
3.847427e+00 8.424635e+00 2.235526e+01 3.497400e+01 6.277848e+01  
3.901058e+00 8.265255e+00 2.187404e+01 3.416602e+01 6.123540e+01  
3.955436e+00 8.108147e+00 2.140026e+01 3.337230e+01 5.972311e+01  
4.010573e+00 7.953285e+00 2.093390e+01 3.259250e+01 5.824129e+01  
4.066478e+00 7.800651e+00 2.047492e+01 3.182658e+01 5.678964e+01  
4.123163e+00 7.650223e+00 2.002328e+01 3.107445e+01 5.536783e+01  
4.180637e+00 7.501977e+00 1.957893e+01 3.033602e+01 5.397553e+01  
4.238913e+00 7.355890e+00 1.914185e+01 2.961119e+01 5.261238e+01  
4.298001e+00 7.211945e+00 1.871199e+01 2.889985e+01 5.127806e+01  
4.357913e+00 7.070120e+00 1.828930e+01 2.820191e+01 4.997219e+01  
4.418660e+00 6.930393e+00 1.787375e+01 2.751724e+01 4.869441e+01  
4.480254e+00 6.792744e+00 1.746529e+01 2.684573e+01 4.744436e+01  
4.542706e+00 6.657156e+00 1.706386e+01 2.618728e+01 4.622166e+01  
4.606029e+00 6.523607e+00 1.666942e+01 2.554174e+01 4.502593e+01  
4.670234e+00 6.392077e+00 1.628194e+01 2.490900e+01 4.385699e+01  
4.735335e+00 6.262547e+00 1.589976e+01 2.428893e+01 4.271387e+01  
4.801343e+00 6.134999e+00 1.552604e+01 2.368140e+01 4.159667e+01  
4.868271e+00 6.009414e+00 1.515910e+01 2.308626e+01 4.050492e+01  
4.936132e+00 5.885772e+00 1.480040e+01 2.250339e+01 3.943817e+01  
5.004939e+00 5.764055e+00 1.444684e+01 2.193001e+01 3.839602e+01  
5.074705e+00 5.644246e+00 1.409990e+01 2.137129e+01 3.737808e+01  
5.145444e+00 5.526326e+00 1.375916e+01 2.082439e+01 3.638394e+01  
5.217169e+00 5.410276e+00 1.342526e+01 2.028922e+01 3.541319e+01  
5.289893e+00 5.296079e+00 1.309779e+01 1.976552e+01 3.446543e+01  
5.363631e+00 5.183718e+00 1.277669e+01 1.925314e+01 3.354025e+01  
5.438397e+00 5.073173e+00 1.246189e+01 1.875434e+01 3.263725e+01  
5.514206e+00 4.964283e+00 1.215372e+01 1.826427e+01 3.175602e+01  
5.591071e+00 4.857324e+00 1.185134e+01 1.778509e+01 3.089617e+01  
5.669007e+00 4.752270e+00 1.155506e+01 1.731666e+01 3.005728e+01  
5.748030e+00 4.648821e+00 1.126481e+01 1.685797e+01 2.923897e+01  
5.828155e+00 4.547103e+00 1.098052e+01 1.641056e+01 2.844082e+01  
5.909396e+00 4.447098e+00 1.070212e+01 1.597342e+01 2.766244e+01  
5.991770e+00 4.348790e+00 1.042954e+01 1.554638e+01 2.690369e+01  
6.075292e+00 4.252162e+00 1.016270e+01 1.512928e+01 2.616348e+01  
6.159978e+00 4.157196e+00 9.901530e+00 1.472195e+01 2.544207e+01  
6.245845e+00 4.063877e+00 9.645956e+00 1.432423e+01 2.473888e+01  
6.332908e+00 3.972186e+00 9.394750e+00 1.393596e+01 2.405384e+01  
6.421186e+00 3.882108e+00 9.150160e+00 1.355697e+01 2.338596e+01  
6.510694e+00 3.793625e+00 8.911632e+00 1.318712e+01 2.273517e+01  
6.601449e+00 3.706722e+00 8.677681e+00 1.282620e+01 2.210111e+01  
6.693470e+00 3.621380e+00 8.448943e+00 1.247407e+01 2.148340e+01  
6.786773e+00 3.537585e+00 8.225337e+00 1.213054e+01 2.088170e+01  
6.881377e+00 3.455318e+00 8.006792e+00 1.179554e+01 2.029564e+01  
6.977300e+00 3.374564e+00 7.793228e+00 1.146882e+01 1.972466e+01  
7.074559e+00 3.295305e+00 7.584564e+00 1.115024e+01 1.917017e+01  
7.173175e+00 3.217525e+00 7.380722e+00 1.083964e+01 1.862895e+01  
7.273165e+00 3.141207e+00 7.181623e+00 1.053686e+01 1.810201e+01  
7.374549e+00 3.066335e+00 6.987188e+00 1.024176e+01 1.758920e+01  
7.477346e+00 2.992892e+00 6.797340e+00 9.954180e+00 1.709010e+01  
7.581576e+00 2.920861e+00 6.612000e+00 9.673972e+00 1.660322e+01  
7.687260e+00 2.850226e+00 6.430592e+00 9.400957e+00 1.613056e+01  
7.794416e+00 2.780969e+00 6.254049e+00 9.134996e+00 1.567010e+01  
7.903066e+00 2.712986e+00 6.082593e+00 8.875939e+00 1.522077e+01  
8.013230e+00 2.646525e+00 5.914497e+00 8.623637e+00 1.478474e+01  
8.124930e+00 2.581306e+00 5.750520e+00 8.377943e+00 1.436050e+01  
8.238187e+00 2.517397e+00 5.590584e+00 8.138741e+00 1.394776e+01  
8.353023e+00 2.454779e+00 5.434615e+00 7.905800e+00 1.354608e+01  
8.469460e+00 2.393442e+00 5.282535e+00 7.679064e+00 1.315544e+01  
8.587519e+00 2.333365e+00 5.133596e+00 7.458805e+00 1.277560e+01  
8.707225e+00 2.274532e+00 4.989741e+00 7.243994e+00 1.240603e+01  
8.828599e+00 2.216926e+00 4.848879e+00 7.034947e+00 1.204658e+01  
8.951665e+00 2.160545e+00 4.711650e+00 6.831537e+00 1.169614e+01  
9.076446e+00 2.105341e+00 4.577582e+00 6.633617e+00 1.135791e+01  
9.202967e+00 2.051321e+00 4.447281e+00 6.441061e+00 1.102648e+01  
9.331251e+00 1.998449e+00 4.320355e+00 6.253373e+00 1.070505e+01  
9.461324e+00 1.946636e+00 4.196730e+00 6.071182e+00 1.039252e+01  
9.593209e+00 1.896041e+00 4.076338e+00 5.893968e+00 1.008868e+01  
9.726934e+00 1.846556e+00 3.959109e+00 5.721692e+00 9.793301e+00  
9.862522e+00 1.798208e+00 3.844974e+00 5.554062e+00 9.506064e+00  
1.000000e+01 1.750881e+00 3.733864e+00 5.391212e+00 9.227039e+00  
