1.000000e-02 5.723290e+03 1.037313e+04 1.395946e+04 2.060661e+04  
1.013939e-02 5.752968e+03 1.042664e+04 1.403119e+04 2.071184e+04  
1.028073e-02 5.782123e+03 1.047919e+04 1.410163e+04 2.081514e+04  
1.042404e-02 5.810735e+03 1.053075e+04 1.417073e+04 2.091644e+04  
1.056935e-02 5.838785e+03 1.058128e+04 1.423844e+04 2.101568e+04  
1.071668e-02 5.866254e+03 1.063076e+04 1.430471e+04 2.111277e+04  
1.086606e-02 5.893122e+03 1.067913e+04 1.436950e+04 2.120766e+04  
1.101753e-02 5.919368e+03 1.072637e+04 1.443275e+04 2.130025e+04  
1.117111e-02 5.944971e+03 1.077244e+04 1.449441e+04 2.139048e+04  
1.132683e-02 5.969911e+03 1.081729e+04 1.455444e+04 2.147828e+04  
1.148472e-02 5.994165e+03 1.086089e+04 1.461277e+04 2.156355e+04  
1.164481e-02 6.017712e+03 1.090321e+04 1.466936e+04 2.164624e+04  
1.180713e-02 6.040533e+03 1.094419e+04 1.472415e+04 2.172625e+04  
1.197171e-02 6.062605e+03 1.098382e+04 1.477710e+04 2.180352e+04  
1.213859e-02 6.083907e+03 1.102203e+04 1.482815e+04 2.187797e+04  
1.230780e-02 6.104416e+03 1.105880e+04 1.487725e+04 2.194951e+04  
1.247936e-02 6.124109e+03 1.109409e+04 1.492433e+04 2.201806e+04  
1.265332e-02 6.142964e+03 1.112784e+04 1.496935e+04 2.208354e+04  
1.282970e-02 6.160958e+03 1.116002e+04 1.501225e+04 2.214587e+04  
1.300854e-02 6.178068e+03 1.119060e+04 1.505297e+04 2.220497e+04  
1.318987e-02 6.194273e+03 1.121952e+04 1.509146e+04 2.226076e+04  
1.337373e-02 6.209551e+03 1.124676e+04 1.512767e+04 2.231316e+04  
1.356015e-02 6.223878e+03 1.127226e+04 1.516154e+04 2.236208e+04  
1.374917e-02 6.237231e+03 1.129598e+04 1.519301e+04 2.240744e+04  
1.394083e-02 6.249587e+03 1.131789e+04 1.522203e+04 2.244916e+04  
1.413516e-02 6.260924e+03 1.133795e+04 1.524854e+04 2.248717e+04  
1.433219e-02 6.271220e+03 1.135611e+04 1.527249e+04 2.252137e+04  
1.453198e-02 6.280455e+03 1.137233e+04 1.529383e+04 2.255170e+04  
1.473454e-02 6.288606e+03 1.138658e+04 1.531251e+04 2.257808e+04  
1.493993e-02 6.295651e+03 1.139882e+04 1.532847e+04 2.260043e+04  
1.514819e-02 6.301569e+03 1.140901e+04 1.534167e+04 2.261867e+04  
1.535935e-02 6.306339e+03 1.141711e+04 1.535204e+04 2.263273e+04  
1.557345e-02 6.309940e+03 1.142308e+04 1.535954e+04 2.264254e+04  
1.579053e-02 6.312353e+03 1.142689e+04 1.536412e+04 2.264802e+04  
1.601064e-02 6.313560e+03 1.142850e+04 1.536574e+04 2.264910e+04  
1.623382e-02 6.313541e+03 1.142788e+04 1.536436e+04 2.264574e+04  
1.646012e-02 6.312278e+03 1.142501e+04 1.535992e+04 2.263785e+04  
1.668956e-02 6.309751e+03 1.141983e+04 1.535238e+04 2.262537e+04  
1.692220e-02 6.305940e+03 1.141232e+04 1.534169e+04 2.260822e+04  
1.715809e-02 6.300830e+03 1.140244e+04 1.532781e+04 2.258636e+04  
1.739726e-02 6.294403e+03 1.139018e+04 1.531071e+04 2.255972e+04  
1.763977e-02 6.286645e+03 1.137549e+04 1.529035e+04 2.252825e+04  
1.788566e-02 6.277542e+03 1.135836e+04 1.526669e+04 2.249190e+04  
1.813498e-02 6.267081e+03 1.133876e+04 1.523971e+04 2.245063e+04  
1.838777e-02 6.255247e+03 1.131667e+04 1.520936e+04 2.240439e+04  
1.864409e-02 6.242029e+03 1.129206e+04 1.517563e+04 2.235314e+04  
1.890397e-02 6.227417e+03 1.126492e+04 1.513848e+04 2.229684e+04  
1.916748e-02 6.211402e+03 1.123524e+04 1.509791e+04 2.223547e+04  
1.943467e-02 6.193978e+03 1.120300e+04 1.505389e+04 2.216901e+04  
1.970558e-02 6.175142e+03 1.116820e+04 1.500642e+04 2.209744e+04  
1.998026e-02 6.154888e+03 1.113082e+04 1.495548e+04 2.202075e+04  
2.025878e-02 6.133209e+03 1.109086e+04 1.490106e+04 2.193893e+04  
2.054117e-02 6.110102e+03 1.104830e+04 1.484315e+04 2.185195e+04  
2.082751e-02 6.085565e+03 1.100316e+04 1.478176e+04 2.175981e+04  
2.111783e-02 6.059600e+03 1.095542e+04 1.471688e+04 2.166253e+04  
2.141220e-02 6.032211e+03 1.090511e+04 1.464852e+04 2.156013e+04  
2.171068e-02 6.003404e+03 1.085223e+04 1.457671e+04 2.145263e+04  
2.201331e-02 5.973186e+03 1.079679e+04 1.450147e+04 2.134005e+04  
2.232016e-02 5.941562e+03 1.073881e+04 1.442279e+04 2.122243e+04  
2.263130e-02 5.908543e+03 1.067830e+04 1.434073e+04 2.109980e+04  
2.294676e-02 5.874140e+03 1.061528e+04 1.425529e+04 2.097220e+04  
2.326663e-02 5.838368e+03 1.054979e+04 1.416652e+04 2.083970e+04  
2.359095e-02 5.801247e+03 1.048186e+04 1.407448e+04 2.070237e+04  
2.391980e-02 5.762802e+03 1.041154e+04 1.397922e+04 2.056031e+04  
2.425323e-02 5.723054e+03 1.033886e+04 1.388080e+04 2.041359e+04  
2.459130e-02 5.682025e+03 1.026386e+04 1.377927e+04 2.026229e+04  
2.493409e-02 5.639739e+03 1.018660e+04 1.367469e+04 2.010652e+04  
2.528166e-02 5.596227e+03 1.010713e+04 1.356714e+04 1.994638e+04  
2.563407e-02 5.551520e+03 1.002550e+04 1.345670e+04 1.978199e+04  
2.599140e-02 5.505657e+03 9.941784e+03 1.334347e+04 1.961349e+04  
2.635371e-02 5.458681e+03 9.856065e+03 1.322754e+04 1.944104e+04  
2.672106e-02 5.410636e+03 9.768420e+03 1.310904e+04 1.926481e+04  
2.709354e-02 5.361557e+03 9.678915e+03 1.298804e+04 1.908492e+04  
2.747121e-02 5.311485e+03 9.587622e+03 1.286465e+04 1.890153e+04  
2.785414e-02 5.260464e+03 9.494625e+03 1.273897e+04 1.871479e+04  
2.824241e-02 5.208544e+03 9.400014e+03 1.261114e+04 1.852489e+04  
2.863610e-02 5.155778e+03 9.303886e+03 1.248128e+04 1.833203e+04  
2.903527e-02 5.102229e+03 9.206353e+03 1.234954e+04 1.813642e+04  
2.944000e-02 5.047958e+03 9.107529e+03 1.221608e+04 1.793831e+04  
2.985038e-02 4.993018e+03 9.007511e+03 1.208102e+04 1.773787e+04  
3.026648e-02 4.937465e+03 8.906398e+03 1.194451e+04 1.753531e+04  
3.068838e-02 4.881357e+03 8.804298e+03 1.180668e+04 1.733084e+04  
3.111616e-02 4.824762e+03 8.701332e+03 1.166770e+04 1.712471e+04  
3.154990e-02 4.767749e+03 8.597628e+03 1.152774e+04 1.691716e+04  
3.198969e-02 4.710396e+03 8.493325e+03 1.138699e+04 1.670848e+04  
3.243561e-02 4.652783e+03 8.388568e+03 1.124565e+04 1.649895e+04  
3.288774e-02 4.594974e+03 8.283476e+03 1.110387e+04 1.628882e+04  
3.334618e-02 4.537032e+03 8.178159e+03 1.096180e+04 1.607829e+04  
3.381101e-02 4.479021e+03 8.072735e+03 1.081960e+04 1.586760e+04  
3.428231e-02 4.421013e+03 7.967332e+03 1.067744e+04 1.565700e+04  
3.476019e-02 4.363084e+03 7.862090e+03 1.053552e+04 1.544678e+04  
3.524473e-02 4.305314e+03 7.757153e+03 1.039402e+04 1.523722e+04  
3.573602e-02 4.247789e+03 7.652674e+03 1.025315e+04 1.502861e+04  
3.623416e-02 4.190581e+03 7.548782e+03 1.011308e+04 1.482120e+04  
3.673925e-02 4.133754e+03 7.445596e+03 9.973971e+03 1.461526e+04  
3.725137e-02 4.077376e+03 7.343236e+03 9.835986e+03 1.441099e+04  
3.777064e-02 4.021518e+03 7.241829e+03 9.699293e+03 1.420866e+04  
3.829714e-02 3.966258e+03 7.141514e+03 9.564079e+03 1.400853e+04  
3.883098e-02 3.911675e+03 7.042437e+03 9.430541e+03 1.381090e+04  
3.937226e-02 3.857853e+03 6.944743e+03 9.298871e+03 1.361604e+04  
3.992109e-02 3.804848e+03 6.848536e+03 9.169206e+03 1.342416e+04  
4.047757e-02 3.752692e+03 6.753871e+03 9.041622e+03 1.323536e+04  
4.104181e-02 3.701415e+03 6.660803e+03 8.916192e+03 1.304977e+04  
4.161391e-02 3.651045e+03 6.569379e+03 8.792980e+03 1.286746e+04  
4.219398e-02 3.601611e+03 6.479653e+03 8.672054e+03 1.268854e+04  
4.278214e-02 3.553143e+03 6.391676e+03 8.553484e+03 1.251311e+04  
4.337850e-02 3.505668e+03 6.305499e+03 8.437341e+03 1.234127e+04  
4.398317e-02 3.459227e+03 6.221189e+03 8.323710e+03 1.217316e+04  
4.459628e-02 3.413874e+03 6.138845e+03 8.212723e+03 1.200895e+04  
4.521792e-02 3.369671e+03 6.058576e+03 8.104527e+03 1.184887e+04  
4.584824e-02 3.326678e+03 5.980490e+03 7.999263e+03 1.169312e+04  
4.648734e-02 3.284957e+03 5.904694e+03 7.897076e+03 1.154191e+04  
4.713535e-02 3.244575e+03 5.831303e+03 7.798115e+03 1.139547e+04  
4.779239e-02 3.205595e+03 5.760435e+03 7.702540e+03 1.125402e+04  
4.845859e-02 3.168022e+03 5.692091e+03 7.610352e+03 1.111756e+04  
4.913407e-02 3.131786e+03 5.626147e+03 7.521380e+03 1.098585e+04  
4.981898e-02 3.096807e+03 5.562456e+03 7.435429e+03 1.085859e+04  
5.051342e-02 3.062995e+03 5.500859e+03 7.352288e+03 1.073549e+04  
5.121755e-02 3.030247e+03 5.441169e+03 7.271707e+03 1.061618e+04  
5.193150e-02 2.998451e+03 5.383183e+03 7.193412e+03 1.050025e+04  
5.265540e-02 2.967507e+03 5.326725e+03 7.117169e+03 1.038737e+04  
5.338938e-02 2.937373e+03 5.271719e+03 7.042879e+03 1.027739e+04  
5.413360e-02 2.908006e+03 5.218086e+03 6.970434e+03 1.017017e+04  
5.488820e-02 2.879358e+03 5.165738e+03 6.899716e+03 1.006551e+04  
5.565331e-02 2.851376e+03 5.114581e+03 6.830599e+03 9.963244e+03  
5.642908e-02 2.824001e+03 5.064510e+03 6.762950e+03 9.863190e+03  
5.721568e-02 2.797148e+03 5.015375e+03 6.696560e+03 9.765031e+03  
5.801323e-02 2.770707e+03 4.966974e+03 6.631165e+03 9.668382e+03  
5.882190e-02 2.744552e+03 4.919087e+03 6.566471e+03 9.572820e+03  
5.964185e-02 2.718549e+03 4.871482e+03 6.502174e+03 9.477916e+03  
6.047322e-02 2.692551e+03 4.823891e+03 6.437914e+03 9.383131e+03  
6.131619e-02 2.666412e+03 4.776059e+03 6.373352e+03 9.287976e+03  
6.217090e-02 2.640031e+03 4.727807e+03 6.308254e+03 9.192114e+03  
6.303753e-02 2.613310e+03 4.678969e+03 6.242403e+03 9.095239e+03  
6.391624e-02 2.586141e+03 4.629352e+03 6.175539e+03 8.996962e+03  
6.480720e-02 2.558409e+03 4.578755e+03 6.107396e+03 8.896899e+03  
6.571058e-02 2.530001e+03 4.526980e+03 6.037717e+03 8.794677e+03  
6.662655e-02 2.500823e+03 4.473871e+03 5.966296e+03 8.690008e+03  
6.755528e-02 2.470782e+03 4.419261e+03 5.892912e+03 8.582555e+03  
6.849697e-02 2.439779e+03 4.362980e+03 5.817337e+03 8.471988e+03  
6.945178e-02 2.407709e+03 4.304849e+03 5.739342e+03 8.357977e+03  
7.041990e-02 2.374500e+03 4.244746e+03 5.658767e+03 8.240295e+03  
7.140151e-02 2.340125e+03 4.182628e+03 5.575552e+03 8.118839e+03  
7.239681e-02 2.304562e+03 4.118460e+03 5.489653e+03 7.993544e+03  
7.340598e-02 2.267790e+03 4.052211e+03 5.401034e+03 7.864364e+03  
7.442922e-02 2.229800e+03 3.983872e+03 5.309685e+03 7.731283e+03  
7.546673e-02 2.190636e+03 3.913521e+03 5.215708e+03 7.594435e+03  
7.651869e-02 2.150360e+03 3.841272e+03 5.119255e+03 7.454041e+03  
7.758532e-02 2.109043e+03 3.767254e+03 5.020503e+03 7.310364e+03  
7.866682e-02 2.066765e+03 3.691614e+03 4.919645e+03 7.163683e+03  
7.976339e-02 2.023651e+03 3.614571e+03 4.816971e+03 7.014405e+03  
8.087525e-02 1.979849e+03 3.536387e+03 4.712827e+03 6.863036e+03  
8.200261e-02 1.935521e+03 3.457351e+03 4.607603e+03 6.710153e+03  
8.314568e-02 1.890839e+03 3.377763e+03 4.501692e+03 6.556323e+03  
8.430468e-02 1.845976e+03 3.297926e+03 4.395495e+03 6.402119e+03  
8.547985e-02 1.801118e+03 3.218164e+03 4.289440e+03 6.248167e+03  
8.667139e-02 1.756464e+03 3.138834e+03 4.184003e+03 6.095175e+03  
8.787954e-02 1.712217e+03 3.060280e+03 4.079637e+03 5.943792e+03  
8.910453e-02 1.668566e+03 2.982834e+03 3.976779e+03 5.794650e+03  
9.034660e-02 1.625715e+03 2.906849e+03 3.875895e+03 5.648429e+03  
9.160598e-02 1.583876e+03 2.832699e+03 3.777483e+03 5.505874e+03  
9.288292e-02 1.543228e+03 2.760687e+03 3.681939e+03 5.367548e+03  
9.417766e-02 1.503939e+03 2.691100e+03 3.589641e+03 5.234000e+03  
9.549045e-02 1.466185e+03 2.624245e+03 3.500992e+03 5.105820e+03  
9.682153e-02 1.430151e+03 2.560444e+03 3.416423e+03 4.983657e+03  
9.817117e-02 1.395959e+03 2.499899e+03 3.336192e+03 4.867870e+03  
9.953962e-02 1.363684e+03 2.442733e+03 3.260460e+03 4.758697e+03  
1.009272e-01 1.333398e+03 2.389071e+03 3.189392e+03 4.656382e+03  
1.023340e-01 1.305172e+03 2.339033e+03 3.123147e+03 4.561175e+03  
1.037605e-01 1.278993e+03 2.292583e+03 3.061673e+03 4.472986e+03  
1.052069e-01 1.254789e+03 2.249595e+03 3.004800e+03 4.391573e+03  
1.066734e-01 1.232483e+03 2.209927e+03 2.952340e+03 4.316669e+03  
1.081604e-01 1.211972e+03 2.173402e+03 2.904062e+03 4.247948e+03  
1.096681e-01 1.193096e+03 2.139730e+03 2.859577e+03 4.184834e+03  
1.111968e-01 1.175663e+03 2.108577e+03 2.818441e+03 4.126683e+03  
1.127468e-01 1.159465e+03 2.079578e+03 2.780176e+03 4.072805e+03  
1.143184e-01 1.144277e+03 2.052347e+03 2.744273e+03 4.022462e+03  
1.159120e-01 1.129863e+03 2.026467e+03 2.710176e+03 3.974830e+03  
1.175277e-01 1.115964e+03 2.001492e+03 2.677294e+03 3.929044e+03  
1.191660e-01 1.102315e+03 1.976965e+03 2.645030e+03 3.884227e+03  
1.208271e-01 1.088675e+03 1.952475e+03 2.612837e+03 3.839576e+03  
1.225114e-01 1.074793e+03 1.927586e+03 2.580138e+03 3.794225e+03  
1.242191e-01 1.060411e+03 1.901859e+03 2.546349e+03 3.747301e+03  
1.259506e-01 1.045332e+03 1.874959e+03 2.511031e+03 3.698153e+03  
1.277063e-01 1.029375e+03 1.846581e+03 2.473781e+03 3.646168e+03  
1.294865e-01 1.012361e+03 1.816419e+03 2.434185e+03 3.590710e+03  
1.312915e-01 9.942112e+02 1.784340e+03 2.392068e+03 3.531503e+03  
1.331216e-01 9.749046e+02 1.750319e+03 2.347397e+03 3.468491e+03  
1.349772e-01 9.544316e+02 1.714339e+03 2.300148e+03 3.401617e+03  
1.368587e-01 9.328816e+02 1.676556e+03 2.250521e+03 3.331161e+03  
1.387665e-01 9.103999e+02 1.637221e+03 2.198847e+03 3.257604e+03  
1.407008e-01 8.871525e+02 1.596624e+03 2.145514e+03 3.181526e+03  
1.426621e-01 8.633480e+02 1.555119e+03 2.090986e+03 3.103606e+03  
1.446507e-01 8.392218e+02 1.513108e+03 2.035792e+03 3.024629e+03  
1.466671e-01 8.150216e+02 1.471014e+03 1.980492e+03 2.945425e+03  
1.487115e-01 7.909978e+02 1.429267e+03 1.925660e+03 2.866866e+03  
1.507845e-01 7.674149e+02 1.388314e+03 1.871881e+03 2.789817e+03  
1.528864e-01 7.445327e+02 1.348594e+03 1.819736e+03 2.715146e+03  
1.550175e-01 7.226090e+02 1.310543e+03 1.769802e+03 2.643719e+03  
1.571784e-01 7.018974e+02 1.274596e+03 1.722658e+03 2.576413e+03  
1.593694e-01 6.825763e+02 1.241048e+03 1.678687e+03 2.513797e+03  
1.615909e-01 6.648095e+02 1.210171e+03 1.638253e+03 2.456417e+03  
1.638434e-01 6.486616e+02 1.182073e+03 1.601494e+03 2.404489e+03  
1.661273e-01 6.341061e+02 1.156708e+03 1.568356e+03 2.357947e+03  
1.684430e-01 6.210656e+02 1.133936e+03 1.538648e+03 2.316507e+03  
1.707910e-01 6.093615e+02 1.113448e+03 1.511965e+03 2.279570e+03  
1.731717e-01 5.987831e+02 1.094887e+03 1.487832e+03 2.246436e+03  
1.755856e-01 5.890910e+02 1.077845e+03 1.465717e+03 2.216319e+03  
1.780332e-01 5.800225e+02 1.061874e+03 1.445021e+03 2.188315e+03  
1.805149e-01 5.713292e+02 1.046549e+03 1.425184e+03 2.161586e+03  
1.830312e-01 5.627673e+02 1.031462e+03 1.405664e+03 2.135311e+03  
1.855825e-01 5.540996e+02 1.016212e+03 1.385930e+03 2.108691e+03  
1.881694e-01 5.450954e+02 1.000408e+03 1.365459e+03 2.080915e+03  
1.907924e-01 5.355500e+02 9.837047e+02 1.343792e+03 2.051275e+03  
1.934520e-01 5.253007e+02 9.658314e+02 1.320565e+03 2.019209e+03  
1.961486e-01 5.142538e+02 9.466330e+02 1.295572e+03 1.984389e+03  
1.988828e-01 5.024248e+02 9.261344e+02 1.268840e+03 1.946842e+03  
2.016551e-01 4.899036e+02 9.044889e+02 1.240572e+03 1.906866e+03  
2.044661e-01 4.768778e+02 8.820156e+02 1.211192e+03 1.865108e+03  
2.073162e-01 4.635678e+02 8.590863e+02 1.181195e+03 1.822323e+03  
2.102061e-01 4.502231e+02 8.361188e+02 1.151134e+03 1.779355e+03  
2.131362e-01 4.370823e+02 8.135141e+02 1.121544e+03 1.737023e+03  
2.161073e-01 4.243700e+02 7.916510e+02 1.092929e+03 1.696106e+03  
2.191197e-01 4.122711e+02 7.708377e+02 1.065699e+03 1.657231e+03  
2.221741e-01 4.009411e+02 7.513319e+02 1.040196e+03 1.620924e+03  
2.252711e-01 3.904887e+02 7.333142e+02 1.016661e+03 1.587555e+03  
2.284112e-01 3.809774e+02 7.168904e+02 9.952356e+02 1.557350e+03  
2.315951e-01 3.723875e+02 7.020243e+02 9.758715e+02 1.530239e+03  
2.348235e-01 3.646368e+02 6.885744e+02 9.583811e+02 1.505939e+03  
2.380968e-01 3.575804e+02 6.762966e+02 9.424406e+02 1.483960e+03  
2.414157e-01 3.510309e+02 6.648779e+02 9.276355e+02 1.463672e+03  
2.447809e-01 3.447764e+02 6.539611e+02 9.134898e+02 1.444344e+03  
2.481930e-01 3.386032e+02 6.431878e+02 8.995256e+02 1.425240e+03  
2.516527e-01 3.323228e+02 6.322426e+02 8.853215e+02 1.405706e+03  
2.551606e-01 3.257840e+02 6.208756e+02 8.705438e+02 1.385223e+03  
2.587174e-01 3.188975e+02 6.089360e+02 8.549890e+02 1.363470e+03  
2.623238e-01 3.116412e+02 5.963873e+02 8.386071e+02 1.340365e+03  
2.659804e-01 3.040619e+02 5.833081e+02 8.215025e+02 1.316067e+03  
2.696881e-01 2.962715e+02 5.698882e+02 8.039283e+02 1.290967e+03  
2.734474e-01 2.884091e+02 5.563572e+02 7.861915e+02 1.265544e+03  
2.772591e-01 2.806297e+02 5.429737e+02 7.686379e+02 1.240336e+03  
2.811239e-01 2.730911e+02 5.300004e+02 7.516185e+02 1.215890e+03  
2.850426e-01 2.659227e+02 5.176531e+02 7.354219e+02 1.192655e+03  
2.890160e-01 2.592150e+02 5.060798e+02 7.202461e+02 1.170943e+03  
2.930447e-01 2.530146e+02 4.953566e+02 7.061930e+02 1.150913e+03  
2.971296e-01 2.473090e+02 4.854618e+02 6.932337e+02 1.132522e+03  
3.012714e-01 2.420356e+02 4.762908e+02 6.812288e+02 1.115555e+03  
3.054710e-01 2.370912e+02 4.676704e+02 6.699476e+02 1.099656e+03  
3.097291e-01 2.323495e+02 4.593906e+02 6.591097e+02 1.084393e+03  
3.140465e-01 2.276822e+02 4.512381e+02 6.484296e+02 1.069319e+03  
3.184242e-01 2.229828e+02 4.430369e+02 6.376714e+02 1.054065e+03  
3.228628e-01 2.181843e+02 4.346752e+02 6.266860e+02 1.038401e+03  
3.273634e-01 2.132635e+02 4.261149e+02 6.154222e+02 1.022247e+03  
3.319266e-01 2.082388e+02 4.173871e+02 6.039211e+02 1.005665e+03  
3.365535e-01 2.031699e+02 4.085907e+02 5.923152e+02 9.888636e+02  
3.412449e-01 1.981366e+02 3.998577e+02 5.807821e+02 9.721238e+02  
3.460016e-01 1.932345e+02 3.913457e+02 5.695333e+02 9.557775e+02  
3.508247e-01 1.885453e+02 3.831897e+02 5.587485e+02 9.401036e+02  
3.557150e-01 1.841095e+02 3.754556e+02 5.485163e+02 9.252418e+02  
3.606735e-01 1.799307e+02 3.681486e+02 5.388445e+02 9.112071e+02  
3.657011e-01 1.759870e+02 3.612317e+02 5.296834e+02 8.979231e+02  
3.707988e-01 1.722350e+02 3.546332e+02 5.209364e+02 8.852360e+02  
3.759675e-01 1.686176e+02 3.482583e+02 5.124773e+02 8.729517e+02  
3.812083e-01 1.650666e+02 3.419948e+02 5.041565e+02 8.608396e+02  
3.865221e-01 1.615246e+02 3.357480e+02 4.958478e+02 8.487038e+02  
3.919100e-01 1.579676e+02 3.294786e+02 4.874973e+02 8.364568e+02  
3.973730e-01 1.544054e+02 3.232029e+02 4.791281e+02 8.241394e+02  
4.029122e-01 1.508663e+02 3.169675e+02 4.708032e+02 8.118524e+02  
4.085286e-01 1.473855e+02 3.108300e+02 4.625998e+02 7.997173e+02  
4.142232e-01 1.440017e+02 3.048535e+02 4.546009e+02 7.878591e+02  
4.199973e-01 1.407495e+02 2.990945e+02 4.468836e+02 7.764026e+02  
4.258518e-01 1.376410e+02 2.935725e+02 4.394739e+02 7.653895e+02  
4.317880e-01 1.346652e+02 2.882691e+02 4.323476e+02 7.547822e+02  
4.378069e-01 1.317962e+02 2.831411e+02 4.254450e+02 7.444829e+02  
4.439097e-01 1.290090e+02 2.781479e+02 4.187139e+02 7.344171e+02  
4.500975e-01 1.262753e+02 2.732435e+02 4.120932e+02 7.244903e+02  
4.563716e-01 1.235740e+02 2.683933e+02 4.055369e+02 7.146333e+02  
4.627332e-01 1.208990e+02 2.635867e+02 3.990295e+02 7.048184e+02  
4.691835e-01 1.182636e+02 2.588463e+02 3.926031e+02 6.951006e+02  
4.757236e-01 1.156835e+02 2.541974e+02 3.862917e+02 6.855336e+02  
4.823549e-01 1.131727e+02 2.496625e+02 3.801248e+02 6.761625e+02  
4.890787e-01 1.107461e+02 2.452648e+02 3.741324e+02 6.670300e+02  
4.958962e-01 1.084024e+02 2.410029e+02 3.683139e+02 6.581404e+02  
5.028087e-01 1.061320e+02 2.368610e+02 3.626486e+02 6.494617e+02  
5.098176e-01 1.039225e+02 2.328186e+02 3.571088e+02 6.409508e+02  
5.169242e-01 1.017641e+02 2.288593e+02 3.516719e+02 6.325716e+02  
5.241298e-01 9.964467e+01 2.249643e+02 3.463149e+02 6.242934e+02  
5.314359e-01 9.756178e+01 2.211297e+02 3.410326e+02 6.161093e+02  
5.388438e-01 9.552447e+01 2.173696e+02 3.358431e+02 6.080453e+02  
5.463550e-01 9.353660e+01 2.136898e+02 3.307539e+02 6.001124e+02  
5.539709e-01 9.160106e+01 2.100956e+02 3.257730e+02 5.923260e+02  
5.616930e-01 8.972250e+01 2.065942e+02 3.209101e+02 5.847005e+02  
5.695227e-01 8.789602e+01 2.031771e+02 3.161530e+02 5.772160e+02  
5.774615e-01 8.611400e+01 1.998320e+02 3.114859e+02 5.698490e+02  
5.855110e-01 8.437453e+01 1.965564e+02 3.069062e+02 5.625984e+02  
5.936727e-01 8.267203e+01 1.933414e+02 3.024024e+02 5.554473e+02  
6.019482e-01 8.100576e+01 1.901850e+02 2.979712e+02 5.483888e+02  
6.103390e-01 7.938019e+01 1.870945e+02 2.936224e+02 5.414391e+02  
6.188468e-01 7.779278e+01 1.840663e+02 2.893521e+02 5.345937e+02  
6.274732e-01 7.624575e+01 1.811039e+02 2.851647e+02 5.278602e+02  
6.362198e-01 7.473851e+01 1.782053e+02 2.810568e+02 5.212299e+02  
6.450884e-01 7.326908e+01 1.753678e+02 2.770256e+02 5.147008e+02  
6.540806e-01 7.183488e+01 1.725878e+02 2.730667e+02 5.082681e+02  
6.631981e-01 7.043204e+01 1.698589e+02 2.691720e+02 5.019204e+02  
6.724427e-01 6.906057e+01 1.671804e+02 2.653395e+02 4.956523e+02  
6.818162e-01 6.772089e+01 1.645534e+02 2.615718e+02 4.894699e+02  
6.913204e-01 6.641339e+01 1.619789e+02 2.578701e+02 4.833753e+02  
7.009570e-01 6.513755e+01 1.594557e+02 2.542331e+02 4.773670e+02  
7.107280e-01 6.389221e+01 1.569812e+02 2.506563e+02 4.714362e+02  
7.206351e-01 6.267582e+01 1.545538e+02 2.471387e+02 4.655838e+02  
7.306804e-01 6.148700e+01 1.521713e+02 2.436777e+02 4.598066e+02  
7.408657e-01 6.032520e+01 1.498329e+02 2.402721e+02 4.541027e+02  
7.511929e-01 5.919004e+01 1.475369e+02 2.369189e+02 4.484664e+02  
7.616642e-01 5.808093e+01 1.452834e+02 2.336194e+02 4.429012e+02  
7.722814e-01 5.699726e+01 1.430714e+02 2.303721e+02 4.374054e+02  
7.830465e-01 5.593832e+01 1.408995e+02 2.271753e+02 4.319764e+02  
7.939618e-01 5.490334e+01 1.387660e+02 2.240261e+02 4.266089e+02  
8.050292e-01 5.389139e+01 1.366701e+02 2.209244e+02 4.213045e+02  
8.162509e-01 5.290190e+01 1.346110e+02 2.178691e+02 4.160616e+02  
8.276289e-01 5.193441e+01 1.325876e+02 2.148588e+02 4.108781e+02  
8.391656e-01 5.098836e+01 1.305987e+02 2.118916e+02 4.057506e+02  
8.508632e-01 5.006316e+01 1.286440e+02 2.089675e+02 4.006805e+02  
8.627237e-01 4.915833e+01 1.267228e+02 2.060857e+02 3.956665e+02  
8.747496e-01 4.827334e+01 1.248337e+02 2.032446e+02 3.907059e+02  
8.869432e-01 4.740755e+01 1.229758e+02 2.004424e+02 3.857966e+02  
8.993067e-01 4.656047e+01 1.211487e+02 1.976794e+02 3.809391e+02  
9.118425e-01 4.573163e+01 1.193516e+02 1.949544e+02 3.761323e+02  
9.245531e-01 4.492051e+01 1.175835e+02 1.922661e+02 3.713737e+02  
9.374409e-01 4.412656e+01 1.158433e+02 1.896131e+02 3.666618e+02  
9.505083e-01 4.334940e+01 1.141311e+02 1.869955e+02 3.619971e+02  
9.637579e-01 4.258862e+01 1.124459e+02 1.844126e+02 3.573784e+02  
9.771921e-01 4.184371e+01 1.107868e+02 1.818627e+02 3.528036e+02  
9.908137e-01 4.111426e+01 1.091532e+02 1.793453e+02 3.482717e+02  
1.004625e+00 4.039999e+01 1.075448e+02 1.768600e+02 3.437830e+02  
1.018629e+00 3.970025e+01 1.059608e+02 1.744062e+02 3.393363e+02  
1.032828e+00 3.901466e+01 1.044003e+02 1.719823e+02 3.349294e+02  
1.047225e+00 3.834287e+01 1.028628e+02 1.695880e+02 3.305622e+02  
1.061823e+00 3.768464e+01 1.013482e+02 1.672232e+02 3.262347e+02  
1.076624e+00 3.703960e+01 9.985587e+01 1.648872e+02 3.219459e+02  
1.091632e+00 3.640736e+01 9.838489e+01 1.625787e+02 3.176940e+02  
1.106848e+00 3.578764e+01 9.693510e+01 1.602976e+02 3.134792e+02  
1.122277e+00 3.518011e+01 9.550610e+01 1.580436e+02 3.093011e+02  
1.137921e+00 3.458438e+01 9.409733e+01 1.558159e+02 3.051589e+02  
1.153783e+00 3.400008e+01 9.270788e+01 1.536134e+02 3.010509e+02  
1.169866e+00 3.342702e+01 9.133779e+01 1.514363e+02 2.969776e+02  
1.186174e+00 3.286495e+01 8.998673e+01 1.492842e+02 2.929386e+02  
1.202708e+00 3.231358e+01 8.865424e+01 1.471566e+02 2.889332e+02  
1.219473e+00 3.177257e+01 8.733953e+01 1.450523e+02 2.849602e+02  
1.236472e+00 3.124173e+01 8.604263e+01 1.429717e+02 2.810199e+02  
1.253708e+00 3.072076e+01 8.476312e+01 1.409143e+02 2.771118e+02  
1.271184e+00 3.020936e+01 8.350056e+01 1.388794e+02 2.732354e+02  
1.288904e+00 2.970727e+01 8.225434e+01 1.368664e+02 2.693899e+02  
1.306870e+00 2.921434e+01 8.102449e+01 1.348755e+02 2.655754e+02  
1.325087e+00 2.873092e+01 7.981067e+01 1.329062e+02 2.617916e+02  
1.343558e+00 2.825499e+01 7.861251e+01 1.309580e+02 2.580381e+02  
1.362287e+00 2.778810e+01 7.742953e+01 1.290305e+02 2.543144e+02  
1.381276e+00 2.732951e+01 7.626171e+01 1.271237e+02 2.506205e+02  
1.400531e+00 2.687898e+01 7.510873e+01 1.252372e+02 2.469562e+02  
1.420053e+00 2.643633e+01 7.397025e+01 1.233707e+02 2.433211e+02  
1.439848e+00 2.600134e+01 7.284593e+01 1.215237e+02 2.397150e+02  
1.459919e+00 2.557386e+01 7.173568e+01 1.196963e+02 2.361379e+02  
1.480269e+00 2.515372e+01 7.063926e+01 1.178881e+02 2.325896e+02  
1.500903e+00 2.474071e+01 6.955634e+01 1.160988e+02 2.290699e+02  
1.521825e+00 2.433465e+01 6.848666e+01 1.143282e+02 2.255786e+02  
1.543038e+00 2.393541e+01 6.743010e+01 1.125760e+02 2.221157e+02  
1.564548e+00 2.354283e+01 6.638648e+01 1.108423e+02 2.186812e+02  
1.586357e+00 2.315675e+01 6.535550e+01 1.091265e+02 2.152750e+02  
1.608469e+00 2.277701e+01 6.433698e+01 1.074286e+02 2.118970e+02  
1.630891e+00 2.240350e+01 6.333081e+01 1.057485e+02 2.085472e+02  
1.653624e+00 2.203610e+01 6.233682e+01 1.040860e+02 2.052257e+02  
1.676675e+00 2.167460e+01 6.135473e+01 1.024407e+02 2.019323e+02  
1.700047e+00 2.131889e+01 6.038438e+01 1.008127e+02 1.986672e+02  
1.723745e+00 2.096885e+01 5.942567e+01 9.920171e+01 1.954304e+02  
1.747773e+00 2.062439e+01 5.847847e+01 9.760769e+01 1.922219e+02  
1.772136e+00 2.028532e+01 5.754251e+01 9.603037e+01 1.890418e+02  
1.796838e+00 1.995157e+01 5.661772e+01 9.446970e+01 1.858902e+02  
1.821885e+00 1.962305e+01 5.570399e+01 9.292558e+01 1.827671e+02  
1.847281e+00 1.929965e+01 5.480120e+01 9.139789e+01 1.796728e+02  
1.873032e+00 1.898122e+01 5.390911e+01 8.988643e+01 1.766071e+02  
1.899141e+00 1.866769e+01 5.302768e+01 8.839116e+01 1.735704e+02  
1.925614e+00 1.835898e+01 5.215679e+01 8.691199e+01 1.705627e+02  
1.952456e+00 1.805498e+01 5.129633e+01 8.544882e+01 1.675841e+02  
1.979672e+00 1.775553e+01 5.044608e+01 8.400148e+01 1.646348e+02  
2.007267e+00 1.746060e+01 4.960602e+01 8.256994e+01 1.617150e+02  
2.035248e+00 1.717012e+01 4.877605e+01 8.115413e+01 1.588247e+02  
2.063618e+00 1.688398e+01 4.795606e+01 7.975397e+01 1.559641e+02  
2.092383e+00 1.660207e+01 4.714589e+01 7.836932e+01 1.531334e+02  
2.121550e+00 1.632436e+01 4.634551e+01 7.700018e+01 1.503327e+02  
2.151123e+00 1.605076e+01 4.555483e+01 7.564647e+01 1.475622e+02  
2.181109e+00 1.578120e+01 4.477374e+01 7.430812e+01 1.448220e+02  
2.211512e+00 1.551557e+01 4.400213e+01 7.298504e+01 1.421117e+02  
2.242340e+00 1.525384e+01 4.323994e+01 7.167720e+01 1.394326e+02  
2.273597e+00 1.499594e+01 4.248710e+01 7.038454e+01 1.367844e+02  
2.305289e+00 1.474179e+01 4.174350e+01 6.910701e+01 1.341671e+02  
2.337424e+00 1.449130e+01 4.100907e+01 6.784455e+01 1.315808e+02  
2.370006e+00 1.424431e+01 4.028375e+01 6.659711e+01 1.290257e+02  
2.403043e+00 1.400103e+01 3.956746e+01 6.536466e+01 1.265019e+02  
2.436540e+00 1.376126e+01 3.886013e+01 6.414714e+01 1.240095e+02  
2.470504e+00 1.352493e+01 3.816167e+01 6.294451e+01 1.215493e+02  
2.504942e+00 1.329200e+01 3.747203e+01 6.175674e+01 1.191201e+02  
2.539859e+00 1.306242e+01 3.679116e+01 6.058377e+01 1.167226e+02  
2.575263e+00 1.283612e+01 3.611897e+01 5.942557e+01 1.143569e+02  
2.611161e+00 1.261306e+01 3.545540e+01 5.828210e+01 1.120231e+02  
2.647559e+00 1.239319e+01 3.480039e+01 5.715332e+01 1.097211e+02  
2.684465e+00 1.217647e+01 3.415390e+01 5.603920e+01 1.074512e+02  
2.721885e+00 1.196284e+01 3.351584e+01 5.493970e+01 1.052131e+02  
2.759826e+00 1.175225e+01 3.288617e+01 5.385477e+01 1.030071e+02  
2.798297e+00 1.154468e+01 3.226482e+01 5.278438e+01 1.008332e+02  
2.837304e+00 1.134007e+01 3.165176e+01 5.172850e+01 9.869116e+01  
2.876854e+00 1.113838e+01 3.104738e+01 5.068707e+01 9.658114e+01  
2.916956e+00 1.093958e+01 3.045070e+01 4.966007e+01 9.450306e+01  
2.957617e+00 1.074362e+01 2.986212e+01 4.864745e+01 9.245688e+01  
2.998844e+00 1.055047e+01 2.928161e+01 4.764918e+01 9.044253e+01  
3.040646e+00 1.036008e+01 2.870910e+01 4.666519e+01 8.845994e+01  
3.083031e+00 1.017242e+01 2.814454e+01 4.569546e+01 8.650903e+01  
3.126007e+00 9.987620e+00 2.758790e+01 4.473993e+01 8.458968e+01  
3.169582e+00 9.805328e+00 2.703910e+01 4.379855e+01 8.270146e+01  
3.213764e+00 9.625654e+00 2.649811e+01 4.287128e+01 8.084481e+01  
3.258562e+00 9.448580e+00 2.596488e+01 4.195805e+01 7.901944e+01  
3.303985e+00 9.274072e+00 2.543935e+01 4.105882e+01 7.722511e+01  
3.350041e+00 9.102099e+00 2.492149e+01 4.017352e+01 7.546206e+01  
3.396739e+00 8.932619e+00 2.441123e+01 3.930209e+01 7.372929e+01  
3.444087e+00 8.765612e+00 2.390853e+01 3.844447e+01 7.202703e+01  
3.492096e+00 8.601049e+00 2.341334e+01 3.760059e+01 7.035508e+01  
3.540774e+00 8.438902e+00 2.292562e+01 3.677038e+01 6.871323e+01  
3.590130e+00 8.279134e+00 2.244532e+01 3.595378e+01 6.710126e+01  
3.640175e+00 8.121726e+00 2.197238e+01 3.515069e+01 6.551894e+01  
3.690917e+00 7.966651e+00 2.150676e+01 3.436105e+01 6.396603e+01  
3.742366e+00 7.813880e+00 2.104842e+01 3.358649e+01 6.244228e+01  
3.794533e+00 7.663382e+00 2.059729e+01 3.282350e+01 6.094743e+01  
3.847427e+00 7.515139e+00 2.015333e+01 3.207369e+01 5.948122e+01  
3.901058e+00 7.369124e+00 1.971650e+01 3.133698e+01 5.804337e+01  
3.955436e+00 7.225312e+00 1.928674e+01 3.061323e+01 5.663360e+01  
4.010573e+00 7.083676e+00 1.886399e+01 2.990244e+01 5.525162e+01  
4.066478e+00 6.944195e+00 1.844822e+01 2.920443e+01 5.389713e+01  
4.123163e+00 6.806846e+00 1.803936e+01 2.851911e+01 5.256983e+01  
4.180637e+00 6.671603e+00 1.763737e+01 2.784639e+01 5.126941e+01  
4.238913e+00 6.538443e+00 1.724219e+01 2.718614e+01 4.999555e+01  
4.298001e+00 6.407346e+00 1.685377e+01 2.653825e+01 4.874794e+01  
4.357913e+00 6.278290e+00 1.647205e+01 2.590262e+01 4.752625e+01  
4.418660e+00 6.151250e+00 1.609698e+01 2.527912e+01 4.633016e+01  
4.480254e+00 6.026206e+00 1.572828e+01 2.466763e+01 4.515931e+01  
4.542706e+00 5.903137e+00 1.536635e+01 2.406803e+01 4.401340e+01  
4.606029e+00 5.782021e+00 1.501091e+01 2.348019e+01 4.289206e+01  
4.670234e+00 5.662837e+00 1.466204e+01 2.290398e+01 4.179496e+01  
4.735335e+00 5.545564e+00 1.431935e+01 2.233927e+01 4.072509e+01  
4.801343e+00 5.430182e+00 1.398297e+01 2.178594e+01 3.967563e+01  
4.868271e+00 5.316671e+00 1.365282e+01 2.124384e+01 3.864914e+01  
4.936132e+00 5.205009e+00 1.332885e+01 2.071285e+01 3.764550e+01  
5.004939e+00 5.095178e+00 1.301099e+01 2.019281e+01 3.666435e+01  
5.074705e+00 4.987157e+00 1.269919e+01 1.968215e+01 3.570533e+01  
5.145444e+00 4.880927e+00 1.239337e+01 1.918365e+01 3.476809e+01  
5.217169e+00 4.776468e+00 1.209348e+01 1.869569e+01 3.385228e+01  
5.289893e+00 4.673760e+00 1.179944e+01 1.821814e+01 3.295754e+01  
5.363631e+00 4.572694e+00 1.151119e+01 1.775084e+01 3.208352e+01  
5.438397e+00 4.473526e+00 1.122867e+01 1.729497e+01 3.122987e+01  
5.514206e+00 4.375959e+00 1.095180e+01 1.684772e+01 3.039623e+01  
5.591071e+00 4.280068e+00 1.068053e+01 1.641030e+01 2.958225e+01  
5.669007e+00 4.185835e+00 1.041477e+01 1.598254e+01 2.878758e+01  
5.748030e+00 4.093235e+00 1.015446e+01 1.556431e+01 2.801187e+01  
5.828155e+00 4.002260e+00 9.899525e+00 1.515547e+01 2.725478e+01  
5.909396e+00 3.912887e+00 9.649904e+00 1.475585e+01 2.651287e+01  
5.991770e+00 3.825097e+00 9.405521e+00 1.436532e+01 2.579207e+01  
6.075292e+00 3.738873e+00 9.166305e+00 1.398373e+01 2.508875e+01  
6.159978e+00 3.654196e+00 8.932184e+00 1.361092e+01 2.440273e+01  
6.245845e+00 3.571049e+00 8.703086e+00 1.324676e+01 2.373362e+01  
6.332908e+00 3.489413e+00 8.478941e+00 1.289110e+01 2.308094e+01  
6.421186e+00 3.409270e+00 8.259674e+00 1.254379e+01 2.244467e+01  
6.510694e+00 3.330604e+00 8.045214e+00 1.220453e+01 2.182431e+01  
6.601449e+00 3.253395e+00 7.835487e+00 1.187363e+01 2.121956e+01  
6.693470e+00 3.177628e+00 7.630624e+00 1.154964e+01 2.063008e+01  
6.786773e+00 3.103283e+00 7.430153e+00 1.123431e+01 2.005556e+01  
6.881377e+00 3.030344e+00 7.234196e+00 1.092659e+01 1.949827e+01  
6.977300e+00 2.958794e+00 7.042682e+00 1.062636e+01 1.895269e+01  
7.074559e+00 2.888614e+00 6.855539e+00 1.033347e+01 1.842127e+01  
7.173175e+00 2.819789e+00 6.672694e+00 1.004779e+01 1.790345e+01  
7.273165e+00 2.752299e+00 6.494074e+00 9.769172e+00 1.739894e+01  
7.374549e+00 2.686130e+00 6.319395e+00 9.497475e+00 1.690769e+01  
7.477346e+00 2.621262e+00 6.149012e+00 9.233117e+00 1.642927e+01  
7.581576e+00 2.557680e+00 5.982637e+00 8.974843e+00 1.596342e+01  
7.687260e+00 2.495366e+00 5.820205e+00 8.723091e+00 1.550984e+01  
7.794416e+00 2.434304e+00 5.661643e+00 8.477724e+00 1.506825e+01  
7.903066e+00 2.374525e+00 5.506881e+00 8.238611e+00 1.463623e+01  
8.013230e+00 2.315865e+00 5.355849e+00 8.005708e+00 1.421785e+01  
8.124930e+00 2.258456e+00 5.208476e+00 7.778629e+00 1.381275e+01  
8.238187e+00 2.202230e+00 5.064769e+00 7.557585e+00 1.341647e+01  
8.353023e+00 2.147172e+00 4.924511e+00 7.342201e+00 1.303084e+01  
8.469460e+00 2.093265e+00 4.787708e+00 7.132437e+00 1.265570e+01  
8.587519e+00 2.040499e+00 4.654294e+00 6.928166e+00 1.229059e+01  
8.707225e+00 1.988843e+00 4.524132e+00 6.729272e+00 1.193547e+01  
8.828599e+00 1.938288e+00 4.397285e+00 6.535635e+00 1.159004e+01  
8.951665e+00 1.888817e+00 4.273650e+00 6.347136e+00 1.125405e+01  
9.076446e+00 1.840414e+00 4.153130e+00 6.163661e+00 1.092729e+01  
9.202967e+00 1.793064e+00 4.035738e+00 5.985090e+00 1.060891e+01  
9.331251e+00 1.746827e+00 3.921203e+00 5.811324e+00 1.029992e+01  
9.461324e+00 1.701533e+00 3.809681e+00 5.642241e+00 9.999791e+00  
9.593209e+00 1.657159e+00 3.701033e+00 5.477598e+00 9.707682e+00  
9.726934e+00 1.613848e+00 3.595198e+00 5.317548e+00 9.423698e+00  
9.862522e+00 1.571513e+00 3.492211e+00 5.161876e+00 9.147860e+00  
1.000000e+01 1.530133e+00 3.391819e+00 5.010587e+00 8.879286e+00  
