1.000000e-02 5.174389e+03 9.386595e+03 1.264218e+04 1.869303e+04  
1.013939e-02 5.202866e+03 9.437995e+03 1.271116e+04 1.879444e+04  
1.028073e-02 5.230904e+03 9.488589e+03 1.277905e+04 1.889422e+04  
1.042404e-02 5.258483e+03 9.538345e+03 1.284580e+04 1.899231e+04  
1.056935e-02 5.285587e+03 9.587230e+03 1.291138e+04 1.908863e+04  
1.071668e-02 5.312196e+03 9.635211e+03 1.297572e+04 1.918313e+04  
1.086606e-02 5.338293e+03 9.682255e+03 1.303880e+04 1.927574e+04  
1.101753e-02 5.363859e+03 9.728327e+03 1.310057e+04 1.936638e+04  
1.117111e-02 5.388875e+03 9.773394e+03 1.316097e+04 1.945499e+04  
1.132683e-02 5.413321e+03 9.817419e+03 1.321996e+04 1.954150e+04  
1.148472e-02 5.437178e+03 9.860367e+03 1.327749e+04 1.962583e+04  
1.164481e-02 5.460427e+03 9.902204e+03 1.333352e+04 1.970792e+04  
1.180713e-02 5.483048e+03 9.942894e+03 1.338800e+04 1.978771e+04  
1.197171e-02 5.505022e+03 9.982402e+03 1.344088e+04 1.986511e+04  
1.213859e-02 5.526330e+03 1.002069e+04 1.349211e+04 1.994005e+04  
1.230780e-02 5.546950e+03 1.005773e+04 1.354164e+04 2.001247e+04  
1.247936e-02 5.566862e+03 1.009347e+04 1.358942e+04 2.008228e+04  
1.265332e-02 5.586045e+03 1.012788e+04 1.363540e+04 2.014942e+04  
1.282970e-02 5.604479e+03 1.016092e+04 1.367953e+04 2.021380e+04  
1.300854e-02 5.622143e+03 1.019256e+04 1.372176e+04 2.027534e+04  
1.318987e-02 5.639017e+03 1.022276e+04 1.376205e+04 2.033400e+04  
1.337373e-02 5.655080e+03 1.025148e+04 1.380033e+04 2.038968e+04  
1.356015e-02 5.670312e+03 1.027868e+04 1.383656e+04 2.044230e+04  
1.374917e-02 5.684693e+03 1.030432e+04 1.387069e+04 2.049181e+04  
1.394083e-02 5.698202e+03 1.032838e+04 1.390267e+04 2.053812e+04  
1.413516e-02 5.710819e+03 1.035081e+04 1.393246e+04 2.058117e+04  
1.433219e-02 5.722527e+03 1.037158e+04 1.396000e+04 2.062088e+04  
1.453198e-02 5.733305e+03 1.039066e+04 1.398526e+04 2.065719e+04  
1.473454e-02 5.743134e+03 1.040801e+04 1.400817e+04 2.069003e+04  
1.493993e-02 5.751995e+03 1.042359e+04 1.402870e+04 2.071932e+04  
1.514819e-02 5.759865e+03 1.043737e+04 1.404679e+04 2.074499e+04  
1.535935e-02 5.766723e+03 1.044930e+04 1.406239e+04 2.076697e+04  
1.557345e-02 5.772549e+03 1.045936e+04 1.407546e+04 2.078517e+04  
1.579053e-02 5.777324e+03 1.046749e+04 1.408593e+04 2.079953e+04  
1.601064e-02 5.781028e+03 1.047368e+04 1.409377e+04 2.080998e+04  
1.623382e-02 5.783642e+03 1.047788e+04 1.409893e+04 2.081646e+04  
1.646012e-02 5.785150e+03 1.048007e+04 1.410137e+04 2.081890e+04  
1.668956e-02 5.785532e+03 1.048021e+04 1.410105e+04 2.081724e+04  
1.692220e-02 5.784774e+03 1.047827e+04 1.409792e+04 2.081142e+04  
1.715809e-02 5.782859e+03 1.047423e+04 1.409195e+04 2.080139e+04  
1.739726e-02 5.779774e+03 1.046806e+04 1.408311e+04 2.078709e+04  
1.763977e-02 5.775505e+03 1.045973e+04 1.407136e+04 2.076849e+04  
1.788566e-02 5.770041e+03 1.044923e+04 1.405667e+04 2.074553e+04  
1.813498e-02 5.763368e+03 1.043653e+04 1.403902e+04 2.071819e+04  
1.838777e-02 5.755472e+03 1.042160e+04 1.401837e+04 2.068639e+04  
1.864409e-02 5.746340e+03 1.040443e+04 1.399469e+04 2.065010e+04  
1.890397e-02 5.735960e+03 1.038499e+04 1.396794e+04 2.060928e+04  
1.916748e-02 5.724321e+03 1.036326e+04 1.393812e+04 2.056390e+04  
1.943467e-02 5.711416e+03 1.033923e+04 1.390519e+04 2.051391e+04  
1.970558e-02 5.697238e+03 1.031289e+04 1.386913e+04 2.045931e+04  
1.998026e-02 5.681780e+03 1.028422e+04 1.382995e+04 2.040007e+04  
2.025878e-02 5.665038e+03 1.025322e+04 1.378762e+04 2.033618e+04  
2.054117e-02 5.647006e+03 1.021987e+04 1.374214e+04 2.026762e+04  
2.082751e-02 5.627684e+03 1.018419e+04 1.369350e+04 2.019439e+04  
2.111783e-02 5.607072e+03 1.014616e+04 1.364170e+04 2.011649e+04  
2.141220e-02 5.585175e+03 1.010580e+04 1.358676e+04 2.003396e+04  
2.171068e-02 5.561998e+03 1.006312e+04 1.352870e+04 1.994680e+04  
2.201331e-02 5.537547e+03 1.001813e+04 1.346752e+04 1.985504e+04  
2.232016e-02 5.511825e+03 9.970830e+03 1.340324e+04 1.975868e+04  
2.263130e-02 5.484838e+03 9.921240e+03 1.333587e+04 1.965778e+04  
2.294676e-02 5.456593e+03 9.869371e+03 1.326544e+04 1.955235e+04  
2.326663e-02 5.427104e+03 9.815245e+03 1.319196e+04 1.944242e+04  
2.359095e-02 5.396383e+03 9.758889e+03 1.311549e+04 1.932807e+04  
2.391980e-02 5.364450e+03 9.700338e+03 1.303607e+04 1.920937e+04  
2.425323e-02 5.331324e+03 9.639627e+03 1.295373e+04 1.908638e+04  
2.459130e-02 5.297021e+03 9.576786e+03 1.286854e+04 1.895917e+04  
2.493409e-02 5.261562e+03 9.511853e+03 1.278053e+04 1.882781e+04  
2.528166e-02 5.224970e+03 9.444874e+03 1.268977e+04 1.869240e+04  
2.563407e-02 5.187273e+03 9.375896e+03 1.259633e+04 1.855303e+04  
2.599140e-02 5.148502e+03 9.304977e+03 1.250028e+04 1.840982e+04  
2.635371e-02 5.108694e+03 9.232186e+03 1.240171e+04 1.826291e+04  
2.672106e-02 5.067886e+03 9.157590e+03 1.230072e+04 1.811244e+04  
2.709354e-02 5.026110e+03 9.081248e+03 1.219739e+04 1.795852e+04  
2.747121e-02 4.983399e+03 9.003220e+03 1.209179e+04 1.780126e+04  
2.785414e-02 4.939792e+03 8.923577e+03 1.198403e+04 1.764084e+04  
2.824241e-02 4.895330e+03 8.842396e+03 1.187421e+04 1.747739e+04  
2.863610e-02 4.850061e+03 8.759760e+03 1.176244e+04 1.731107e+04  
2.903527e-02 4.804035e+03 8.675765e+03 1.164884e+04 1.714208e+04  
2.944000e-02 4.757310e+03 8.590513e+03 1.153357e+04 1.697064e+04  
2.985038e-02 4.709930e+03 8.504090e+03 1.141672e+04 1.679690e+04  
3.026648e-02 4.661945e+03 8.416578e+03 1.129843e+04 1.662103e+04  
3.068838e-02 4.613403e+03 8.328071e+03 1.117880e+04 1.644322e+04  
3.111616e-02 4.564363e+03 8.238676e+03 1.105799e+04 1.626369e+04  
3.154990e-02 4.514886e+03 8.148500e+03 1.093614e+04 1.608265e+04  
3.198969e-02 4.465037e+03 8.057664e+03 1.081341e+04 1.590033e+04  
3.243561e-02 4.414887e+03 7.966296e+03 1.068997e+04 1.571699e+04  
3.288774e-02 4.364497e+03 7.874506e+03 1.056598e+04 1.553286e+04  
3.334618e-02 4.313918e+03 7.782388e+03 1.044156e+04 1.534812e+04  
3.381101e-02 4.263207e+03 7.690044e+03 1.031684e+04 1.516297e+04  
3.428231e-02 4.212426e+03 7.597584e+03 1.019198e+04 1.497762e+04  
3.476019e-02 4.161641e+03 7.505133e+03 1.006714e+04 1.479235e+04  
3.524473e-02 4.110922e+03 7.412814e+03 9.942495e+03 1.460738e+04  
3.573602e-02 4.060344e+03 7.320762e+03 9.818215e+03 1.442297e+04  
3.623416e-02 4.009973e+03 7.229096e+03 9.694464e+03 1.423937e+04  
3.673925e-02 3.959866e+03 7.137922e+03 9.571389e+03 1.405679e+04  
3.725137e-02 3.910082e+03 7.047343e+03 9.449123e+03 1.387543e+04  
3.777064e-02 3.860685e+03 6.957472e+03 9.327817e+03 1.369551e+04  
3.829714e-02 3.811740e+03 6.868431e+03 9.207636e+03 1.351727e+04  
3.883098e-02 3.763319e+03 6.780350e+03 9.088758e+03 1.334098e+04  
3.937226e-02 3.715497e+03 6.693357e+03 8.971352e+03 1.316689e+04  
3.992109e-02 3.668329e+03 6.607555e+03 8.855552e+03 1.299518e+04  
4.047757e-02 3.621842e+03 6.522993e+03 8.741428e+03 1.282596e+04  
4.104181e-02 3.576062e+03 6.439718e+03 8.629044e+03 1.265935e+04  
4.161391e-02 3.531013e+03 6.357769e+03 8.518448e+03 1.249538e+04  
4.219398e-02 3.486719e+03 6.277189e+03 8.409699e+03 1.233416e+04  
4.278214e-02 3.443204e+03 6.198024e+03 8.302860e+03 1.217578e+04  
4.337850e-02 3.400493e+03 6.120317e+03 8.197989e+03 1.202033e+04  
4.398317e-02 3.358615e+03 6.044119e+03 8.095151e+03 1.186790e+04  
4.459628e-02 3.317619e+03 5.969516e+03 7.994462e+03 1.171865e+04  
4.521792e-02 3.277559e+03 5.896606e+03 7.896055e+03 1.157280e+04  
4.584824e-02 3.238490e+03 5.825486e+03 7.800058e+03 1.143052e+04  
4.648734e-02 3.200466e+03 5.756252e+03 7.706597e+03 1.129199e+04  
4.713535e-02 3.163547e+03 5.689006e+03 7.615810e+03 1.115743e+04  
4.779239e-02 3.127792e+03 5.623859e+03 7.527846e+03 1.102705e+04  
4.845859e-02 3.093216e+03 5.560833e+03 7.442733e+03 1.090090e+04  
4.913407e-02 3.059753e+03 5.499807e+03 7.360308e+03 1.077873e+04  
4.981898e-02 3.027322e+03 5.440637e+03 7.280375e+03 1.066025e+04  
5.051342e-02 2.995835e+03 5.383166e+03 7.202731e+03 1.054518e+04  
5.121755e-02 2.965190e+03 5.327209e+03 7.127127e+03 1.043315e+04  
5.193150e-02 2.935277e+03 5.272567e+03 7.053291e+03 1.032375e+04  
5.265540e-02 2.905992e+03 5.219055e+03 6.980980e+03 1.021663e+04  
5.338938e-02 2.877300e+03 5.166614e+03 6.910119e+03 1.011171e+04  
5.413360e-02 2.849177e+03 5.115195e+03 6.840639e+03 1.000885e+04  
5.488820e-02 2.821593e+03 5.064746e+03 6.772467e+03 9.907971e+03  
5.565331e-02 2.794516e+03 5.015209e+03 6.705528e+03 9.808946e+03  
5.642908e-02 2.767912e+03 4.966527e+03 6.639754e+03 9.711702e+03  
5.721568e-02 2.741721e+03 4.918586e+03 6.574985e+03 9.615990e+03  
5.801323e-02 2.715840e+03 4.871206e+03 6.510981e+03 9.521456e+03  
5.882190e-02 2.690154e+03 4.824182e+03 6.447470e+03 9.427707e+03  
5.964185e-02 2.664540e+03 4.777300e+03 6.384174e+03 9.334357e+03  
6.047322e-02 2.638859e+03 4.730309e+03 6.320752e+03 9.240886e+03  
6.131619e-02 2.612973e+03 4.682965e+03 6.256877e+03 9.146817e+03  
6.217090e-02 2.586785e+03 4.635098e+03 6.192327e+03 9.051832e+03  
6.303753e-02 2.560211e+03 4.586565e+03 6.126920e+03 8.955676e+03  
6.391624e-02 2.533157e+03 4.537196e+03 6.060420e+03 8.857988e+03  
6.480720e-02 2.505524e+03 4.486816e+03 5.992597e+03 8.758431e+03  
6.571058e-02 2.477209e+03 4.435252e+03 5.923223e+03 8.656676e+03  
6.662655e-02 2.448136e+03 4.382371e+03 5.852127e+03 8.552483e+03  
6.755528e-02 2.418229e+03 4.328037e+03 5.779122e+03 8.445558e+03  
6.849697e-02 2.387407e+03 4.272112e+03 5.704025e+03 8.335633e+03  
6.945178e-02 2.355588e+03 4.214454e+03 5.626653e+03 8.222444e+03  
7.041990e-02 2.322709e+03 4.154962e+03 5.546875e+03 8.105802e+03  
7.140151e-02 2.288762e+03 4.093617e+03 5.464659e+03 7.985642e+03  
7.239681e-02 2.253744e+03 4.030421e+03 5.380009e+03 7.861967e+03  
7.340598e-02 2.217658e+03 3.965383e+03 5.292944e+03 7.734811e+03  
7.442922e-02 2.180512e+03 3.898524e+03 5.203492e+03 7.604211e+03  
7.546673e-02 2.142360e+03 3.829938e+03 5.111775e+03 7.470329e+03  
7.651869e-02 2.103281e+03 3.759766e+03 5.017980e+03 7.333436e+03  
7.758532e-02 2.063361e+03 3.688169e+03 4.922327e+03 7.193864e+03  
7.866682e-02 2.022694e+03 3.615313e+03 4.825037e+03 7.051930e+03  
7.976339e-02 1.981399e+03 3.541406e+03 4.726382e+03 6.908021e+03  
8.087525e-02 1.939614e+03 3.466694e+03 4.626689e+03 6.762612e+03  
8.200261e-02 1.897490e+03 3.391450e+03 4.526328e+03 6.616260e+03  
8.314568e-02 1.855186e+03 3.315949e+03 4.425663e+03 6.469492e+03  
8.430468e-02 1.812857e+03 3.240463e+03 4.325049e+03 6.322819e+03  
8.547985e-02 1.770663e+03 3.165272e+03 4.224861e+03 6.176792e+03  
8.667139e-02 1.728778e+03 3.090689e+03 4.125521e+03 6.032049e+03  
8.787954e-02 1.687376e+03 3.017013e+03 4.027422e+03 5.889155e+03  
8.910453e-02 1.646617e+03 2.944522e+03 3.930929e+03 5.748644e+03  
9.034660e-02 1.606667e+03 2.873505e+03 3.836428e+03 5.611083e+03  
9.160598e-02 1.567703e+03 2.804279e+03 3.744347e+03 5.477127e+03  
9.288292e-02 1.529880e+03 2.737104e+03 3.655023e+03 5.347254e+03  
9.417766e-02 1.493337e+03 2.672223e+03 3.568776e+03 5.221939e+03  
9.549045e-02 1.458222e+03 2.609891e+03 3.485948e+03 5.101685e+03  
9.682153e-02 1.424693e+03 2.550387e+03 3.406916e+03 4.987078e+03  
9.817117e-02 1.392860e+03 2.493893e+03 3.331911e+03 4.878439e+03  
9.953962e-02 1.362777e+03 2.440500e+03 3.261054e+03 4.775953e+03  
1.009272e-01 1.334497e+03 2.390297e+03 3.194464e+03 4.679803e+03  
1.023340e-01 1.308071e+03 2.343373e+03 3.132266e+03 4.590197e+03  
1.037605e-01 1.283481e+03 2.299688e+03 3.074397e+03 4.507031e+03  
1.052069e-01 1.260644e+03 2.259091e+03 3.020657e+03 4.430016e+03  
1.066734e-01 1.239463e+03 2.221409e+03 2.970819e+03 4.358829e+03  
1.081604e-01 1.219823e+03 2.186446e+03 2.924625e+03 4.293109e+03  
1.096681e-01 1.201559e+03 2.153902e+03 2.881671e+03 4.232246e+03  
1.111968e-01 1.184470e+03 2.123426e+03 2.841489e+03 4.175557e+03  
1.127468e-01 1.168339e+03 2.094638e+03 2.803579e+03 4.122307e+03  
1.143184e-01 1.152941e+03 2.067150e+03 2.767428e+03 4.071747e+03  
1.159120e-01 1.138062e+03 2.040584e+03 2.732526e+03 4.023106e+03  
1.175277e-01 1.123475e+03 2.014544e+03 2.698345e+03 3.975597e+03  
1.191660e-01 1.108941e+03 1.988621e+03 2.664347e+03 3.928419e+03  
1.208271e-01 1.094260e+03 1.962467e+03 2.630066e+03 3.880875e+03  
1.225114e-01 1.079233e+03 1.935736e+03 2.595036e+03 3.832245e+03  
1.242191e-01 1.063654e+03 1.908071e+03 2.558779e+03 3.781800e+03  
1.259506e-01 1.047367e+03 1.879211e+03 2.520949e+03 3.729013e+03  
1.277063e-01 1.030255e+03 1.848953e+03 2.481271e+03 3.673454e+03  
1.294865e-01 1.012195e+03 1.817084e+03 2.439456e+03 3.614656e+03  
1.312915e-01 9.931345e+02 1.783514e+03 2.395378e+03 3.552414e+03  
1.331216e-01 9.730885e+02 1.748278e+03 2.349086e+03 3.486792e+03  
1.349772e-01 9.520803e+02 1.711415e+03 2.300626e+03 3.417837e+03  
1.368587e-01 9.302043e+02 1.673087e+03 2.250209e+03 3.345848e+03  
1.387665e-01 9.076224e+02 1.633574e+03 2.198207e+03 3.271378e+03  
1.407008e-01 8.845147e+02 1.593194e+03 2.145047e+03 3.195075e+03  
1.426621e-01 8.610841e+02 1.552293e+03 2.091187e+03 3.117623e+03  
1.446507e-01 8.375569e+02 1.511258e+03 2.037142e+03 3.039798e+03  
1.466671e-01 8.141714e+02 1.470500e+03 1.983461e+03 2.962434e+03  
1.487115e-01 7.911565e+02 1.430419e+03 1.930681e+03 2.886362e+03  
1.507845e-01 7.687472e+02 1.391412e+03 1.879330e+03 2.812378e+03  
1.528864e-01 7.471657e+02 1.353859e+03 1.829915e+03 2.741259e+03  
1.550175e-01 7.266022e+02 1.318084e+03 1.782871e+03 2.673671e+03  
1.571784e-01 7.072474e+02 1.284420e+03 1.738647e+03 2.610317e+03  
1.593694e-01 6.892244e+02 1.253070e+03 1.697509e+03 2.551602e+03  
1.615909e-01 6.726285e+02 1.224193e+03 1.659674e+03 2.497865e+03  
1.638434e-01 6.574926e+02 1.197844e+03 1.625214e+03 2.449232e+03  
1.661273e-01 6.437458e+02 1.173903e+03 1.593977e+03 2.405485e+03  
1.684430e-01 6.312821e+02 1.152181e+03 1.565705e+03 2.366238e+03  
1.707910e-01 6.199230e+02 1.132367e+03 1.539987e+03 2.330872e+03  
1.731717e-01 6.094553e+02 1.114097e+03 1.516336e+03 2.298650e+03  
1.755856e-01 5.996491e+02 1.096978e+03 1.494229e+03 2.268781e+03  
1.780332e-01 5.902535e+02 1.080575e+03 1.473081e+03 2.240359e+03  
1.805149e-01 5.810344e+02 1.064485e+03 1.452351e+03 2.212551e+03  
1.830312e-01 5.717835e+02 1.048353e+03 1.431562e+03 2.184612e+03  
1.855825e-01 5.623003e+02 1.031839e+03 1.410254e+03 2.155822e+03  
1.881694e-01 5.524075e+02 1.014634e+03 1.388009e+03 2.125513e+03  
1.907924e-01 5.419553e+02 9.964833e+02 1.364477e+03 2.093128e+03  
1.934520e-01 5.308726e+02 9.772661e+02 1.339495e+03 2.058393e+03  
1.961486e-01 5.191296e+02 9.569330e+02 1.312991e+03 2.021183e+03  
1.988828e-01 5.067877e+02 9.355865e+02 1.285100e+03 1.981695e+03  
2.016551e-01 4.939589e+02 9.134187e+02 1.256079e+03 1.940323e+03  
2.044661e-01 4.808400e+02 8.907680e+02 1.226383e+03 1.897780e+03  
2.073162e-01 4.676466e+02 8.680031e+02 1.196511e+03 1.854846e+03  
2.102061e-01 4.545899e+02 8.454827e+02 1.166946e+03 1.812285e+03  
2.131362e-01 4.418775e+02 8.235610e+02 1.138167e+03 1.770854e+03  
2.161073e-01 4.297009e+02 8.025663e+02 1.110620e+03 1.731257e+03  
2.191197e-01 4.182105e+02 7.827534e+02 1.084648e+03 1.694041e+03  
2.221741e-01 4.075065e+02 7.642909e+02 1.060481e+03 1.659576e+03  
2.252711e-01 3.976390e+02 7.472627e+02 1.038233e+03 1.628050e+03  
2.284112e-01 3.886128e+02 7.316778e+02 1.017919e+03 1.599488e+03  
2.315951e-01 3.803580e+02 7.174149e+02 9.993763e+02 1.573645e+03  
2.348235e-01 3.727634e+02 7.042821e+02 9.823468e+02 1.550122e+03  
2.380968e-01 3.656798e+02 6.920250e+02 9.664874e+02 1.528382e+03  
2.414157e-01 3.589388e+02 6.803573e+02 9.514109e+02 1.507810e+03  
2.447809e-01 3.523568e+02 6.689645e+02 9.366911e+02 1.487732e+03  
2.481930e-01 3.457617e+02 6.575522e+02 9.219281e+02 1.467510e+03  
2.516527e-01 3.390016e+02 6.458612e+02 9.067680e+02 1.446574e+03  
2.551606e-01 3.319641e+02 6.337010e+02 8.909487e+02 1.424492e+03  
2.587174e-01 3.246137e+02 6.210096e+02 8.743847e+02 1.401126e+03  
2.623238e-01 3.169818e+02 6.078402e+02 8.571476e+02 1.376587e+03  
2.659804e-01 3.091595e+02 5.943481e+02 8.394477e+02 1.351211e+03  
2.696881e-01 3.012745e+02 5.807521e+02 8.215815e+02 1.325466e+03  
2.734474e-01 2.934591e+02 5.672763e+02 8.038561e+02 1.299856e+03  
2.772591e-01 2.858323e+02 5.541233e+02 7.865487e+02 1.274829e+03  
2.811239e-01 2.785085e+02 5.414877e+02 7.699247e+02 1.250816e+03  
2.850426e-01 2.715820e+02 5.295295e+02 7.542015e+02 1.228161e+03  
2.890160e-01 2.651100e+02 5.183453e+02 7.395137e+02 1.207094e+03  
2.930447e-01 2.591063e+02 5.079579e+02 7.258936e+02 1.187672e+03  
2.971296e-01 2.535201e+02 4.982805e+02 7.132227e+02 1.169703e+03  
3.012714e-01 2.482594e+02 4.891559e+02 7.012862e+02 1.152840e+03  
3.054710e-01 2.432160e+02 4.804002e+02 6.898353e+02 1.136690e+03  
3.097291e-01 2.382828e+02 4.718307e+02 6.786207e+02 1.120851e+03  
3.140465e-01 2.333744e+02 4.633020e+02 6.674424e+02 1.104996e+03  
3.184242e-01 2.284220e+02 4.546969e+02 6.561385e+02 1.088858e+03  
3.228628e-01 2.233823e+02 4.459421e+02 6.446105e+02 1.072284e+03  
3.273634e-01 2.182580e+02 4.370417e+02 6.328639e+02 1.055283e+03  
3.319266e-01 2.130928e+02 4.280700e+02 6.209990e+02 1.038014e+03  
3.365535e-01 2.079636e+02 4.191575e+02 6.091947e+02 1.020768e+03  
3.412449e-01 2.029486e+02 4.104377e+02 5.976363e+02 1.003855e+03  
3.460016e-01 1.981113e+02 4.020180e+02 5.864714e+02 9.875174e+02  
3.508247e-01 1.934948e+02 3.939709e+02 5.757980e+02 9.719093e+02  
3.557150e-01 1.891190e+02 3.863298e+02 5.656628e+02 9.571100e+02  
3.606735e-01 1.849750e+02 3.790799e+02 5.560475e+02 9.430961e+02  
3.657011e-01 1.810227e+02 3.721529e+02 5.468587e+02 9.297171e+02  
3.707988e-01 1.772101e+02 3.654593e+02 5.379717e+02 9.167644e+02  
3.759675e-01 1.734799e+02 3.589026e+02 5.292558e+02 9.040301e+02  
3.812083e-01 1.697896e+02 3.524111e+02 5.206137e+02 8.913601e+02  
3.865221e-01 1.661143e+02 3.459427e+02 5.119878e+02 8.786620e+02  
3.919100e-01 1.624447e+02 3.394801e+02 5.033523e+02 8.658871e+02  
3.973730e-01 1.587946e+02 3.330482e+02 4.947432e+02 8.531016e+02  
4.029122e-01 1.551993e+02 3.267068e+02 4.862441e+02 8.404455e+02  
4.085286e-01 1.517012e+02 3.205275e+02 4.779537e+02 8.280804e+02  
4.142232e-01 1.483225e+02 3.145465e+02 4.699186e+02 8.160749e+02  
4.199973e-01 1.450717e+02 3.087792e+02 4.621631e+02 8.044769e+02  
4.258518e-01 1.419465e+02 3.032218e+02 4.546825e+02 7.932806e+02  
4.317880e-01 1.389383e+02 2.978595e+02 4.474569e+02 7.824542e+02  
4.378069e-01 1.360195e+02 2.926439e+02 4.404167e+02 7.718773e+02  
4.439097e-01 1.331590e+02 2.875242e+02 4.334958e+02 7.614523e+02  
4.500975e-01 1.303417e+02 2.824751e+02 4.266601e+02 7.511256e+02  
4.563716e-01 1.275664e+02 2.774947e+02 4.199066e+02 7.408930e+02  
4.627332e-01 1.248344e+02 2.725831e+02 4.132335e+02 7.307457e+02  
4.691835e-01 1.221506e+02 2.677507e+02 4.066583e+02 7.207211e+02  
4.757236e-01 1.195364e+02 2.630335e+02 4.002304e+02 7.109001e+02  
4.823549e-01 1.170049e+02 2.584530e+02 3.939790e+02 7.013284e+02  
4.890787e-01 1.145516e+02 2.540004e+02 3.878901e+02 6.919798e+02  
4.958962e-01 1.121716e+02 2.496688e+02 3.819571e+02 6.828502e+02  
5.028087e-01 1.098593e+02 2.454490e+02 3.761677e+02 6.739206e+02  
5.098176e-01 1.076010e+02 2.413174e+02 3.704887e+02 6.651367e+02  
5.169242e-01 1.053873e+02 2.372572e+02 3.648968e+02 6.564593e+02  
5.241298e-01 1.032169e+02 2.332680e+02 3.593935e+02 6.478968e+02  
5.314359e-01 1.010928e+02 2.293549e+02 3.539857e+02 6.394610e+02  
5.388438e-01 9.901627e+01 2.255191e+02 3.486745e+02 6.311520e+02  
5.463550e-01 9.699380e+01 2.217709e+02 3.434736e+02 6.229908e+02  
5.539709e-01 9.502863e+01 2.181169e+02 3.383937e+02 6.149980e+02  
5.616930e-01 9.311444e+01 2.145466e+02 3.334205e+02 6.071523e+02  
5.695227e-01 9.124879e+01 2.110550e+02 3.285461e+02 5.994387e+02  
5.774615e-01 8.942909e+01 2.076376e+02 3.237650e+02 5.918491e+02  
5.855110e-01 8.764765e+01 2.042829e+02 3.190626e+02 5.843638e+02  
5.936727e-01 8.590635e+01 2.009940e+02 3.144433e+02 5.769907e+02  
6.019482e-01 8.420519e+01 1.977695e+02 3.099044e+02 5.697232e+02  
6.103390e-01 8.254392e+01 1.946097e+02 3.054466e+02 5.625637e+02  
6.188468e-01 8.092540e+01 1.915199e+02 3.010780e+02 5.555270e+02  
6.274732e-01 7.934750e+01 1.884965e+02 2.967940e+02 5.486060e+02  
6.362198e-01 7.780707e+01 1.855331e+02 2.925847e+02 5.417832e+02  
6.450884e-01 7.630258e+01 1.826280e+02 2.884488e+02 5.350588e+02  
6.540806e-01 7.483247e+01 1.797791e+02 2.843840e+02 5.284308e+02  
6.631981e-01 7.339601e+01 1.769852e+02 2.803890e+02 5.218972e+02  
6.724427e-01 7.199299e+01 1.742446e+02 2.764602e+02 5.154504e+02  
6.818162e-01 7.062286e+01 1.715576e+02 2.725990e+02 5.090949e+02  
6.913204e-01 6.928501e+01 1.689232e+02 2.688048e+02 5.028305e+02  
7.009570e-01 6.797865e+01 1.663403e+02 2.650758e+02 4.966547e+02  
7.107280e-01 6.670282e+01 1.638059e+02 2.614070e+02 4.905578e+02  
7.206351e-01 6.545643e+01 1.613195e+02 2.577991e+02 4.845432e+02  
7.306804e-01 6.423829e+01 1.588793e+02 2.542497e+02 4.786079e+02  
7.408657e-01 6.304763e+01 1.564840e+02 2.507571e+02 4.727494e+02  
7.511929e-01 6.188387e+01 1.541313e+02 2.473175e+02 4.669602e+02  
7.616642e-01 6.074640e+01 1.518216e+02 2.439325e+02 4.612450e+02  
7.722814e-01 5.963454e+01 1.495539e+02 2.406007e+02 4.556017e+02  
7.830465e-01 5.854769e+01 1.473269e+02 2.373204e+02 4.500278e+02  
7.939618e-01 5.748515e+01 1.451386e+02 2.340884e+02 4.445175e+02  
8.050292e-01 5.644624e+01 1.429890e+02 2.309056e+02 4.390736e+02  
8.162509e-01 5.543030e+01 1.408771e+02 2.277706e+02 4.336942e+02  
8.276289e-01 5.443676e+01 1.388016e+02 2.246816e+02 4.283765e+02  
8.391656e-01 5.346492e+01 1.367608e+02 2.216362e+02 4.231164e+02  
8.508632e-01 5.251418e+01 1.347548e+02 2.186349e+02 4.179157e+02  
8.627237e-01 5.158402e+01 1.327825e+02 2.156766e+02 4.127728e+02  
8.747496e-01 5.067391e+01 1.308429e+02 2.127595e+02 4.076849e+02  
8.869432e-01 4.978324e+01 1.289346e+02 2.098819e+02 4.026494e+02  
8.993067e-01 4.891155e+01 1.270577e+02 2.070441e+02 3.976674e+02  
9.118425e-01 4.805839e+01 1.252112e+02 2.042453e+02 3.927377e+02  
9.245531e-01 4.722324e+01 1.233941e+02 2.014836e+02 3.878573e+02  
9.374409e-01 4.640555e+01 1.216055e+02 1.987579e+02 3.830248e+02  
9.505083e-01 4.560495e+01 1.198451e+02 1.960683e+02 3.782406e+02  
9.637579e-01 4.482102e+01 1.181123e+02 1.934139e+02 3.735035e+02  
9.771921e-01 4.405318e+01 1.164059e+02 1.907930e+02 3.688108e+02  
9.908137e-01 4.330098e+01 1.147251e+02 1.882048e+02 3.641617e+02  
1.004625e+00 4.256408e+01 1.130698e+02 1.856493e+02 3.595562e+02  
1.018629e+00 4.184207e+01 1.114394e+02 1.831257e+02 3.549933e+02  
1.032828e+00 4.113438e+01 1.098325e+02 1.806321e+02 3.504703e+02  
1.047225e+00 4.044068e+01 1.082490e+02 1.781685e+02 3.459872e+02  
1.061823e+00 3.976074e+01 1.066885e+02 1.757346e+02 3.415439e+02  
1.076624e+00 3.909423e+01 1.051506e+02 1.733298e+02 3.371393e+02  
1.091632e+00 3.844067e+01 1.036342e+02 1.709526e+02 3.327715e+02  
1.106848e+00 3.779984e+01 1.021392e+02 1.686030e+02 3.284407e+02  
1.122277e+00 3.717146e+01 1.006654e+02 1.662808e+02 3.241463e+02  
1.137921e+00 3.655516e+01 9.921201e+01 1.639853e+02 3.198875e+02  
1.153783e+00 3.595045e+01 9.777812e+01 1.617150e+02 3.156625e+02  
1.169866e+00 3.535718e+01 9.636377e+01 1.594701e+02 3.114716e+02  
1.186174e+00 3.477507e+01 9.496858e+01 1.572503e+02 3.073144e+02  
1.202708e+00 3.420379e+01 9.359207e+01 1.550549e+02 3.031900e+02  
1.219473e+00 3.364291e+01 9.223328e+01 1.528828e+02 2.990970e+02  
1.236472e+00 3.309235e+01 9.089243e+01 1.504443e+02 2.950360e+02  
1.253708e+00 3.255186e+01 8.956912e+01 1.486089e+02 2.910062e+02  
1.271184e+00 3.202115e+01 8.826292e+01 1.465062e+02 2.870073e+02  
1.288904e+00 3.149986e+01 8.697311e+01 1.444252e+02 2.830381e+02  
1.306870e+00 3.098793e+01 8.569980e+01 1.423662e+02 2.790990e+02  
1.325087e+00 3.048508e+01 8.444264e+01 1.403287e+02 2.751895e+02  
1.343558e+00 2.999105e+01 8.320118e+01 1.383123e+02 2.713091e+02  
1.362287e+00 2.950557e+01 8.197494e+01 1.363163e+02 2.674572e+02  
1.381276e+00 2.902854e+01 8.076392e+01 1.343409e+02 2.636340e+02  
1.400531e+00 2.855974e+01 7.956782e+01 1.323857e+02 2.598391e+02  
1.420053e+00 2.807553e+01 7.838626e+01 1.304502e+02 2.560722e+02  
1.439848e+00 2.764589e+01 7.721887e+01 1.285341e+02 2.523330e+02  
1.459919e+00 2.720051e+01 7.606561e+01 1.266373e+02 2.486215e+02  
1.480269e+00 2.676259e+01 7.492621e+01 1.247596e+02 2.449376e+02  
1.500903e+00 2.633192e+01 7.380032e+01 1.229006e+02 2.412809e+02  
1.521825e+00 2.590831e+01 7.268769e+01 1.210599e+02 2.376514e+02  
1.543038e+00 2.549165e+01 7.158822e+01 1.192376e+02 2.340491e+02  
1.564548e+00 2.508177e+01 7.050170e+01 1.174334e+02 2.304740e+02  
1.586357e+00 2.467848e+01 6.942782e+01 1.156470e+02 2.269259e+02  
1.608469e+00 2.428165e+01 6.836641e+01 1.138783e+02 2.234048e+02  
1.630891e+00 2.389117e+01 6.731738e+01 1.121270e+02 2.199109e+02  
1.653624e+00 2.350690e+01 6.628055e+01 1.103932e+02 2.164441e+02  
1.676675e+00 2.312866e+01 6.525562e+01 1.086764e+02 2.130044e+02  
1.700047e+00 2.275631e+01 6.424246e+01 1.069766e+02 2.095920e+02  
1.723745e+00 2.238975e+01 6.324097e+01 1.052936e+02 2.062069e+02  
1.747773e+00 2.202889e+01 6.225096e+01 1.036274e+02 2.028493e+02  
1.772136e+00 2.167352e+01 6.127225e+01 1.019777e+02 1.995192e+02  
1.796838e+00 2.132357e+01 6.030473e+01 1.003445e+02 1.962168e+02  
1.821885e+00 2.097896e+01 5.934830e+01 9.872761e+01 1.929423e+02  
1.847281e+00 2.063957e+01 5.840281e+01 9.712699e+01 1.896959e+02  
1.873032e+00 2.030523e+01 5.746806e+01 9.554243e+01 1.864777e+02  
1.899141e+00 1.997590e+01 5.654397e+01 9.397391e+01 1.832878e+02  
1.925614e+00 1.965148e+01 5.563046e+01 9.242135e+01 1.801266e+02  
1.952456e+00 1.933187e+01 5.472741e+01 9.088467e+01 1.769943e+02  
1.979672e+00 1.901692e+01 5.383462e+01 8.936371e+01 1.738910e+02  
2.007267e+00 1.870659e+01 5.295206e+01 8.785848e+01 1.708170e+02  
2.035248e+00 1.840081e+01 5.207964e+01 8.636890e+01 1.677725e+02  
2.063618e+00 1.809948e+01 5.121725e+01 8.489491e+01 1.647578e+02  
2.092383e+00 1.780246e+01 5.036473e+01 8.343640e+01 1.617730e+02  
2.121550e+00 1.750974e+01 4.952206e+01 8.199338e+01 1.588186e+02  
2.151123e+00 1.722123e+01 4.868916e+01 8.056580e+01 1.558945e+02  
2.181109e+00 1.693685e+01 4.786592e+01 7.915359e+01 1.530013e+02  
2.211512e+00 1.665649e+01 4.705223e+01 7.775671e+01 1.501389e+02  
2.242340e+00 1.638013e+01 4.624805e+01 7.637514e+01 1.473078e+02  
2.273597e+00 1.610770e+01 4.545333e+01 7.500885e+01 1.445105e+02  
2.305289e+00 1.583910e+01 4.466792e+01 7.365780e+01 1.417424e+02  
2.337424e+00 1.557427e+01 4.389178e+01 7.232196e+01 1.390062e+02  
2.370006e+00 1.531317e+01 4.312486e+01 7.100131e+01 1.363021e+02  
2.403043e+00 1.505575e+01 4.236709e+01 6.969584e+01 1.336351e+02  
2.436540e+00 1.480186e+01 4.161840e+01 6.840552e+01 1.309886e+02  
2.470504e+00 1.455156e+01 4.087871e+01 6.713033e+01 1.283818e+02  
2.504942e+00 1.430477e+01 4.014799e+01 6.587026e+01 1.258079e+02  
2.539859e+00 1.406142e+01 3.942618e+01 6.462529e+01 1.232670e+02  
2.575263e+00 1.382144e+01 3.871319e+01 6.339541e+01 1.207592e+02  
2.611161e+00 1.358479e+01 3.800899e+01 6.218060e+01 1.182846e+02  
2.647559e+00 1.335143e+01 3.731352e+01 6.098086e+01 1.158434e+02  
2.684465e+00 1.312132e+01 3.662966e+01 5.979617e+01 1.134357e+02  
2.721885e+00 1.289439e+01 3.595152e+01 5.862652e+01 1.110614e+02  
2.759826e+00 1.267061e+01 3.528196e+01 5.747189e+01 1.087208e+02  
2.798297e+00 1.244994e+01 3.462094e+01 5.633228e+01 1.064139e+02  
2.837304e+00 1.223233e+01 3.396840e+01 5.520766e+01 1.041407e+02  
2.876854e+00 1.201774e+01 3.332429e+01 5.409802e+01 1.019065e+02  
2.916956e+00 1.180612e+01 3.268858e+01 5.300337e+01 9.970072e+01  
2.957617e+00 1.159745e+01 3.206122e+01 5.192365e+01 9.752867e+01  
2.998844e+00 1.139168e+01 3.144216e+01 5.085887e+01 9.539029e+01  
3.040646e+00 1.118878e+01 3.083136e+01 4.980899e+01 9.328555e+01  
3.083031e+00 1.098871e+01 3.022878e+01 4.877399e+01 9.121438e+01  
3.126007e+00 1.079143e+01 2.963438e+01 4.775385e+01 8.917841e+01  
3.169582e+00 1.059692e+01 2.904811e+01 4.674854e+01 8.717403e+01  
3.213764e+00 1.040523e+01 2.846994e+01 4.575801e+01 8.520302e+01  
3.258562e+00 1.021614e+01 2.789982e+01 4.478225e+01 8.326518e+01  
3.303985e+00 1.002972e+01 2.733771e+01 4.381977e+01 8.135867e+01  
3.350041e+00 9.845932e+00 2.678358e+01 4.287344e+01 7.948701e+01  
3.396739e+00 9.664739e+00 2.623737e+01 4.194174e+01 7.764783e+01  
3.444087e+00 9.486120e+00 2.569906e+01 4.102462e+01 7.584118e+01  
3.492096e+00 9.310047e+00 2.516860e+01 4.012203e+01 7.406686e+01  
3.540774e+00 9.136491e+00 2.464566e+01 3.923390e+01 7.232467e+01  
3.590130e+00 8.965416e+00 2.413079e+01 3.836018e+01 7.061438e+01  
3.640175e+00 8.796803e+00 2.357867e+01 3.750080e+01 6.893576e+01  
3.690917e+00 8.630625e+00 2.312418e+01 3.665569e+01 6.728857e+01  
3.742366e+00 8.466855e+00 2.263236e+01 3.582480e+01 6.567255e+01  
3.794533e+00 8.305461e+00 2.214815e+01 3.500800e+01 6.408742e+01  
3.847427e+00 8.146423e+00 2.167149e+01 3.420524e+01 6.253293e+01  
3.901058e+00 7.989718e+00 2.120234e+01 3.341643e+01 6.100878e+01  
3.955436e+00 7.835319e+00 2.074067e+01 3.264145e+01 5.951467e+01  
4.010573e+00 7.683200e+00 2.028642e+01 3.188029e+01 5.805030e+01  
4.066478e+00 7.533340e+00 1.983954e+01 3.113278e+01 5.661535e+01  
4.123163e+00 7.385717e+00 1.939999e+01 3.039882e+01 5.520952e+01  
4.180637e+00 7.240304e+00 1.896773e+01 2.967833e+01 5.383245e+01  
4.238913e+00 7.097079e+00 1.854269e+01 2.897118e+01 5.247978e+01  
4.298001e+00 6.956021e+00 1.812484e+01 2.827727e+01 5.115936e+01  
4.357913e+00 6.817108e+00 1.771412e+01 2.759648e+01 4.986670e+01  
4.418660e+00 6.680317e+00 1.731047e+01 2.692869e+01 4.860144e+01  
4.480254e+00 6.545627e+00 1.691385e+01 2.627377e+01 4.736322e+01  
4.542706e+00 6.413017e+00 1.652419e+01 2.563160e+01 4.615168e+01  
4.606029e+00 6.282466e+00 1.614145e+01 2.500205e+01 4.496647e+01  
4.670234e+00 6.153952e+00 1.576310e+01 2.438499e+01 4.380790e+01  
4.735335e+00 6.027454e+00 1.539404e+01 2.378028e+01 4.267423e+01  
4.801343e+00 5.902953e+00 1.503173e+01 2.318779e+01 4.156499e+01  
4.868271e+00 5.780429e+00 1.467848e+01 2.260737e+01 4.048130e+01  
4.936132e+00 5.659860e+00 1.432943e+01 2.203888e+01 3.942204e+01  
5.004939e+00 5.541227e+00 1.398693e+01 2.148218e+01 3.838683e+01  
5.074705e+00 5.424511e+00 1.365092e+01 2.093712e+01 3.737529e+01  
5.145444e+00 5.309692e+00 1.332133e+01 2.040355e+01 3.638704e+01  
5.217169e+00 5.196749e+00 1.299811e+01 1.988133e+01 3.542169e+01  
5.289893e+00 5.085665e+00 1.268117e+01 1.937030e+01 3.447885e+01  
5.363631e+00 4.976419e+00 1.237046e+01 1.887032e+01 3.355814e+01  
5.438397e+00 4.868783e+00 1.206590e+01 1.838119e+01 3.265918e+01  
5.514206e+00 4.763155e+00 1.176742e+01 1.790282e+01 3.178158e+01  
5.591071e+00 4.659526e+00 1.147496e+01 1.743501e+01 3.092496e+01  
5.669007e+00 4.557446e+00 1.118844e+01 1.697763e+01 3.008893e+01  
5.748030e+00 4.457112e+00 1.090779e+01 1.653051e+01 2.927313e+01  
5.828155e+00 4.358503e+00 1.063294e+01 1.609349e+01 2.847716e+01  
5.909396e+00 4.261602e+00 1.036380e+01 1.566643e+01 2.770066e+01  
5.991770e+00 4.166391e+00 1.010032e+01 1.524915e+01 2.694381e+01  
6.075292e+00 4.072850e+00 9.842405e+00 1.484151e+01 2.620452e+01  
6.159978e+00 3.980963e+00 9.589988e+00 1.444334e+01 2.548418e+01  
6.245845e+00 3.890711e+00 9.342993e+00 1.405448e+01 2.478180e+01  
6.332908e+00 3.802075e+00 9.101342e+00 1.367478e+01 2.409706e+01  
6.421186e+00 3.715039e+00 8.864960e+00 1.330407e+01 2.342959e+01  
6.510694e+00 3.629583e+00 8.632037e+00 1.294221e+01 2.277902e+01  
6.601449e+00 3.545691e+00 8.405993e+00 1.258927e+01 2.214500e+01  
6.693470e+00 3.463343e+00 8.186647e+00 1.224459e+01 2.152720e+01  
6.786773e+00 3.382523e+00 7.970566e+00 1.190832e+01 2.092525e+01  
6.881377e+00 3.303213e+00 7.759366e+00 1.158030e+01 2.033883e+01  
6.977300e+00 3.225395e+00 7.552969e+00 1.126029e+01 1.976761e+01  
7.074559e+00 3.149051e+00 7.351299e+00 1.094821e+01 1.921124e+01  
7.173175e+00 3.074164e+00 7.154277e+00 1.064387e+01 1.866937e+01  
7.273165e+00 3.000716e+00 6.961825e+00 1.034713e+01 1.814214e+01  
7.374549e+00 2.928689e+00 6.773868e+00 1.005753e+01 1.762830e+01  
7.477346e+00 2.858066e+00 6.588920e+00 9.775543e+00 1.712804e+01  
7.581576e+00 2.788829e+00 6.411126e+00 9.501052e+00 1.664024e+01  
7.687260e+00 2.720960e+00 6.236189e+00 9.233239e+00 1.616673e+01  
7.794416e+00 2.654443e+00 6.065441e+00 8.972294e+00 1.570537e+01  
7.903066e+00 2.589032e+00 5.898805e+00 8.718071e+00 1.525637e+01  
8.013230e+00 2.525392e+00 5.736206e+00 8.470427e+00 1.481956e+01  
8.124930e+00 2.462823e+00 5.577569e+00 8.229223e+00 1.439436e+01  
8.238187e+00 2.401534e+00 5.422820e+00 7.994285e+00 1.398067e+01  
8.353023e+00 2.341510e+00 5.271886e+00 7.765502e+00 1.357818e+01  
8.469460e+00 2.282731e+00 5.124692e+00 7.542792e+00 1.318665e+01  
8.587519e+00 2.225181e+00 4.981167e+00 7.325979e+00 1.280578e+01  
8.707225e+00 2.168832e+00 4.841238e+00 7.114929e+00 1.243535e+01  
8.828599e+00 2.113688e+00 4.703788e+00 6.909513e+00 1.207507e+01  
8.951665e+00 2.059719e+00 4.571883e+00 6.709602e+00 1.172470e+01  
9.076446e+00 2.006910e+00 4.442317e+00 6.515073e+00 1.138499e+01  
9.202967e+00 1.955249e+00 4.316066e+00 6.325794e+00 1.105270e+01  
9.331251e+00 1.904526e+00 4.193062e+00 6.141454e+00 1.073058e+01  
9.461324e+00 1.855262e+00 4.073236e+00 5.962603e+00 1.041741e+01  
9.593209e+00 1.806917e+00 3.956521e+00 5.788368e+00 1.011296e+01  
9.726934e+00 1.759650e+00 3.842852e+00 5.618487e+00 9.817003e+00  
9.862522e+00 1.713431e+00 3.732164e+00 5.453638e+00 9.529321e+00  
1.000000e+01 1.668245e+00 3.624389e+00 5.293515e+00 9.249696e+00  
