1.000000e-02 8.565944e+03 1.554324e+04 2.093842e+04 3.097049e+04  
1.013939e-02 8.611053e+03 1.562461e+04 2.104757e+04 3.113077e+04  
1.028073e-02 8.655319e+03 1.570444e+04 2.115462e+04 3.128792e+04  
1.042404e-02 8.698710e+03 1.578266e+04 2.125949e+04 3.144181e+04  
1.056935e-02 8.741189e+03 1.585921e+04 2.136211e+04 3.159232e+04  
1.071668e-02 8.782722e+03 1.593403e+04 2.146237e+04 3.173933e+04  
1.086606e-02 8.823272e+03 1.600706e+04 2.156020e+04 3.188268e+04  
1.101753e-02 8.862802e+03 1.607821e+04 2.165549e+04 3.202225e+04  
1.117111e-02 8.901275e+03 1.614743e+04 2.174817e+04 3.215791e+04  
1.132683e-02 8.938655e+03 1.621465e+04 2.183813e+04 3.228952e+04  
1.148472e-02 8.974904e+03 1.627980e+04 2.192529e+04 3.241694e+04  
1.164481e-02 9.009983e+03 1.634281e+04 2.200955e+04 3.254004e+04  
1.180713e-02 9.043855e+03 1.640362e+04 2.209082e+04 3.265868e+04  
1.197171e-02 9.076481e+03 1.646214e+04 2.216901e+04 3.277271e+04  
1.213859e-02 9.107821e+03 1.651831e+04 2.224401e+04 3.288198e+04  
1.230780e-02 9.137836e+03 1.657207e+04 2.231573e+04 3.298637e+04  
1.247936e-02 9.166490e+03 1.662333e+04 2.238408e+04 3.308574e+04  
1.265332e-02 9.193741e+03 1.667203e+04 2.244897e+04 3.317993e+04  
1.282970e-02 9.219550e+03 1.671810e+04 2.251028e+04 3.326880e+04  
1.300854e-02 9.243877e+03 1.676145e+04 2.256793e+04 3.335220e+04  
1.318987e-02 9.266679e+03 1.680202e+04 2.262181e+04 3.343000e+04  
1.337373e-02 9.287915e+03 1.683974e+04 2.267183e+04 3.350203e+04  
1.356015e-02 9.307544e+03 1.687451e+04 2.271787e+04 3.356813e+04  
1.374917e-02 9.325525e+03 1.690628e+04 2.275983e+04 3.362818e+04  
1.394083e-02 9.341818e+03 1.693497e+04 2.279764e+04 3.368203e+04  
1.413516e-02 9.356382e+03 1.696050e+04 2.283117e+04 3.372951e+04  
1.433219e-02 9.369173e+03 1.698279e+04 2.286033e+04 3.377048e+04  
1.453198e-02 9.380149e+03 1.700177e+04 2.288500e+04 3.380478e+04  
1.473454e-02 9.389267e+03 1.701737e+04 2.290510e+04 3.383228e+04  
1.493993e-02 9.396485e+03 1.702949e+04 2.292051e+04 3.385280e+04  
1.514819e-02 9.401761e+03 1.703808e+04 2.293113e+04 3.386619e+04  
1.535935e-02 9.405056e+03 1.704305e+04 2.293687e+04 3.387233e+04  
1.557345e-02 9.406330e+03 1.704434e+04 2.293763e+04 3.387107e+04  
1.579053e-02 9.405541e+03 1.704187e+04 2.293331e+04 3.386226e+04  
1.601064e-02 9.402651e+03 1.703557e+04 2.292382e+04 3.384575e+04  
1.623382e-02 9.397623e+03 1.702537e+04 2.290906e+04 3.382143e+04  
1.646012e-02 9.390418e+03 1.701121e+04 2.288895e+04 3.378916e+04  
1.668956e-02 9.381001e+03 1.699302e+04 2.286340e+04 3.374881e+04  
1.692220e-02 9.369339e+03 1.697074e+04 2.283233e+04 3.370026e+04  
1.715809e-02 9.355400e+03 1.694432e+04 2.279566e+04 3.364341e+04  
1.739726e-02 9.339148e+03 1.691368e+04 2.275331e+04 3.357813e+04  
1.763977e-02 9.320549e+03 1.687878e+04 2.270520e+04 3.350430e+04  
1.788566e-02 9.299570e+03 1.683954e+04 2.265124e+04 3.342180e+04  
1.813498e-02 9.276182e+03 1.679593e+04 2.259138e+04 3.333054e+04  
1.838777e-02 9.250355e+03 1.674788e+04 2.252553e+04 3.323043e+04  
1.864409e-02 9.222063e+03 1.669535e+04 2.245364e+04 3.312136e+04  
1.890397e-02 9.191283e+03 1.663830e+04 2.237565e+04 3.300324e+04  
1.916748e-02 9.157993e+03 1.657669e+04 2.229153e+04 3.287606e+04  
1.943467e-02 9.122173e+03 1.651048e+04 2.220120e+04 3.273970e+04  
1.970558e-02 9.083804e+03 1.643965e+04 2.210465e+04 3.259411e+04  
1.998026e-02 9.042874e+03 1.636417e+04 2.200182e+04 3.243925e+04  
2.025878e-02 8.999372e+03 1.628403e+04 2.189272e+04 3.227512e+04  
2.054117e-02 8.953292e+03 1.619921e+04 2.177733e+04 3.210169e+04  
2.082751e-02 8.904631e+03 1.610971e+04 2.165563e+04 3.191895e+04  
2.111783e-02 8.853388e+03 1.601553e+04 2.152764e+04 3.172690e+04  
2.141220e-02 8.799562e+03 1.591667e+04 2.139336e+04 3.152558e+04  
2.171068e-02 8.743151e+03 1.581314e+04 2.125278e+04 3.131498e+04  
2.201331e-02 8.684164e+03 1.570494e+04 2.110593e+04 3.109511e+04  
2.232016e-02 8.622610e+03 1.559210e+04 2.095284e+04 3.086605e+04  
2.263130e-02 8.558507e+03 1.547466e+04 2.079356e+04 3.062790e+04  
2.294676e-02 8.491878e+03 1.535264e+04 2.062816e+04 3.038071e+04  
2.326663e-02 8.422747e+03 1.522611e+04 2.045668e+04 3.012458e+04  
2.359095e-02 8.351139e+03 1.509511e+04 2.027920e+04 2.985963e+04  
2.391980e-02 8.277082e+03 1.495970e+04 2.009580e+04 2.958599e+04  
2.425323e-02 8.200609e+03 1.481993e+04 1.990656e+04 2.930377e+04  
2.459130e-02 8.121763e+03 1.467588e+04 1.971159e+04 2.901313e+04  
2.493409e-02 8.040592e+03 1.452765e+04 1.951101e+04 2.871427e+04  
2.528166e-02 7.957155e+03 1.437535e+04 1.930498e+04 2.840743e+04  
2.563407e-02 7.871513e+03 1.421908e+04 1.909365e+04 2.809282e+04  
2.599140e-02 7.783723e+03 1.405896e+04 1.887714e+04 2.777065e+04  
2.635371e-02 7.693843e+03 1.389509e+04 1.865564e+04 2.744117e+04  
2.672106e-02 7.601945e+03 1.372760e+04 1.842931e+04 2.710465e+04  
2.709354e-02 7.508102e+03 1.355664e+04 1.819833e+04 2.676134e+04  
2.747121e-02 7.412403e+03 1.338235e+04 1.796292e+04 2.641157e+04  
2.785414e-02 7.314943e+03 1.320493e+04 1.772333e+04 2.605574e+04  
2.824241e-02 7.215828e+03 1.302455e+04 1.747981e+04 2.569420e+04  
2.863610e-02 7.115149e+03 1.284140e+04 1.723259e+04 2.532730e+04  
2.903527e-02 7.012999e+03 1.265562e+04 1.698190e+04 2.495536e+04  
2.944000e-02 6.909479e+03 1.246743e+04 1.672800e+04 2.457880e+04  
2.985038e-02 6.804699e+03 1.227701e+04 1.647115e+04 2.419801e+04  
3.026648e-02 6.698781e+03 1.208459e+04 1.621165e+04 2.381340e+04  
3.068838e-02 6.591856e+03 1.189040e+04 1.594982e+04 2.342546e+04  
3.111616e-02 6.484069e+03 1.169471e+04 1.568604e+04 2.303475e+04  
3.154990e-02 6.375549e+03 1.149775e+04 1.542060e+04 2.264171e+04  
3.198969e-02 6.266410e+03 1.129973e+04 1.515378e+04 2.224675e+04  
3.243561e-02 6.156777e+03 1.110088e+04 1.488588e+04 2.185030e+04  
3.288774e-02 6.046786e+03 1.090144e+04 1.461726e+04 2.145292e+04  
3.334618e-02 5.936580e+03 1.070167e+04 1.434825e+04 2.105507e+04  
3.381101e-02 5.826314e+03 1.050186e+04 1.407922e+04 2.065730e+04  
3.428231e-02 5.716156e+03 1.030229e+04 1.381057e+04 2.026020e+04  
3.476019e-02 5.606266e+03 1.010328e+04 1.354272e+04 1.986440e+04  
3.524473e-02 5.496776e+03 9.905043e+03 1.327597e+04 1.947031e+04  
3.573602e-02 5.387826e+03 9.707839e+03 1.301064e+04 1.907844e+04  
3.623416e-02 5.279566e+03 9.511935e+03 1.274711e+04 1.868930e+04  
3.673925e-02 5.172155e+03 9.317627e+03 1.248578e+04 1.830352e+04  
3.725137e-02 5.065761e+03 9.125203e+03 1.222702e+04 1.792162e+04  
3.777064e-02 4.960562e+03 8.934986e+03 1.197126e+04 1.754423e+04  
3.829714e-02 4.856724e+03 8.747275e+03 1.171891e+04 1.717194e+04  
3.883098e-02 4.754354e+03 8.562263e+03 1.147023e+04 1.680516e+04  
3.937226e-02 4.653541e+03 8.380105e+03 1.122542e+04 1.644415e+04  
3.992109e-02 4.554383e+03 8.200972e+03 1.098471e+04 1.608924e+04  
4.047757e-02 4.456978e+03 8.025044e+03 1.074833e+04 1.574080e+04  
4.104181e-02 4.361429e+03 7.852508e+03 1.051654e+04 1.539920e+04  
4.161391e-02 4.267841e+03 7.683540e+03 1.028957e+04 1.506475e+04  
4.219398e-02 4.176323e+03 7.518337e+03 1.006768e+04 1.473783e+04  
4.278214e-02 4.087003e+03 7.357127e+03 9.851181e+03 1.441891e+04  
4.337850e-02 4.000015e+03 7.200152e+03 9.640389e+03 1.410844e+04  
4.398317e-02 3.915500e+03 7.047653e+03 9.435619e+03 1.380688e+04  
4.459628e-02 3.833604e+03 6.899885e+03 9.237211e+03 1.351470e+04  
4.521792e-02 3.754477e+03 6.757124e+03 9.045535e+03 1.323246e+04  
4.584824e-02 3.678278e+03 6.619644e+03 8.860954e+03 1.296069e+04  
4.648734e-02 3.605141e+03 6.487676e+03 8.683768e+03 1.269980e+04  
4.713535e-02 3.535090e+03 6.361261e+03 8.514027e+03 1.244986e+04  
4.779239e-02 3.468116e+03 6.240383e+03 8.351714e+03 1.221086e+04  
4.845859e-02 3.404197e+03 6.124995e+03 8.196763e+03 1.198268e+04  
4.913407e-02 3.343303e+03 6.015037e+03 8.049082e+03 1.176519e+04  
4.981898e-02 3.285393e+03 5.910431e+03 7.908567e+03 1.155822e+04  
5.051342e-02 3.230422e+03 5.811097e+03 7.775116e+03 1.136164e+04  
5.121755e-02 3.178358e+03 5.716970e+03 7.648633e+03 1.117530e+04  
5.193150e-02 3.129178e+03 5.628000e+03 7.529046e+03 1.099906e+04  
5.265540e-02 3.082851e+03 5.544128e+03 7.416270e+03 1.083282e+04  
5.338938e-02 3.039339e+03 5.465286e+03 7.310224e+03 1.067646e+04  
5.413360e-02 2.998588e+03 5.391370e+03 7.210754e+03 1.052975e+04  
5.488820e-02 2.960534e+03 5.322253e+03 7.117689e+03 1.039242e+04  
5.565331e-02 2.925081e+03 5.257761e+03 7.030791e+03 1.026412e+04  
5.642908e-02 2.892113e+03 5.197693e+03 6.949804e+03 1.014450e+04  
5.721568e-02 2.861498e+03 5.141797e+03 6.874375e+03 1.003303e+04  
5.801323e-02 2.833086e+03 5.089802e+03 6.804141e+03 9.929175e+03  
5.882190e-02 2.806711e+03 5.041410e+03 6.738704e+03 9.832349e+03  
5.964185e-02 2.782209e+03 4.996332e+03 6.677690e+03 9.742044e+03  
6.047322e-02 2.759406e+03 4.954246e+03 6.620656e+03 9.657581e+03  
6.131619e-02 2.738112e+03 4.914812e+03 6.567148e+03 9.578307e+03  
6.217090e-02 2.718119e+03 4.877661e+03 6.516677e+03 9.503515e+03  
6.303753e-02 2.699202e+03 4.842399e+03 6.468729e+03 9.432488e+03  
6.391624e-02 2.681139e+03 4.808621e+03 6.422754e+03 9.364401e+03  
6.480720e-02 2.663712e+03 4.775943e+03 6.378243e+03 9.298520e+03  
6.571058e-02 2.646687e+03 4.743952e+03 6.334656e+03 9.234075e+03  
6.662655e-02 2.629808e+03 4.712208e+03 6.291413e+03 9.170247e+03  
6.755528e-02 2.612803e+03 4.680222e+03 6.247860e+03 9.106068e+03  
6.849697e-02 2.595420e+03 4.647553e+03 6.203417e+03 9.040700e+03  
6.945178e-02 2.577401e+03 4.613758e+03 6.157504e+03 8.973321e+03  
7.041990e-02 2.558465e+03 4.578355e+03 6.109492e+03 8.903034e+03  
7.140151e-02 2.538315e+03 4.540816e+03 6.058679e+03 8.828802e+03  
7.239681e-02 2.516685e+03 4.500690e+03 6.004470e+03 8.749764e+03  
7.340598e-02 2.493348e+03 4.457594e+03 5.946373e+03 8.665227e+03  
7.442922e-02 2.468063e+03 4.411115e+03 5.883847e+03 8.574409e+03  
7.546673e-02 2.440569e+03 4.360806e+03 5.816299e+03 8.476427e+03  
7.651869e-02 2.410668e+03 4.306329e+03 5.743290e+03 8.370642e+03  
7.758532e-02 2.378245e+03 4.247510e+03 5.664602e+03 8.256754e+03  
7.866682e-02 2.343188e+03 4.184160e+03 5.579988e+03 8.134393e+03  
7.976339e-02 2.305379e+03 4.116084e+03 5.489190e+03 8.003159e+03  
8.087525e-02 2.264782e+03 4.043229e+03 5.392142e+03 7.862948e+03  
8.200261e-02 2.221446e+03 3.965703e+03 5.289000e+03 7.714003e+03  
8.314568e-02 2.175428e+03 3.883612e+03 5.179901e+03 7.556497e+03  
8.430468e-02 2.126807e+03 3.797098e+03 5.065029e+03 7.390676e+03  
8.547985e-02 2.075756e+03 3.706468e+03 4.944793e+03 7.217124e+03  
8.667139e-02 2.022506e+03 3.612143e+03 4.819759e+03 7.036683e+03  
8.787954e-02 1.967307e+03 3.514551e+03 4.690484e+03 6.850135e+03  
8.910453e-02 1.910448e+03 3.414194e+03 4.557626e+03 6.658421e+03  
9.034660e-02 1.852270e+03 3.311665e+03 4.421965e+03 6.462671e+03  
9.160598e-02 1.793151e+03 3.207628e+03 4.284390e+03 6.264202e+03  
9.288292e-02 1.733495e+03 3.102771e+03 4.145792e+03 6.064281e+03  
9.417766e-02 1.673725e+03 2.997822e+03 4.007130e+03 5.864297e+03  
9.549045e-02 1.614248e+03 2.893482e+03 3.869322e+03 5.665586e+03  
9.682153e-02 1.555498e+03 2.790506e+03 3.733375e+03 5.469634e+03  
9.817117e-02 1.497935e+03 2.689672e+03 3.600296e+03 5.277878e+03  
9.953962e-02 1.442009e+03 2.591751e+03 3.471098e+03 5.091792e+03  
1.009272e-01 1.388073e+03 2.497347e+03 3.346574e+03 4.912527e+03  
1.023340e-01 1.336482e+03 2.407076e+03 3.227540e+03 4.741283e+03  
1.037605e-01 1.287610e+03 2.321568e+03 3.114810e+03 4.579219e+03  
1.052069e-01 1.241761e+03 2.241337e+03 3.009059e+03 4.427312e+03  
1.066734e-01 1.199123e+03 2.166705e+03 2.910707e+03 4.286174e+03  
1.081604e-01 1.159886e+03 2.097997e+03 2.820183e+03 4.156433e+03  
1.096681e-01 1.124224e+03 2.035496e+03 2.737847e+03 4.038594e+03  
1.111968e-01 1.092186e+03 1.979278e+03 2.663795e+03 3.932798e+03  
1.127468e-01 1.063762e+03 1.929322e+03 2.597998e+03 3.839006e+03  
1.143184e-01 1.038932e+03 1.885584e+03 2.540397e+03 3.757140e+03  
1.159120e-01 1.017605e+03 1.847891e+03 2.490756e+03 3.686854e+03  
1.175277e-01 9.996093e+02 1.815936e+03 2.448668e+03 3.627566e+03  
1.191660e-01 9.847476e+02 1.789373e+03 2.413680e+03 3.578633e+03  
1.208271e-01 9.727753e+02 1.767772e+03 2.385223e+03 3.539250e+03  
1.225114e-01 9.633652e+02 1.750556e+03 2.362537e+03 3.508317e+03  
1.242191e-01 9.561524e+02 1.737089e+03 2.344785e+03 3.484640e+03  
1.259506e-01 9.507328e+02 1.726677e+03 2.331060e+03 3.466922e+03  
1.277063e-01 9.466458e+02 1.718526e+03 2.320321e+03 3.453663e+03  
1.294865e-01 9.433865e+02 1.711766e+03 2.311425e+03 3.443205e+03  
1.312915e-01 9.404307e+02 1.705504e+03 2.303202e+03 3.433846e+03  
1.331216e-01 9.372714e+02 1.698886e+03 2.294535e+03 3.423958e+03  
1.349772e-01 9.333706e+02 1.691000e+03 2.284227e+03 3.411776e+03  
1.368587e-01 9.282223e+02 1.680992e+03 2.271154e+03 3.395628e+03  
1.387665e-01 9.214229e+02 1.668190e+03 2.254432e+03 3.374185e+03  
1.407008e-01 9.125639e+02 1.651918e+03 2.233173e+03 3.346109e+03  
1.426621e-01 9.013356e+02 1.631662e+03 2.206696e+03 3.310346e+03  
1.446507e-01 8.875366e+02 1.607091e+03 2.174559e+03 3.266201e+03  
1.466671e-01 8.709911e+02 1.577920e+03 2.136382e+03 3.213067e+03  
1.487115e-01 8.517111e+02 1.544185e+03 2.092211e+03 3.150977e+03  
1.507845e-01 8.297814e+02 1.506032e+03 2.042233e+03 3.080175e+03  
1.528864e-01 8.053920e+02 1.463788e+03 1.986871e+03 3.001273e+03  
1.550175e-01 7.789055e+02 1.418065e+03 1.926935e+03 2.915463e+03  
1.571784e-01 7.507498e+02 1.369594e+03 1.863386e+03 2.824178e+03  
1.593694e-01 7.214882e+02 1.319316e+03 1.797462e+03 2.729269e+03  
1.615909e-01 6.917746e+02 1.268329e+03 1.730610e+03 2.632901e+03  
1.638434e-01 6.622646e+02 1.217733e+03 1.664280e+03 2.537243e+03  
1.661273e-01 6.336098e+02 1.168627e+03 1.599914e+03 2.444445e+03  
1.684430e-01 6.064212e+02 1.122027e+03 1.538851e+03 2.356499e+03  
1.707910e-01 5.811407e+02 1.078674e+03 1.482058e+03 2.274841e+03  
1.731717e-01 5.581715e+02 1.039241e+03 1.430418e+03 2.200774e+03  
1.755856e-01 5.377511e+02 1.004125e+03 1.384450e+03 2.135055e+03  
1.780332e-01 5.200489e+02 9.736034e+02 1.344513e+03 2.078215e+03  
1.805149e-01 5.051134e+02 9.477502e+02 1.310703e+03 2.030397e+03  
1.830312e-01 4.929158e+02 9.265113e+02 1.282947e+03 1.991497e+03  
1.855825e-01 4.833359e+02 9.096787e+02 1.260973e+03 1.961123e+03  
1.881694e-01 4.761711e+02 8.969020e+02 1.244323e+03 1.938625e+03  
1.907924e-01 4.711021e+02 8.876385e+02 1.232289e+03 1.922982e+03  
1.934520e-01 4.677013e+02 8.811668e+02 1.223928e+03 1.912818e+03  
1.961486e-01 4.654429e+02 8.766033e+02 1.218084e+03 1.906438e+03  
1.988828e-01 4.637150e+02 8.729228e+02 1.213414e+03 1.901861e+03  
2.016551e-01 4.619089e+02 8.691101e+02 1.208585e+03 1.897093e+03  
2.044661e-01 4.594234e+02 8.641669e+02 1.202279e+03 1.890135e+03  
2.073162e-01 4.557664e+02 8.572787e+02 1.193417e+03 1.879334e+03  
2.102061e-01 4.505240e+02 8.477612e+02 1.181091e+03 1.863286e+03  
2.131362e-01 4.434528e+02 8.352153e+02 1.164766e+03 1.841138e+03  
2.161073e-01 4.344216e+02 8.194290e+02 1.144152e+03 1.812404e+03  
2.191197e-01 4.234690e+02 8.004708e+02 1.119333e+03 1.777190e+03  
2.221741e-01 4.107670e+02 7.786296e+02 1.090692e+03 1.736069e+03  
2.252711e-01 3.966465e+02 7.544581e+02 1.058959e+03 1.690153e+03  
2.284112e-01 3.815819e+02 7.287450e+02 1.025178e+03 1.641031e+03  
2.315951e-01 3.661424e+02 7.024356e+02 9.906007e+02 1.590630e+03  
2.348235e-01 3.509188e+02 6.765083e+02 9.565255e+02 1.540938e+03  
2.380968e-01 3.364672e+02 6.518835e+02 9.241669e+02 1.493801e+03  
2.414157e-01 3.232631e+02 6.293458e+02 8.945543e+02 1.450766e+03  
2.447809e-01 3.116451e+02 6.094528e+02 8.684228e+02 1.412944e+03  
2.481930e-01 3.018278e+02 5.925558e+02 8.462323e+02 1.381024e+03  
2.516527e-01 2.938751e+02 5.787557e+02 8.281137e+02 1.355201e+03  
2.551606e-01 2.877178e+02 5.679325e+02 8.139041e+02 1.335218e+03  
2.587174e-01 2.831532e+02 5.597475e+02 8.031638e+02 1.320437e+03  
2.623238e-01 2.798386e+02 5.536310e+02 7.951464e+02 1.309749e+03  
2.659804e-01 2.773325e+02 5.488517e+02 7.888919e+02 1.301716e+03  
2.696881e-01 2.751440e+02 5.445973e+02 7.833262e+02 1.294702e+03  
2.734474e-01 2.727797e+02 5.400565e+02 7.773835e+02 1.287100e+03  
2.772591e-01 2.698078e+02 5.345191e+02 7.701219e+02 1.277458e+03  
2.811239e-01 2.658982e+02 5.274433e+02 7.608189e+02 1.264649e+03  
2.850426e-01 2.608523e+02 5.185021e+02 7.490326e+02 1.247965e+03  
2.890160e-01 2.546178e+02 5.076143e+02 7.346566e+02 1.227243e+03  
2.930447e-01 2.473133e+02 4.949776e+02 7.179523e+02 1.202880e+03  
2.971296e-01 2.392164e+02 4.810502e+02 6.995273e+02 1.175815e+03  
3.012714e-01 2.307259e+02 4.664876e+02 6.802502e+02 1.147384e+03  
3.054710e-01 2.222914e+02 4.520309e+02 6.611089e+02 1.119124e+03  
3.097291e-01 2.143376e+02 4.383764e+02 6.430247e+02 1.092447e+03  
3.140465e-01 2.071927e+02 4.260591e+02 6.267016e+02 1.068422e+03  
3.184242e-01 2.010628e+02 4.154129e+02 6.125763e+02 1.047702e+03  
3.228628e-01 1.960258e+02 4.065641e+02 6.008166e+02 1.030547e+03  
3.273634e-01 1.920313e+02 3.994266e+02 5.913079e+02 1.016780e+03  
3.319266e-01 1.889007e+02 3.937048e+02 5.836585e+02 1.005800e+03  
3.365535e-01 1.863465e+02 3.889263e+02 5.772460e+02 9.966652e+02  
3.412449e-01 1.840084e+02 3.845038e+02 5.712984e+02 9.882064e+02  
3.460016e-01 1.815331e+02 3.798601e+02 5.650528e+02 9.792574e+02  
3.508247e-01 1.786440e+02 3.745427e+02 5.579068e+02 9.688847e+02  
3.557150e-01 1.751750e+02 3.682822e+02 5.495029e+02 9.565371e+02  
3.606735e-01 1.710856e+02 3.610156e+02 5.397596e+02 9.420941e+02  
3.657011e-01 1.664600e+02 3.528820e+02 5.288617e+02 9.258431e+02  
3.707988e-01 1.614952e+02 3.442019e+02 5.172323e+02 9.084321e+02  
3.759675e-01 1.564699e+02 3.354310e+02 5.054772e+02 8.907991e+02  
3.812083e-01 1.516717e+02 3.270377e+02 4.942176e+02 8.738992e+02  
3.865221e-01 1.473292e+02 3.193921e+02 4.839408e+02 8.584721e+02  
3.919100e-01 1.435690e+02 3.126949e+02 4.749064e+02 8.448995e+02  
3.973730e-01 1.404071e+02 3.069716e+02 4.671487e+02 8.332335e+02  
4.029122e-01 1.377608e+02 3.020868e+02 4.604892e+02 8.232024e+02  
4.085286e-01 1.354561e+02 2.977576e+02 4.545552e+02 8.142398e+02  
4.142232e-01 1.332692e+02 2.936184e+02 4.488620e+02 8.056033e+02  
4.199973e-01 1.309892e+02 2.893311e+02 4.429670e+02 7.966289e+02  
4.258518e-01 1.284735e+02 2.846663e+02 4.365689e+02 7.868616e+02  
4.317880e-01 1.256588e+02 2.795228e+02 4.295349e+02 7.761031e+02  
4.378069e-01 1.225770e+02 2.739506e+02 4.219285e+02 7.644465e+02  
4.439097e-01 1.193495e+02 2.681493e+02 4.140175e+02 7.523102e+02  
4.500975e-01 1.161505e+02 2.624003e+02 4.061726e+02 7.402576e+02  
4.563716e-01 1.131361e+02 2.569533e+02 3.987216e+02 7.287811e+02  
4.627332e-01 1.104069e+02 2.519666e+02 3.918683e+02 7.181782e+02  
4.691835e-01 1.080017e+02 2.475037e+02 3.856976e+02 7.085778e+02  
4.757236e-01 1.058824e+02 2.435018e+02 3.801260e+02 6.998514e+02  
4.823549e-01 1.039356e+02 2.397780e+02 3.749130e+02 6.916367e+02  
4.890787e-01 1.020323e+02 2.361241e+02 3.697848e+02 6.835216e+02  
4.958962e-01 1.000681e+02 2.323761e+02 3.645296e+02 6.751973e+02  
5.028087e-01 9.798603e+01 2.284436e+02 3.590301e+02 6.664923e+02  
5.098176e-01 9.578483e+01 2.243249e+02 3.532843e+02 6.574061e+02  
5.169242e-01 9.352707e+01 2.201192e+02 3.474216e+02 6.481319e+02  
5.241298e-01 9.130979e+01 2.159828e+02 3.416478e+02 6.389790e+02  
5.314359e-01 8.921067e+01 2.120385e+02 3.361225e+02 6.301810e+02  
5.388438e-01 8.727708e+01 2.083595e+02 3.309387e+02 6.218704e+02  
5.463550e-01 8.550853e+01 2.049435e+02 3.260923e+02 6.140374e+02  
5.539709e-01 8.385646e+01 2.017145e+02 3.214858e+02 6.065402e+02  
5.616930e-01 8.225092e+01 1.985621e+02 3.169757e+02 5.991701e+02  
5.695227e-01 8.063673e+01 1.953983e+02 3.124480e+02 5.917609e+02  
5.774615e-01 7.898172e+01 1.921730e+02 3.078387e+02 5.842228e+02  
5.855110e-01 7.729353e+01 1.889001e+02 3.031673e+02 5.765881e+02  
5.936727e-01 7.561465e+01 1.856462e+02 2.985200e+02 5.689824e+02  
6.019482e-01 7.398860e+01 1.824781e+02 2.939816e+02 5.615250e+02  
6.103390e-01 7.244808e+01 1.794467e+02 2.896175e+02 5.543086e+02  
6.188468e-01 7.100079e+01 1.765643e+02 2.854433e+02 5.473548e+02  
6.274732e-01 6.962125e+01 1.737907e+02 2.814073e+02 5.405892e+02  
6.362198e-01 6.827722e+01 1.710745e+02 2.774429e+02 5.339162e+02  
6.450884e-01 6.694134e+01 1.683743e+02 2.734981e+02 5.272651e+02  
6.540806e-01 6.559880e+01 1.656679e+02 2.695458e+02 5.206003e+02  
6.631981e-01 6.426855e+01 1.629848e+02 2.656235e+02 5.139748e+02  
6.724427e-01 6.297011e+01 1.603536e+02 2.617665e+02 5.074359e+02  
6.818162e-01 6.170962e+01 1.577845e+02 2.579886e+02 5.010037e+02  
6.913204e-01 6.049346e+01 1.552875e+02 2.543021e+02 4.946949e+02  
7.009570e-01 5.932299e+01 1.528642e+02 2.507089e+02 4.885113e+02  
7.107280e-01 5.818873e+01 1.504987e+02 2.471880e+02 4.824227e+02  
7.206351e-01 5.707964e+01 1.481753e+02 2.437208e+02 4.764055e+02  
7.306804e-01 5.598437e+01 1.458772e+02 2.402862e+02 4.704323e+02  
7.408657e-01 5.490195e+01 1.436029e+02 2.368827e+02 4.645015e+02  
7.511929e-01 5.383905e+01 1.413611e+02 2.335206e+02 4.586258e+02  
7.616642e-01 5.280350e+01 1.391649e+02 2.302166e+02 4.528283e+02  
7.722814e-01 5.180096e+01 1.370224e+02 2.269807e+02 4.471217e+02  
7.830465e-01 5.082827e+01 1.349286e+02 2.238063e+02 4.414969e+02  
7.939618e-01 4.987969e+01 1.328741e+02 2.206815e+02 4.359375e+02  
8.050292e-01 4.894952e+01 1.308513e+02 2.175977e+02 4.304338e+02  
8.162509e-01 4.803510e+01 1.288564e+02 2.145501e+02 4.249800e+02  
8.276289e-01 4.713829e+01 1.268917e+02 2.115417e+02 4.195796e+02  
8.391656e-01 4.626128e+01 1.249600e+02 2.085754e+02 4.142359e+02  
8.508632e-01 4.540638e+01 1.230653e+02 2.056564e+02 4.089557e+02  
8.627237e-01 4.457308e+01 1.212066e+02 2.027834e+02 4.037373e+02  
8.747496e-01 4.375945e+01 1.193807e+02 1.999526e+02 3.985756e+02  
8.869432e-01 4.296340e+01 1.175845e+02 1.971597e+02 3.934653e+02  
8.993067e-01 4.218360e+01 1.158164e+02 1.944035e+02 3.884053e+02  
9.118425e-01 4.141994e+01 1.140762e+02 1.916836e+02 3.833952e+02  
9.245531e-01 4.067240e+01 1.123635e+02 1.889994e+02 3.784339e+02  
9.374409e-01 3.994099e+01 1.106782e+02 1.863507e+02 3.735211e+02  
9.505083e-01 3.922567e+01 1.090206e+02 1.837379e+02 3.686575e+02  
9.637579e-01 3.852596e+01 1.073898e+02 1.811601e+02 3.638418e+02  
9.771921e-01 3.784117e+01 1.057846e+02 1.786155e+02 3.590720e+02  
9.908137e-01 3.717082e+01 1.042042e+02 1.761035e+02 3.543470e+02  
1.004625e+00 3.651460e+01 1.026484e+02 1.736237e+02 3.496668e+02  
1.018629e+00 3.587212e+01 1.011166e+02 1.711756e+02 3.450345e+02  
1.032828e+00 3.524275e+01 9.960764e+01 1.687574e+02 3.404384e+02  
1.047225e+00 3.462620e+01 9.812113e+01 1.663690e+02 3.358857e+02  
1.061823e+00 3.402231e+01 9.665695e+01 1.640102e+02 3.313746e+02  
1.076624e+00 3.343079e+01 9.521466e+01 1.616804e+02 3.269043e+02  
1.091632e+00 3.285113e+01 9.379322e+01 1.593784e+02 3.224749e+02  
1.106848e+00 3.228320e+01 9.239259e+01 1.571042e+02 3.180797e+02  
1.122277e+00 3.172673e+01 9.101247e+01 1.548575e+02 3.137272e+02  
1.137921e+00 3.118141e+01 8.965233e+01 1.526376e+02 3.094131e+02  
1.153783e+00 3.064668e+01 8.831116e+01 1.504433e+02 3.051359e+02  
1.169866e+00 3.012250e+01 8.698905e+01 1.482748e+02 3.008959e+02  
1.186174e+00 2.960861e+01 8.568568e+01 1.461318e+02 2.966928e+02  
1.202708e+00 2.910473e+01 8.440059e+01 1.440136e+02 2.925259e+02  
1.219473e+00 2.861039e+01 8.313290e+01 1.419192e+02 2.883942e+02  
1.236472e+00 2.812559e+01 8.188279e+01 1.398490e+02 2.842979e+02  
1.253708e+00 2.765007e+01 8.064989e+01 1.378024e+02 2.802366e+02  
1.271184e+00 2.718355e+01 7.943376e+01 1.357790e+02 2.762099e+02  
1.288904e+00 2.672566e+01 7.823374e+01 1.337780e+02 2.722170e+02  
1.306870e+00 2.627637e+01 7.704993e+01 1.317996e+02 2.682580e+02  
1.325087e+00 2.583544e+01 7.588196e+01 1.298434e+02 2.643326e+02  
1.343558e+00 2.540261e+01 7.472945e+01 1.279088e+02 2.604404e+02  
1.362287e+00 2.497760e+01 7.359191e+01 1.259955e+02 2.565810e+02  
1.381276e+00 2.456038e+01 7.246938e+01 1.241046e+02 2.527544e+02  
1.400531e+00 2.415074e+01 7.136155e+01 1.222334e+02 2.489604e+02  
1.420053e+00 2.374844e+01 7.026808e+01 1.203827e+02 2.451986e+02  
1.439848e+00 2.336597e+01 6.918861e+01 1.185522e+02 2.414689e+02  
1.459919e+00 2.296518e+01 6.812309e+01 1.167417e+02 2.377712e+02  
1.480269e+00 2.258394e+01 6.707126e+01 1.149510e+02 2.341054e+02  
1.500903e+00 2.220937e+01 6.603280e+01 1.131798e+02 2.304712e+02  
1.521825e+00 2.184128e+01 6.500744e+01 1.114278e+02 2.268685e+02  
1.543038e+00 2.147959e+01 6.399511e+01 1.096935e+02 2.232973e+02  
1.564548e+00 2.112413e+01 6.299557e+01 1.079795e+02 2.197575e+02  
1.586357e+00 2.077472e+01 6.200853e+01 1.062840e+02 2.162490e+02  
1.608469e+00 2.043120e+01 6.103380e+01 1.046068e+02 2.127717e+02  
1.630891e+00 2.009350e+01 6.007128e+01 1.029480e+02 2.093256e+02  
1.653624e+00 1.976149e+01 5.912079e+01 1.013072e+02 2.059108e+02  
1.676675e+00 1.943497e+01 5.818206e+01 9.968420e+01 2.025271e+02  
1.700047e+00 1.911386e+01 5.725496e+01 9.807888e+01 1.991746e+02  
1.723745e+00 1.879807e+01 5.633937e+01 9.649112e+01 1.958535e+02  
1.747773e+00 1.848748e+01 5.543515e+01 9.492076e+01 1.925634e+02  
1.772136e+00 1.818192e+01 5.454202e+01 9.336755e+01 1.893046e+02  
1.796838e+00 1.788129e+01 5.365991e+01 9.183140e+01 1.860770e+02  
1.821885e+00 1.758552e+01 5.278868e+01 9.031220e+01 1.828808e+02  
1.847281e+00 1.729452e+01 5.192823e+01 8.880980e+01 1.797161e+02  
1.873032e+00 1.700811e+01 5.107830e+01 8.732402e+01 1.765828e+02  
1.899141e+00 1.672626e+01 5.023884e+01 8.585478e+01 1.734810e+02  
1.925614e+00 1.644888e+01 4.940975e+01 8.440198e+01 1.704110e+02  
1.952456e+00 1.617588e+01 4.859075e+01 8.296549e+01 1.673726e+02  
1.979672e+00 1.590709e+01 4.778192e+01 8.154370e+01 1.643661e+02  
2.007267e+00 1.564249e+01 4.698308e+01 8.013943e+01 1.613915e+02  
2.035248e+00 1.538201e+01 4.619413e+01 7.875115e+01 1.584489e+02  
2.063618e+00 1.512557e+01 4.541494e+01 7.737877e+01 1.555385e+02  
2.092383e+00 1.487301e+01 4.464535e+01 7.602213e+01 1.526602e+02  
2.121550e+00 1.462433e+01 4.388532e+01 7.468119e+01 1.498143e+02  
2.151123e+00 1.437946e+01 4.313475e+01 7.335588e+01 1.470008e+02  
2.181109e+00 1.413831e+01 4.239353e+01 7.204609e+01 1.442198e+02  
2.211512e+00 1.390078e+01 4.166152e+01 7.075171e+01 1.414714e+02  
2.242340e+00 1.366684e+01 4.093713e+01 6.947271e+01 1.387558e+02  
2.273597e+00 1.343643e+01 4.022337e+01 6.820900e+01 1.360730e+02  
2.305289e+00 1.320947e+01 3.951859e+01 6.696050e+01 1.334230e+02  
2.337424e+00 1.298586e+01 3.882267e+01 6.572713e+01 1.308059e+02  
2.370006e+00 1.276558e+01 3.813558e+01 6.450884e+01 1.282219e+02  
2.403043e+00 1.254859e+01 3.745723e+01 6.330556e+01 1.256710e+02  
2.436540e+00 1.233481e+01 3.678752e+01 6.211722e+01 1.231533e+02  
2.470504e+00 1.212416e+01 3.612637e+01 6.094461e+01 1.206690e+02  
2.504942e+00 1.191663e+01 3.547373e+01 5.978595e+01 1.183978e+02  
2.539859e+00 1.171216e+01 3.482952e+01 5.864206e+01 1.158000e+02  
2.575263e+00 1.151067e+01 3.419373e+01 5.751287e+01 1.134154e+02  
2.611161e+00 1.131213e+01 3.356614e+01 5.639833e+01 1.110642e+02  
2.647559e+00 1.111650e+01 3.294677e+01 5.529837e+01 1.087464e+02  
2.684465e+00 1.092373e+01 3.233554e+01 5.421296e+01 1.064619e+02  
2.721885e+00 1.073376e+01 3.173239e+01 5.314203e+01 1.042107e+02  
2.759826e+00 1.054655e+01 3.113725e+01 5.208553e+01 1.019928e+02  
2.798297e+00 1.036208e+01 3.055006e+01 5.104340e+01 9.980812e+01  
2.837304e+00 1.018028e+01 2.997077e+01 5.001561e+01 9.765668e+01  
2.876854e+00 1.000112e+01 2.939923e+01 4.900207e+01 9.553838e+01  
2.916956e+00 9.824566e+00 2.883553e+01 4.800212e+01 9.345314e+01  
2.957617e+00 9.650577e+00 2.827954e+01 4.701701e+01 9.140089e+01  
2.998844e+00 9.479120e+00 2.773121e+01 4.604599e+01 8.938151e+01  
3.040646e+00 9.310142e+00 2.719046e+01 4.508902e+01 8.739489e+01  
3.083031e+00 9.143620e+00 2.665725e+01 4.414604e+01 8.544090e+01  
3.126007e+00 8.979519e+00 2.613152e+01 4.321700e+01 8.351942e+01  
3.169582e+00 8.817808e+00 2.561322e+01 4.230185e+01 8.163030e+01  
3.213764e+00 8.658297e+00 2.510229e+01 4.140051e+01 7.977337e+01  
3.258562e+00 8.501252e+00 2.459868e+01 4.051294e+01 7.794845e+01  
3.303985e+00 8.346499e+00 2.410234e+01 3.963906e+01 7.615538e+01  
3.350041e+00 8.194010e+00 2.361321e+01 3.877882e+01 7.439396e+01  
3.396739e+00 8.043741e+00 2.313125e+01 3.793214e+01 7.266372e+01  
3.444087e+00 7.895674e+00 2.265640e+01 3.710130e+01 7.096475e+01  
3.492096e+00 7.749781e+00 2.218862e+01 3.628157e+01 6.929698e+01  
3.540774e+00 7.606034e+00 2.172784e+01 3.547520e+01 6.766045e+01  
3.590130e+00 7.464396e+00 2.127403e+01 3.468210e+01 6.605396e+01  
3.640175e+00 7.324848e+00 2.082713e+01 3.390220e+01 6.447774e+01  
3.690917e+00 7.187367e+00 2.038709e+01 3.313543e+01 6.293151e+01  
3.742366e+00 7.051923e+00 1.995386e+01 3.238169e+01 6.141501e+01  
3.794533e+00 6.918488e+00 1.952740e+01 3.164091e+01 5.992795e+01  
3.847427e+00 6.787042e+00 1.910766e+01 3.091298e+01 5.847004e+01  
3.901058e+00 6.657563e+00 1.869458e+01 3.019783e+01 5.704100e+01  
3.955436e+00 6.530023e+00 1.828811e+01 2.949568e+01 5.564050e+01  
4.010573e+00 6.404397e+00 1.788821e+01 2.880578e+01 5.426824e+01  
4.066478e+00 6.280666e+00 1.749484e+01 2.812836e+01 5.292390e+01  
4.123163e+00 6.158809e+00 1.710792e+01 2.746305e+01 5.160717e+01  
4.180637e+00 6.038800e+00 1.672743e+01 2.681031e+01 5.031771e+01  
4.238913e+00 5.920616e+00 1.635331e+01 2.616975e+01 4.905517e+01  
4.298001e+00 5.804240e+00 1.598550e+01 2.554125e+01 4.781923e+01  
4.357913e+00 5.689652e+00 1.562396e+01 2.492470e+01 4.660955e+01  
4.418660e+00 5.576827e+00 1.526863e+01 2.431999e+01 4.542576e+01  
4.480254e+00 5.465745e+00 1.491946e+01 2.372701e+01 4.426752e+01  
4.542706e+00 5.356390e+00 1.457641e+01 2.314563e+01 4.313447e+01  
4.606029e+00 5.248740e+00 1.423943e+01 2.257574e+01 4.202626e+01  
4.670234e+00 5.142774e+00 1.390844e+01 2.201721e+01 4.103409e+01  
4.735335e+00 5.038474e+00 1.358342e+01 2.146991e+01 3.988233e+01  
4.801343e+00 4.935822e+00 1.326555e+01 2.093372e+01 3.884718e+01  
4.868271e+00 4.834799e+00 1.295224e+01 2.040852e+01 3.783445e+01  
4.936132e+00 4.735385e+00 1.264472e+01 1.989416e+01 3.684491e+01  
5.004939e+00 4.637562e+00 1.234174e+01 1.938812e+01 3.587801e+01  
5.074705e+00 4.541315e+00 1.204565e+01 1.889508e+01 3.493336e+01  
5.145444e+00 4.446623e+00 1.175518e+01 1.841250e+01 3.401059e+01  
5.217169e+00 4.353470e+00 1.147028e+01 1.794023e+01 3.310934e+01  
5.289893e+00 4.261837e+00 1.119087e+01 1.747832e+01 3.222922e+01  
5.363631e+00 4.171818e+00 1.091691e+01 1.702622e+01 3.136988e+01  
5.438397e+00 4.083067e+00 1.064834e+01 1.658393e+01 3.053093e+01  
5.514206e+00 3.995895e+00 1.038509e+01 1.615152e+01 2.971200e+01  
5.591071e+00 3.910177e+00 1.012710e+01 1.572872e+01 2.891273e+01  
5.669007e+00 3.825895e+00 9.874317e+00 1.531539e+01 2.813275e+01  
5.748030e+00 3.743035e+00 9.626674e+00 1.491138e+01 2.737170e+01  
5.828155e+00 3.661578e+00 9.384109e+00 1.451656e+01 2.662921e+01  
5.909396e+00 3.581509e+00 9.146559e+00 1.413077e+01 2.590492e+01  
5.991770e+00 3.502813e+00 8.913963e+00 1.375387e+01 2.519846e+01  
6.075292e+00 3.425473e+00 8.686255e+00 1.338572e+01 2.450950e+01  
6.159978e+00 3.349475e+00 8.464175e+00 1.302617e+01 2.383764e+01  
6.245845e+00 3.274801e+00 8.246026e+00 1.267507e+01 2.318259e+01  
6.332908e+00 3.201438e+00 8.031818e+00 1.233229e+01 2.254358e+01  
6.421186e+00 3.129370e+00 7.823020e+00 1.199767e+01 2.192107e+01  
6.510694e+00 3.058581e+00 7.618781e+00 1.167108e+01 2.131431e+01  
6.601449e+00 2.989057e+00 7.419047e+00 1.135237e+01 2.072297e+01  
6.693470e+00 2.920783e+00 7.223746e+00 1.104139e+01 2.014671e+01  
6.786773e+00 2.853744e+00 7.032815e+00 1.073804e+01 1.958520e+01  
6.881377e+00 2.787926e+00 6.846181e+00 1.044204e+01 1.903813e+01  
6.977300e+00 2.723312e+00 6.663782e+00 1.015341e+01 1.850516e+01  
7.074559e+00 2.659890e+00 6.485550e+00 9.871935e+00 1.798602e+01  
7.173175e+00 2.597645e+00 6.311420e+00 9.597491e+00 1.748063e+01  
7.273165e+00 2.536563e+00 6.141325e+00 9.329985e+00 1.698912e+01  
7.374549e+00 2.476628e+00 5.975199e+00 9.069168e+00 1.650949e+01  
7.477346e+00 2.417827e+00 5.812976e+00 8.814967e+00 1.604219e+01  
7.581576e+00 2.360147e+00 5.654589e+00 8.567242e+00 1.558702e+01  
7.687260e+00 2.303678e+00 5.500424e+00 8.325862e+00 1.514469e+01  
7.794416e+00 2.248089e+00 5.349497e+00 8.090691e+00 1.471367e+01  
7.903066e+00 2.193685e+00 5.201818e+00 7.861558e+00 1.429410e+01  
8.013230e+00 2.140344e+00 5.058119e+00 7.638408e+00 1.388472e+01  
8.124930e+00 2.088055e+00 4.917929e+00 7.421075e+00 1.348723e+01  
8.238187e+00 2.036799e+00 4.781183e+00 7.209531e+00 1.310041e+01  
8.353023e+00 1.986569e+00 4.647816e+00 7.003354e+00 1.272396e+01  
8.469460e+00 1.937349e+00 4.517764e+00 6.802714e+00 1.235785e+01  
8.587519e+00 1.889125e+00 4.390963e+00 6.607391e+00 1.200139e+01  
8.707225e+00 1.841941e+00 4.267651e+00 6.417258e+00 1.165444e+01  
8.828599e+00 1.795666e+00 4.146864e+00 6.232208e+00 1.131708e+01  
8.951665e+00 1.750347e+00 4.029431e+00 6.052116e+00 1.098761e+01  
9.076446e+00 1.705971e+00 3.914980e+00 5.876867e+00 1.067111e+01  
9.202967e+00 1.662524e+00 3.803498e+00 5.706354e+00 1.035917e+01  
9.331251e+00 1.619994e+00 3.694896e+00 5.540452e+00 1.005718e+01  
9.461324e+00 1.578366e+00 3.589113e+00 5.379056e+00 9.763491e+00  
9.593209e+00 1.537659e+00 3.486090e+00 5.222986e+00 9.477895e+00  
9.726934e+00 1.497726e+00 3.385807e+00 5.069408e+00 9.200187e+00  
9.862522e+00 1.458730e+00 3.288128e+00 4.920868e+00 8.930276e+00  
1.000000e+01 1.420584e+00 3.193034e+00 4.776666e+00 8.667647e+00  
