1.000000e-02 5.113200e+03 9.256547e+03 1.244421e+04 1.833349e+04  
1.013939e-02 5.139583e+03 9.304063e+03 1.250785e+04 1.842668e+04  
1.028073e-02 5.165514e+03 9.350752e+03 1.257037e+04 1.851822e+04  
1.042404e-02 5.190976e+03 9.396585e+03 1.263174e+04 1.860803e+04  
1.056935e-02 5.215952e+03 9.441532e+03 1.269191e+04 1.869606e+04  
1.071668e-02 5.240427e+03 9.485564e+03 1.275084e+04 1.878226e+04  
1.086606e-02 5.264384e+03 9.528652e+03 1.280849e+04 1.886655e+04  
1.101753e-02 5.287807e+03 9.570766e+03 1.286483e+04 1.894890e+04  
1.117111e-02 5.310680e+03 9.611878e+03 1.291982e+04 1.902923e+04  
1.132683e-02 5.332986e+03 9.651955e+03 1.297341e+04 1.910749e+04  
1.148472e-02 5.354707e+03 9.690965e+03 1.302555e+04 1.918360e+04  
1.164481e-02 5.375824e+03 9.728874e+03 1.307621e+04 1.925751e+04  
1.180713e-02 5.396319e+03 9.765651e+03 1.312534e+04 1.932915e+04  
1.197171e-02 5.416176e+03 9.801264e+03 1.317290e+04 1.939846e+04  
1.213859e-02 5.435376e+03 9.835680e+03 1.321884e+04 1.946537e+04  
1.230780e-02 5.453902e+03 9.868869e+03 1.326312e+04 1.952982e+04  
1.247936e-02 5.471736e+03 9.900797e+03 1.330571e+04 1.959175e+04  
1.265332e-02 5.488858e+03 9.931429e+03 1.334654e+04 1.965109e+04  
1.282970e-02 5.505249e+03 9.960730e+03 1.338557e+04 1.970776e+04  
1.300854e-02 5.520891e+03 9.988666e+03 1.342277e+04 1.976170e+04  
1.318987e-02 5.535765e+03 1.001520e+04 1.345807e+04 1.981284e+04  
1.337373e-02 5.549853e+03 1.004031e+04 1.349145e+04 1.986112e+04  
1.356015e-02 5.563136e+03 1.006395e+04 1.352285e+04 1.990648e+04  
1.374917e-02 5.575598e+03 1.008610e+04 1.355223e+04 1.994884e+04  
1.394083e-02 5.587219e+03 1.010672e+04 1.357955e+04 1.998815e+04  
1.413516e-02 5.597982e+03 1.012578e+04 1.360476e+04 2.002435e+04  
1.433219e-02 5.607870e+03 1.014324e+04 1.362783e+04 2.005736e+04  
1.453198e-02 5.616866e+03 1.015908e+04 1.364871e+04 2.008713e+04  
1.473454e-02 5.624955e+03 1.017328e+04 1.366736e+04 2.011361e+04  
1.493993e-02 5.632121e+03 1.018579e+04 1.368375e+04 2.013673e+04  
1.514819e-02 5.638348e+03 1.019660e+04 1.369783e+04 2.015645e+04  
1.535935e-02 5.643618e+03 1.020566e+04 1.370957e+04 2.017270e+04  
1.557345e-02 5.647914e+03 1.021296e+04 1.371892e+04 2.018542e+04  
1.579053e-02 5.651217e+03 1.021845e+04 1.372584e+04 2.019453e+04  
1.601064e-02 5.653511e+03 1.022211e+04 1.373029e+04 2.020000e+04  
1.623382e-02 5.654782e+03 1.022390e+04 1.373223e+04 2.020175e+04  
1.646012e-02 5.655014e+03 1.022381e+04 1.373163e+04 2.019975e+04  
1.668956e-02 5.654194e+03 1.022181e+04 1.372845e+04 2.019393e+04  
1.692220e-02 5.652307e+03 1.021787e+04 1.372266e+04 2.018425e+04  
1.715809e-02 5.649339e+03 1.021197e+04 1.371422e+04 2.017067e+04  
1.739726e-02 5.645278e+03 1.020408e+04 1.370312e+04 2.015314e+04  
1.763977e-02 5.640113e+03 1.019419e+04 1.368931e+04 2.013162e+04  
1.788566e-02 5.633835e+03 1.018228e+04 1.367277e+04 2.010607e+04  
1.813498e-02 5.626435e+03 1.016833e+04 1.365350e+04 2.007647e+04  
1.838777e-02 5.617906e+03 1.015233e+04 1.363147e+04 2.004280e+04  
1.864409e-02 5.608238e+03 1.013426e+04 1.360665e+04 2.000502e+04  
1.890397e-02 5.597422e+03 1.011411e+04 1.357903e+04 1.996310e+04  
1.916748e-02 5.585448e+03 1.009186e+04 1.354858e+04 1.991701e+04  
1.943467e-02 5.572312e+03 1.006751e+04 1.351529e+04 1.986673e+04  
1.970558e-02 5.558009e+03 1.004103e+04 1.347915e+04 1.981224e+04  
1.998026e-02 5.542535e+03 1.001244e+04 1.344016e+04 1.975354e+04  
2.025878e-02 5.525890e+03 9.981717e+03 1.339831e+04 1.969063e+04  
2.054117e-02 5.508073e+03 9.948873e+03 1.335361e+04 1.962350e+04  
2.082751e-02 5.489082e+03 9.913902e+03 1.330604e+04 1.955216e+04  
2.111783e-02 5.468920e+03 9.876808e+03 1.325561e+04 1.947660e+04  
2.141220e-02 5.447589e+03 9.837599e+03 1.320234e+04 1.939686e+04  
2.171068e-02 5.425097e+03 9.796286e+03 1.314624e+04 1.931294e+04  
2.201331e-02 5.401451e+03 9.752885e+03 1.308734e+04 1.922489e+04  
2.232016e-02 5.376665e+03 9.707419e+03 1.302565e+04 1.913275e+04  
2.263130e-02 5.350747e+03 9.659906e+03 1.296122e+04 1.903656e+04  
2.294676e-02 5.323706e+03 9.610360e+03 1.289406e+04 1.893635e+04  
2.326663e-02 5.295553e+03 9.558802e+03 1.282419e+04 1.883215e+04  
2.359095e-02 5.266300e+03 9.505257e+03 1.275165e+04 1.872403e+04  
2.391980e-02 5.235966e+03 9.449756e+03 1.267648e+04 1.861205e+04  
2.425323e-02 5.204569e+03 9.392335e+03 1.259874e+04 1.849628e+04  
2.459130e-02 5.172133e+03 9.333037e+03 1.251847e+04 1.837679e+04  
2.493409e-02 5.138682e+03 9.271904e+03 1.243574e+04 1.825369e+04  
2.528166e-02 5.104233e+03 9.208973e+03 1.235060e+04 1.812705e+04  
2.563407e-02 5.068811e+03 9.144283e+03 1.226310e+04 1.799694e+04  
2.599140e-02 5.032440e+03 9.077882e+03 1.217330e+04 1.786346e+04  
2.635371e-02 4.995150e+03 9.009824e+03 1.208128e+04 1.772671e+04  
2.672106e-02 4.956975e+03 8.940171e+03 1.198712e+04 1.758684e+04  
2.709354e-02 4.917951e+03 8.868989e+03 1.189091e+04 1.744396e+04  
2.747121e-02 4.878117e+03 8.796349e+03 1.179275e+04 1.729821e+04  
2.785414e-02 4.837507e+03 8.722310e+03 1.169272e+04 1.714972e+04  
2.824241e-02 4.796154e+03 8.646938e+03 1.159090e+04 1.699862e+04  
2.863610e-02 4.754098e+03 8.570302e+03 1.148738e+04 1.684504e+04  
2.903527e-02 4.711382e+03 8.492480e+03 1.138228e+04 1.668914e+04  
2.944000e-02 4.668054e+03 8.413560e+03 1.127572e+04 1.653110e+04  
2.985038e-02 4.624166e+03 8.333638e+03 1.116781e+04 1.637111e+04  
3.026648e-02 4.579773e+03 8.252810e+03 1.105870e+04 1.620936e+04  
3.068838e-02 4.534917e+03 8.171155e+03 1.094848e+04 1.604599e+04  
3.111616e-02 4.489643e+03 8.088755e+03 1.083727e+04 1.588120e+04  
3.154990e-02 4.443997e+03 8.005693e+03 1.072518e+04 1.571512e+04  
3.198969e-02 4.398031e+03 7.922062e+03 1.061233e+04 1.554795e+04  
3.243561e-02 4.351801e+03 7.837963e+03 1.049886e+04 1.537988e+04  
3.288774e-02 4.305367e+03 7.753507e+03 1.038493e+04 1.521115e+04  
3.334618e-02 4.258792e+03 7.668806e+03 1.027067e+04 1.504197e+04  
3.381101e-02 4.212127e+03 7.583952e+03 1.015621e+04 1.487251e+04  
3.428231e-02 4.165417e+03 7.499027e+03 1.004167e+04 1.470295e+04  
3.476019e-02 4.118713e+03 7.414124e+03 9.927171e+03 1.453347e+04  
3.524473e-02 4.072066e+03 7.329334e+03 9.812828e+03 1.436424e+04  
3.573602e-02 4.025533e+03 7.244758e+03 9.698781e+03 1.419547e+04  
3.623416e-02 3.979172e+03 7.160504e+03 9.585174e+03 1.402737e+04  
3.673925e-02 3.933049e+03 7.076688e+03 9.472167e+03 1.386017e+04  
3.725137e-02 3.887215e+03 6.993402e+03 9.359877e+03 1.369405e+04  
3.777064e-02 3.841711e+03 6.910721e+03 9.248406e+03 1.352915e+04  
3.829714e-02 3.796582e+03 6.828724e+03 9.137863e+03 1.336563e+04  
3.883098e-02 3.751875e+03 6.747498e+03 9.028362e+03 1.320367e+04  
3.937226e-02 3.707637e+03 6.667125e+03 8.920014e+03 1.304343e+04  
3.992109e-02 3.663919e+03 6.587697e+03 8.812940e+03 1.288507e+04  
4.047757e-02 3.620775e+03 6.509309e+03 8.707270e+03 1.272880e+04  
4.104181e-02 3.578246e+03 6.432038e+03 8.603104e+03 1.257477e+04  
4.161391e-02 3.536352e+03 6.355915e+03 8.500487e+03 1.242302e+04  
4.219398e-02 3.495111e+03 6.280975e+03 8.399461e+03 1.227364e+04  
4.278214e-02 3.454543e+03 6.207252e+03 8.300073e+03 1.212668e+04  
4.337850e-02 3.414664e+03 6.134777e+03 8.202368e+03 1.198222e+04  
4.398317e-02 3.375492e+03 6.063577e+03 8.106379e+03 1.184030e+04  
4.459628e-02 3.337043e+03 5.993682e+03 8.012143e+03 1.170097e+04  
4.521792e-02 3.299331e+03 5.925118e+03 7.919699e+03 1.156430e+04  
4.584824e-02 3.262366e+03 5.857901e+03 7.829070e+03 1.143032e+04  
4.648734e-02 3.226156e+03 5.792045e+03 7.740269e+03 1.129905e+04  
4.713535e-02 3.190707e+03 5.727560e+03 7.653310e+03 1.117050e+04  
4.779239e-02 3.156026e+03 5.664458e+03 7.568211e+03 1.104472e+04  
4.845859e-02 3.122115e+03 5.602740e+03 7.484976e+03 1.092169e+04  
4.913407e-02 3.088974e+03 5.542408e+03 7.403601e+03 1.080142e+04  
4.981898e-02 3.056588e+03 5.483431e+03 7.324047e+03 1.068385e+04  
5.051342e-02 3.024910e+03 5.425727e+03 7.246207e+03 1.056883e+04  
5.121755e-02 2.993881e+03 5.369191e+03 7.169938e+03 1.045616e+04  
5.193150e-02 2.963438e+03 5.313707e+03 7.095086e+03 1.034559e+04  
5.265540e-02 2.933509e+03 5.259148e+03 7.021482e+03 1.023689e+04  
5.338938e-02 2.904018e+03 5.205380e+03 6.948950e+03 1.012981e+04  
5.413360e-02 2.874883e+03 5.152254e+03 6.877288e+03 1.002405e+04  
5.488820e-02 2.846034e+03 5.099648e+03 6.806335e+03 9.919371e+03  
5.565331e-02 2.817405e+03 5.047440e+03 6.735928e+03 9.815543e+03  
5.642908e-02 2.788919e+03 4.995501e+03 6.665901e+03 9.712337e+03  
5.721568e-02 2.760494e+03 4.943681e+03 6.596050e+03 9.609442e+03  
5.801323e-02 2.732040e+03 4.891820e+03 6.526161e+03 9.506548e+03  
5.882190e-02 2.703471e+03 4.839768e+03 6.456038e+03 9.403372e+03  
5.964185e-02 2.674727e+03 4.787424e+03 6.385551e+03 9.299737e+03  
6.047322e-02 2.645745e+03 4.734671e+03 6.314540e+03 9.195400e+03  
6.131619e-02 2.616456e+03 4.681390e+03 6.242848e+03 9.090131e+03  
6.217090e-02 2.586787e+03 4.627454e+03 6.170307e+03 8.983690e+03  
6.303753e-02 2.556662e+03 4.572734e+03 6.096753e+03 8.875848e+03  
6.391624e-02 2.526024e+03 4.517126e+03 6.022042e+03 8.766383e+03  
6.480720e-02 2.494819e+03 4.460539e+03 5.946056e+03 8.655122e+03  
6.571058e-02 2.462993e+03 4.402878e+03 5.868670e+03 8.541890e+03  
6.662655e-02 2.430486e+03 4.344045e+03 5.789757e+03 8.426507e+03  
6.755528e-02 2.397238e+03 4.283933e+03 5.709175e+03 8.308753e+03  
6.849697e-02 2.363227e+03 4.222505e+03 5.626873e+03 8.188553e+03  
6.945178e-02 2.328443e+03 4.159749e+03 5.542840e+03 8.065896e+03  
7.041990e-02 2.292876e+03 4.095652e+03 5.457061e+03 7.940764e+03  
7.140151e-02 2.256516e+03 4.030195e+03 5.369508e+03 7.813102e+03  
7.239681e-02 2.219371e+03 3.963397e+03 5.280207e+03 7.682945e+03  
7.340598e-02 2.181490e+03 3.895348e+03 5.189282e+03 7.550484e+03  
7.442922e-02 2.142931e+03 3.826156e+03 5.096877e+03 7.415924e+03  
7.546673e-02 2.103759e+03 3.755932e+03 5.003138e+03 7.279468e+03  
7.651869e-02 2.064048e+03 3.684808e+03 4.908240e+03 7.141369e+03  
7.758532e-02 2.023898e+03 3.612968e+03 4.812432e+03 7.001998e+03  
7.866682e-02 1.983428e+03 3.540621e+03 4.715987e+03 6.861751e+03  
7.976339e-02 1.942765e+03 3.467988e+03 4.619201e+03 6.721048e+03  
8.087525e-02 1.902046e+03 3.395311e+03 4.522392e+03 6.580356e+03  
8.200261e-02 1.861404e+03 3.322827e+03 4.425879e+03 6.440150e+03  
8.314568e-02 1.820970e+03 3.250764e+03 4.329962e+03 6.300859e+03  
8.430468e-02 1.780885e+03 3.179367e+03 4.234963e+03 6.162949e+03  
8.547985e-02 1.741296e+03 3.108894e+03 4.141225e+03 6.026920e+03  
8.667139e-02 1.702335e+03 3.039579e+03 4.049063e+03 5.893246e+03  
8.787954e-02 1.664128e+03 2.971637e+03 3.958755e+03 5.762325e+03  
8.910453e-02 1.626808e+03 2.905298e+03 3.870607e+03 5.634600e+03  
9.034660e-02 1.590507e+03 2.840793e+03 3.784920e+03 5.510513e+03  
9.160598e-02 1.555331e+03 2.778308e+03 3.701949e+03 5.390452e+03  
9.288292e-02 1.521383e+03 2.718015e+03 3.621915e+03 5.274727e+03  
9.417766e-02 1.488769e+03 2.660097e+03 3.545059e+03 5.163693e+03  
9.549045e-02 1.457562e+03 2.604678e+03 3.471542e+03 5.057588e+03  
9.682153e-02 1.427803e+03 2.551831e+03 3.401468e+03 4.956582e+03  
9.817117e-02 1.399530e+03 2.501612e+03 3.334904e+03 4.860760e+03  
9.953962e-02 1.372779e+03 2.454083e+03 3.271929e+03 4.770241e+03  
1.009272e-01 1.347542e+03 2.409223e+03 3.212519e+03 4.684995e+03  
1.023340e-01 1.323747e+03 2.366911e+03 3.156513e+03 4.604804e+03  
1.037605e-01 1.301308e+03 2.326987e+03 3.103694e+03 4.529338e+03  
1.052069e-01 1.280129e+03 2.289279e+03 3.053836e+03 4.458268e+03  
1.066734e-01 1.260082e+03 2.253567e+03 3.006645e+03 4.391171e+03  
1.081604e-01 1.241007e+03 2.219572e+03 2.961758e+03 4.327524e+03  
1.096681e-01 1.222727e+03 2.186978e+03 2.918750e+03 4.266692e+03  
1.111968e-01 1.205050e+03 2.155455e+03 2.877181e+03 4.208028e+03  
1.127468e-01 1.187799e+03 2.124693e+03 2.836646e+03 4.150939e+03  
1.143184e-01 1.170794e+03 2.094384e+03 2.796735e+03 4.094826e+03  
1.159120e-01 1.153838e+03 2.064183e+03 2.756988e+03 4.038994e+03  
1.175277e-01 1.136748e+03 2.033775e+03 2.716988e+03 3.982820e+03  
1.191660e-01 1.119390e+03 2.002932e+03 2.676431e+03 3.925855e+03  
1.208271e-01 1.101624e+03 1.971415e+03 2.635003e+03 3.867628e+03  
1.225114e-01 1.083313e+03 1.938985e+03 2.592379e+03 3.807634e+03  
1.242191e-01 1.064378e+03 1.905508e+03 2.548383e+03 3.745604e+03  
1.259506e-01 1.044765e+03 1.870898e+03 2.502901e+03 3.681363e+03  
1.277063e-01 1.024423e+03 1.835066e+03 2.455813e+03 3.614718e+03  
1.294865e-01 1.003371e+03 1.798046e+03 2.407158e+03 3.545712e+03  
1.312915e-01 9.816879e+02 1.759976e+03 2.357118e+03 3.474602e+03  
1.331216e-01 9.594639e+02 1.721016e+03 2.305907e+03 3.401712e+03  
1.349772e-01 9.368254e+02 1.681381e+03 2.253810e+03 3.327453e+03  
1.368587e-01 9.139366e+02 1.641354e+03 2.201195e+03 3.252367e+03  
1.387665e-01 8.909757e+02 1.601239e+03 2.148468e+03 3.177056e+03  
1.407008e-01 8.681152e+02 1.561338e+03 2.096032e+03 3.102132e+03  
1.426621e-01 8.455224e+02 1.521934e+03 2.044259e+03 3.028144e+03  
1.446507e-01 8.233730e+02 1.483324e+03 1.993543e+03 2.955680e+03  
1.466671e-01 8.018138e+02 1.445761e+03 1.944216e+03 2.885240e+03  
1.487115e-01 7.809804e+02 1.409478e+03 1.896595e+03 2.817311e+03  
1.507845e-01 7.610086e+02 1.374702e+03 1.850976e+03 2.752332e+03  
1.528864e-01 7.420158e+02 1.341631e+03 1.807621e+03 2.690698e+03  
1.550175e-01 7.241194e+02 1.310463e+03 1.766793e+03 2.632810e+03  
1.571784e-01 7.073953e+02 1.281330e+03 1.728672e+03 2.578956e+03  
1.593694e-01 6.918490e+02 1.254234e+03 1.693256e+03 2.529129e+03  
1.615909e-01 6.774667e+02 1.229147e+03 1.660510e+03 2.483283e+03  
1.638434e-01 6.641398e+02 1.205882e+03 1.630185e+03 2.441051e+03  
1.661273e-01 6.517107e+02 1.184172e+03 1.601932e+03 2.401922e+03  
1.684430e-01 6.399946e+02 1.163695e+03 1.575317e+03 2.365236e+03  
1.707910e-01 6.287783e+02 1.144086e+03 1.549857e+03 2.330264e+03  
1.731717e-01 6.178466e+02 1.124978e+03 1.525063e+03 2.296267e+03  
1.755856e-01 6.070392e+02 1.106101e+03 1.500578e+03 2.262708e+03  
1.780332e-01 5.962036e+02 1.087192e+03 1.476046e+03 2.229032e+03  
1.805149e-01 5.852231e+02 1.068050e+03 1.451201e+03 2.194828e+03  
1.830312e-01 5.740014e+02 1.048516e+03 1.425825e+03 2.159761e+03  
1.855825e-01 5.624622e+02 1.028460e+03 1.399750e+03 2.123566e+03  
1.881694e-01 5.505520e+02 1.007790e+03 1.372844e+03 2.086029e+03  
1.907924e-01 5.382499e+02 9.864705e+02 1.345060e+03 2.047069e+03  
1.934520e-01 5.255916e+02 9.645642e+02 1.316481e+03 2.006808e+03  
1.961486e-01 5.126537e+02 9.422026e+02 1.287282e+03 1.965514e+03  
1.988828e-01 4.995910e+02 9.196459e+02 1.257807e+03 1.923708e+03  
2.016551e-01 4.865781e+02 8.971899e+02 1.228453e+03 1.881998e+03  
2.044661e-01 4.737947e+02 8.751412e+02 1.199629e+03 1.841020e+03  
2.073162e-01 4.614054e+02 8.537776e+02 1.171708e+03 1.801349e+03  
2.102061e-01 4.495198e+02 8.332817e+02 1.144932e+03 1.763360e+03  
2.131362e-01 4.382206e+02 8.137921e+02 1.119488e+03 1.727342e+03  
2.161073e-01 4.275446e+02 7.953722e+02 1.095461e+03 1.693434e+03  
2.191197e-01 4.175075e+02 7.780460e+02 1.072884e+03 1.661692e+03  
2.221741e-01 4.081003e+02 7.617955e+02 1.051733e+03 1.632079e+03  
2.252711e-01 3.992812e+02 7.465488e+02 1.031913e+03 1.604453e+03  
2.284112e-01 3.909741e+02 7.321783e+02 1.013254e+03 1.578559e+03  
2.315951e-01 3.830666e+02 7.184919e+02 9.954988e+02 1.553999e+03  
2.348235e-01 3.754257e+02 7.052635e+02 9.783442e+02 1.530304e+03  
2.380968e-01 3.679217e+02 6.922729e+02 9.614951e+02 1.507015e+03  
2.414157e-01 3.604395e+02 6.793287e+02 9.446951e+02 1.483734e+03  
2.447809e-01 3.528932e+02 6.662836e+02 9.277449e+02 1.460146e+03  
2.481930e-01 3.452303e+02 6.530485e+02 9.105237e+02 1.436059e+03  
2.516527e-01 3.374316e+02 6.395909e+02 8.929871e+02 1.411403e+03  
2.551606e-01 3.295236e+02 6.259582e+02 8.751990e+02 1.386274e+03  
2.587174e-01 3.215612e+02 6.122403e+02 8.572792e+02 1.360860e+03  
2.623238e-01 3.136271e+02 5.985767e+02 8.394151e+02 1.335455e+03  
2.659804e-01 3.058187e+02 5.851310e+02 8.218268e+02 1.310405e+03  
2.696881e-01 2.982295e+02 5.720622e+02 8.047291e+02 1.286047e+03  
2.734474e-01 2.909294e+02 5.594851e+02 7.882763e+02 1.262627e+03  
2.772591e-01 2.839598e+02 5.474690e+02 7.725621e+02 1.240295e+03  
2.811239e-01 2.773359e+02 5.360386e+02 7.576200e+02 1.219105e+03  
2.850426e-01 2.710474e+02 5.251775e+02 7.434286e+02 1.199024e+03  
2.890160e-01 2.650621e+02 5.148290e+02 7.299119e+02 1.179937e+03  
2.930447e-01 2.593282e+02 5.049059e+02 7.169528e+02 1.161662e+03  
2.971296e-01 2.537793e+02 4.952964e+02 7.044008e+02 1.143962e+03  
3.012714e-01 2.483462e+02 4.858849e+02 6.921001e+02 1.126591e+03  
3.054710e-01 2.429665e+02 4.765653e+02 6.799079e+02 1.109326e+03  
3.097291e-01 2.375998e+02 4.672699e+02 6.677327e+02 1.092025e+03  
3.140465e-01 2.322358e+02 4.579816e+02 6.555512e+02 1.074647e+03  
3.184242e-01 2.268908e+02 4.487280e+02 6.434005e+02 1.057253e+03  
3.228628e-01 2.215934e+02 4.395561e+02 6.313448e+02 1.039947e+03  
3.273634e-01 2.163785e+02 4.305246e+02 6.194635e+02 1.022855e+03  
3.319266e-01 2.112847e+02 4.216978e+02 6.078431e+02 1.006115e+03  
3.365535e-01 2.063503e+02 4.131400e+02 5.965707e+02 9.898646e+02  
3.412449e-01 2.016055e+02 4.049006e+02 5.857138e+02 9.742150e+02  
3.460016e-01 1.970567e+02 3.969899e+02 5.752869e+02 9.591904e+02  
3.508247e-01 1.926837e+02 3.893742e+02 5.652435e+02 9.447156e+02  
3.557150e-01 1.884525e+02 3.819963e+02 5.555070e+02 9.306709e+02  
3.606735e-01 1.843339e+02 3.748068e+02 5.460117e+02 9.169554e+02  
3.657011e-01 1.803078e+02 3.677722e+02 5.367121e+02 9.034992e+02  
3.707988e-01 1.763551e+02 3.608604e+02 5.275645e+02 8.902293e+02  
3.759675e-01 1.724560e+02 3.540387e+02 5.185249e+02 8.770795e+02  
3.812083e-01 1.686028e+02 3.472938e+02 5.095764e+02 8.640263e+02  
3.865221e-01 1.648120e+02 3.406532e+02 5.007565e+02 8.511300e+02  
3.919100e-01 1.611060e+02 3.341540e+02 4.921142e+02 8.384646e+02  
3.973730e-01 1.574975e+02 3.278171e+02 4.836787e+02 8.260809e+02  
4.029122e-01 1.539955e+02 3.216576e+02 4.754712e+02 8.140150e+02  
4.085286e-01 1.506012e+02 3.156771e+02 4.674943e+02 8.022716e+02  
4.142232e-01 1.473174e+02 3.098796e+02 4.597514e+02 7.908517e+02  
4.199973e-01 1.441274e+02 3.042377e+02 4.522075e+02 7.797053e+02  
4.258518e-01 1.410166e+02 2.987271e+02 4.448301e+02 7.687832e+02  
4.317880e-01 1.379743e+02 2.933299e+02 4.375954e+02 7.580485e+02  
4.378069e-01 1.349982e+02 2.880415e+02 4.304953e+02 7.474833e+02  
4.439097e-01 1.320799e+02 2.828487e+02 4.235143e+02 7.370702e+02  
4.500975e-01 1.292211e+02 2.777543e+02 4.166564e+02 7.268168e+02  
4.563716e-01 1.264303e+02 2.727720e+02 4.099402e+02 7.167524e+02  
4.627332e-01 1.237117e+02 2.679082e+02 4.033726e+02 7.068839e+02  
4.691835e-01 1.210658e+02 2.631642e+02 3.969577e+02 6.972239e+02  
4.757236e-01 1.184914e+02 2.585379e+02 3.906925e+02 6.877686e+02  
4.823549e-01 1.159879e+02 2.540281e+02 3.845754e+02 6.785146e+02  
4.890787e-01 1.135480e+02 2.496222e+02 3.785881e+02 6.694308e+02  
4.958962e-01 1.111630e+02 2.453064e+02 3.727143e+02 6.604969e+02  
5.028087e-01 1.088341e+02 2.410826e+02 3.669565e+02 6.517177e+02  
5.098176e-01 1.065587e+02 2.369464e+02 3.613083e+02 6.430823e+02  
5.169242e-01 1.043356e+02 2.328951e+02 3.557655e+02 6.345826e+02  
5.241298e-01 1.021665e+02 2.289324e+02 3.503349e+02 6.262337e+02  
5.314359e-01 1.000533e+02 2.250611e+02 3.450199e+02 6.180414e+02  
5.388438e-01 9.799180e+01 2.212740e+02 3.398107e+02 6.099889e+02  
5.463550e-01 9.598368e+01 2.175734e+02 3.347099e+02 6.020798e+02  
5.539709e-01 9.402528e+01 2.139541e+02 3.297118e+02 5.943090e+02  
5.616930e-01 9.211261e+01 2.104095e+02 3.248078e+02 5.866635e+02  
5.695227e-01 9.024416e+01 2.069365e+02 3.199929e+02 5.791341e+02  
5.774615e-01 8.842248e+01 2.035392e+02 3.152728e+02 5.717299e+02  
5.855110e-01 8.664166e+01 2.002086e+02 3.106366e+02 5.644371e+02  
5.936727e-01 8.490536e+01 1.969505e+02 3.060920e+02 5.572676e+02  
6.019482e-01 8.321181e+01 1.937612e+02 3.016332e+02 5.502108e+02  
6.103390e-01 8.155791e+01 1.906361e+02 2.972546e+02 5.432593e+02  
6.188468e-01 7.994501e+01 1.875777e+02 2.929603e+02 5.364210e+02  
6.274732e-01 7.836977e+01 1.845806e+02 2.887431e+02 5.296857e+02  
6.362198e-01 7.683141e+01 1.816426e+02 2.845992e+02 5.230455e+02  
6.450884e-01 7.533005e+01 1.787644e+02 2.805303e+02 5.165046e+02  
6.540806e-01 7.386466e+01 1.759446e+02 2.765351e+02 5.100625e+02  
6.631981e-01 7.243318e+01 1.731800e+02 2.726093e+02 5.037128e+02  
6.724427e-01 7.103521e+01 1.704688e+02 2.687497e+02 4.974488e+02  
6.818162e-01 6.967003e+01 1.678108e+02 2.649567e+02 4.912732e+02  
6.913204e-01 6.833693e+01 1.652048e+02 2.612293e+02 4.851853e+02  
7.009570e-01 6.703511e+01 1.626496e+02 2.575659e+02 4.791827e+02  
7.107280e-01 6.576381e+01 1.601428e+02 2.539624e+02 4.732574e+02  
7.206351e-01 6.452188e+01 1.576837e+02 2.504188e+02 4.674119e+02  
7.306804e-01 6.330841e+01 1.552708e+02 2.469335e+02 4.616439e+02  
7.408657e-01 6.212274e+01 1.529031e+02 2.435048e+02 4.559514e+02  
7.511929e-01 6.096421e+01 1.505783e+02 2.401294e+02 4.503274e+02  
7.616642e-01 5.983189e+01 1.482962e+02 2.368076e+02 4.447748e+02  
7.722814e-01 5.872516e+01 1.460556e+02 2.335382e+02 4.392920e+02  
7.830465e-01 5.764341e+01 1.438555e+02 2.303196e+02 4.338764e+02  
7.939618e-01 5.658598e+01 1.416940e+02 2.271490e+02 4.285230e+02  
8.050292e-01 5.555213e+01 1.395710e+02 2.240268e+02 4.232339e+02  
8.162509e-01 5.454128e+01 1.374853e+02 2.209518e+02 4.180075e+02  
8.276289e-01 5.355285e+01 1.354360e+02 2.179223e+02 4.128411e+02  
8.391656e-01 5.258613e+01 1.334213e+02 2.149360e+02 4.077310e+02  
8.508632e-01 5.164054e+01 1.314411e+02 2.119932e+02 4.026786e+02  
8.627237e-01 5.071559e+01 1.294945e+02 2.090930e+02 3.976827e+02  
8.747496e-01 4.981072e+01 1.275805e+02 2.062336e+02 3.927404e+02  
8.869432e-01 4.892535e+01 1.256978e+02 2.034134e+02 3.878494e+02  
8.993067e-01 4.805900e+01 1.238462e+02 2.006326e+02 3.830107e+02  
9.118425e-01 4.721121e+01 1.220250e+02 1.978903e+02 3.782229e+02  
9.245531e-01 4.638140e+01 1.202330e+02 1.951847e+02 3.734833e+02  
9.374409e-01 4.556906e+01 1.184693e+02 1.925147e+02 3.687905e+02  
9.505083e-01 4.477379e+01 1.167336e+02 1.898803e+02 3.641450e+02  
9.637579e-01 4.399516e+01 1.150253e+02 1.872807e+02 3.595455e+02  
9.771921e-01 4.323263e+01 1.133433e+02 1.847143e+02 3.549895e+02  
9.908137e-01 4.248579e+01 1.116869e+02 1.821803e+02 3.504764e+02  
1.004625e+00 4.175430e+01 1.100559e+02 1.796787e+02 3.460063e+02  
1.018629e+00 4.103773e+01 1.084496e+02 1.772087e+02 3.415780e+02  
1.032828e+00 4.033560e+01 1.068670e+02 1.747687e+02 3.371893e+02  
1.047225e+00 3.964757e+01 1.053077e+02 1.723585e+02 3.328401e+02  
1.061823e+00 3.897330e+01 1.037714e+02 1.699777e+02 3.285300e+02  
1.076624e+00 3.831237e+01 1.022574e+02 1.676257e+02 3.242582e+02  
1.091632e+00 3.766435e+01 1.007647e+02 1.653009e+02 3.200226e+02  
1.106848e+00 3.702901e+01 9.929333e+01 1.630036e+02 3.158234e+02  
1.122277e+00 3.640606e+01 9.784286e+01 1.607332e+02 3.116604e+02  
1.137921e+00 3.579515e+01 9.641279e+01 1.581952e+02 3.075327e+02  
1.153783e+00 3.519594e+01 9.500222e+01 1.562705e+02 3.034388e+02  
1.169866e+00 3.460818e+01 9.361114e+01 1.540771e+02 2.993788e+02  
1.186174e+00 3.403157e+01 9.223914e+01 1.519085e+02 2.953523e+02  
1.202708e+00 3.346579e+01 9.088575e+01 1.497642e+02 2.913587e+02  
1.219473e+00 3.291052e+01 8.955014e+01 1.476432e+02 2.873966e+02  
1.236472e+00 3.236556e+01 8.823241e+01 1.455457e+02 2.834664e+02  
1.253708e+00 3.183063e+01 8.693212e+01 1.434711e+02 2.795675e+02  
1.271184e+00 3.130547e+01 8.564888e+01 1.414191e+02 2.756995e+02  
1.288904e+00 3.078978e+01 8.438203e+01 1.393888e+02 2.718614e+02  
1.306870e+00 3.028338e+01 8.313158e+01 1.373804e+02 2.680535e+02  
1.325087e+00 2.978602e+01 8.189717e+01 1.353933e+02 2.642752e+02  
1.343558e+00 2.929748e+01 8.067844e+01 1.334273e+02 2.605263e+02  
1.362287e+00 2.881751e+01 7.947491e+01 1.314817e+02 2.568061e+02  
1.381276e+00 2.834599e+01 7.828659e+01 1.295566e+02 2.531148e+02  
1.400531e+00 2.788270e+01 7.711316e+01 1.276517e+02 2.494521e+02  
1.420053e+00 2.742742e+01 7.595428e+01 1.257665e+02 2.458176e+02  
1.439848e+00 2.697993e+01 7.480956e+01 1.239007e+02 2.422110e+02  
1.459919e+00 2.654005e+01 7.367892e+01 1.220542e+02 2.386324e+02  
1.480269e+00 2.610763e+01 7.256211e+01 1.202267e+02 2.350815e+02  
1.500903e+00 2.568246e+01 7.145882e+01 1.184179e+02 2.315581e+02  
1.521825e+00 2.526435e+01 7.036876e+01 1.166275e+02 2.280621e+02  
1.543038e+00 2.485317e+01 6.929185e+01 1.148554e+02 2.245936e+02  
1.564548e+00 2.444878e+01 6.822790e+01 1.131015e+02 2.211523e+02  
1.586357e+00 2.405098e+01 6.717659e+01 1.113654e+02 2.177383e+02  
1.608469e+00 2.365961e+01 6.613772e+01 1.096469e+02 2.143514e+02  
1.630891e+00 2.327458e+01 6.511121e+01 1.079459e+02 2.109918e+02  
1.653624e+00 2.289574e+01 6.409689e+01 1.062624e+02 2.076594e+02  
1.676675e+00 2.252292e+01 6.309448e+01 1.045959e+02 2.043541e+02  
1.700047e+00 2.215598e+01 6.210383e+01 1.029464e+02 2.010762e+02  
1.723745e+00 2.179485e+01 6.112486e+01 1.013138e+02 1.978255e+02  
1.747773e+00 2.143938e+01 6.015740e+01 9.969790e+01 1.946023e+02  
1.772136e+00 2.108940e+01 5.920121e+01 9.809855e+01 1.914065e+02  
1.796838e+00 2.074483e+01 5.825618e+01 9.651564e+01 1.882383e+02  
1.821885e+00 2.040557e+01 5.732225e+01 9.494910e+01 1.850978e+02  
1.847281e+00 2.007153e+01 5.639926e+01 9.339881e+01 1.819852e+02  
1.873032e+00 1.974255e+01 5.548700e+01 9.186457e+01 1.789004e+02  
1.899141e+00 1.941856e+01 5.458542e+01 9.034636e+01 1.758437e+02  
1.925614e+00 1.909947e+01 5.369442e+01 8.884409e+01 1.728153e+02  
1.952456e+00 1.878518e+01 5.281386e+01 8.735767e+01 1.698153e+02  
1.979672e+00 1.847552e+01 5.194355e+01 8.588692e+01 1.668439e+02  
2.007267e+00 1.817047e+01 5.108346e+01 8.443185e+01 1.639012e+02  
2.035248e+00 1.786995e+01 5.023350e+01 8.299238e+01 1.609874e+02  
2.063618e+00 1.757387e+01 4.939357e+01 8.156843e+01 1.581028e+02  
2.092383e+00 1.728210e+01 4.856350e+01 8.015990e+01 1.552474e+02  
2.121550e+00 1.699461e+01 4.774327e+01 7.876677e+01 1.524215e+02  
2.151123e+00 1.671132e+01 4.693279e+01 7.738899e+01 1.496254e+02  
2.181109e+00 1.643215e+01 4.613195e+01 7.602647e+01 1.468601e+02  
2.211512e+00 1.615699e+01 4.534064e+01 7.467916e+01 1.441238e+02  
2.242340e+00 1.588581e+01 4.455882e+01 7.334703e+01 1.414177e+02  
2.273597e+00 1.561855e+01 4.378641e+01 7.203004e+01 1.387421e+02  
2.305289e+00 1.535511e+01 4.302331e+01 7.072814e+01 1.360970e+02  
2.337424e+00 1.509542e+01 4.226945e+01 6.944127e+01 1.334827e+02  
2.370006e+00 1.483946e+01 4.152478e+01 6.816942e+01 1.308984e+02  
2.403043e+00 1.458714e+01 4.078921e+01 6.691254e+01 1.283462e+02  
2.436540e+00 1.433841e+01 4.006269e+01 6.566978e+01 1.258251e+02  
2.470504e+00 1.409320e+01 3.934512e+01 6.444273e+01 1.233354e+02  
2.504942e+00 1.385125e+01 3.863647e+01 6.323056e+01 1.208772e+02  
2.539859e+00 1.361294e+01 3.793668e+01 6.203325e+01 1.184506e+02  
2.575263e+00 1.337800e+01 3.724566e+01 6.085167e+01 1.160558e+02  
2.611161e+00 1.314637e+01 3.656337e+01 5.968399e+01 1.136928e+02  
2.647559e+00 1.291801e+01 3.588975e+01 5.853108e+01 1.113616e+02  
2.684465e+00 1.269289e+01 3.522475e+01 5.739196e+01 1.090625e+02  
2.721885e+00 1.247093e+01 3.456831e+01 5.626849e+01 1.067953e+02  
2.759826e+00 1.225210e+01 3.392036e+01 5.515971e+01 1.045603e+02  
2.798297e+00 1.203635e+01 3.328046e+01 5.406560e+01 1.023573e+02  
2.837304e+00 1.182366e+01 3.264939e+01 5.298612e+01 1.001865e+02  
2.876854e+00 1.161396e+01 3.202667e+01 5.192124e+01 9.804777e+01  
2.916956e+00 1.140722e+01 3.141224e+01 5.087199e+01 9.594116e+01  
2.957617e+00 1.120340e+01 3.080606e+01 4.983625e+01 9.386663e+01  
2.998844e+00 1.100248e+01 3.020809e+01 4.881503e+01 9.182414e+01  
3.040646e+00 1.080440e+01 2.961827e+01 4.780828e+01 8.981363e+01  
3.083031e+00 1.060912e+01 2.903656e+01 4.681597e+01 8.783579e+01  
3.126007e+00 1.041663e+01 2.846290e+01 4.583806e+01 8.588893e+01  
3.169582e+00 1.022713e+01 2.789726e+01 4.487452e+01 8.397387e+01  
3.213764e+00 1.004008e+01 2.733958e+01 4.392530e+01 8.209041e+01  
3.258562e+00 9.855709e+00 2.678983e+01 4.299035e+01 8.023845e+01  
3.303985e+00 9.673980e+00 2.624795e+01 4.206963e+01 7.841722e+01  
3.350041e+00 9.494866e+00 2.571390e+01 4.116308e+01 7.662782e+01  
3.396739e+00 9.318325e+00 2.518763e+01 4.027065e+01 7.486943e+01  
3.444087e+00 9.144336e+00 2.466910e+01 3.939228e+01 7.314190e+01  
3.492096e+00 8.972871e+00 2.415827e+01 3.852792e+01 7.144502e+01  
3.540774e+00 8.803901e+00 2.365509e+01 3.767749e+01 6.977861e+01  
3.590130e+00 8.637388e+00 2.315951e+01 3.684092e+01 6.814243e+01  
3.640175e+00 8.473314e+00 2.267148e+01 3.601816e+01 6.653627e+01  
3.690917e+00 8.311651e+00 2.219097e+01 3.520913e+01 6.495990e+01  
3.742366e+00 8.152371e+00 2.171792e+01 3.441374e+01 6.341306e+01  
3.794533e+00 7.995442e+00 2.125228e+01 3.363190e+01 6.189551e+01  
3.847427e+00 7.840847e+00 2.079402e+01 3.286234e+01 6.040697e+01  
3.901058e+00 7.688558e+00 2.034307e+01 3.210734e+01 5.894719e+01  
3.955436e+00 7.538550e+00 1.989940e+01 3.136570e+01 5.751587e+01  
4.010573e+00 7.390796e+00 1.946296e+01 3.063722e+01 5.611273e+01  
4.066478e+00 7.245275e+00 1.903368e+01 2.992184e+01 5.473747e+01  
4.123163e+00 7.101965e+00 1.861153e+01 2.921946e+01 5.338659e+01  
4.180637e+00 6.960838e+00 1.819645e+01 2.852997e+01 5.206616e+01  
4.238913e+00 6.821872e+00 1.778839e+01 2.785325e+01 5.077269e+01  
4.298001e+00 6.685047e+00 1.738730e+01 2.718921e+01 4.950585e+01  
4.357913e+00 6.550339e+00 1.699311e+01 2.653771e+01 4.826532e+01  
4.418660e+00 6.417724e+00 1.660579e+01 2.589865e+01 4.705077e+01  
4.480254e+00 6.287182e+00 1.622526e+01 2.527189e+01 4.586186e+01  
4.542706e+00 6.158692e+00 1.585093e+01 2.465733e+01 4.469824e+01  
4.606029e+00 6.032232e+00 1.548380e+01 2.405481e+01 4.355959e+01  
4.670234e+00 5.907779e+00 1.512331e+01 2.346423e+01 4.244586e+01  
4.735335e+00 5.785313e+00 1.477003e+01 2.288544e+01 4.135579e+01  
4.801343e+00 5.664814e+00 1.442264e+01 2.231832e+01 4.028992e+01  
4.868271e+00 5.546261e+00 1.408170e+01 2.176374e+01 3.924761e+01  
4.936132e+00 5.429633e+00 1.374714e+01 2.121950e+01 3.822849e+01  
5.004939e+00 5.314911e+00 1.341890e+01 2.068652e+01 3.723222e+01  
5.074705e+00 5.202073e+00 1.309691e+01 2.016462e+01 3.625843e+01  
5.145444e+00 5.091101e+00 1.278112e+01 1.965371e+01 3.530677e+01  
5.217169e+00 4.981974e+00 1.247144e+01 1.915358e+01 3.437688e+01  
5.289893e+00 4.874672e+00 1.216783e+01 1.866324e+01 3.346839e+01  
5.363631e+00 4.768888e+00 1.187020e+01 1.818434e+01 3.258096e+01  
5.438397e+00 4.665178e+00 1.157849e+01 1.771583e+01 3.171421e+01  
5.514206e+00 4.563528e+00 1.129263e+01 1.725753e+01 3.086779e+01  
5.591071e+00 4.463335e+00 1.101255e+01 1.680931e+01 3.004135e+01  
5.669007e+00 4.364871e+00 1.073818e+01 1.637101e+01 2.923452e+01  
5.748030e+00 4.268119e+00 1.046945e+01 1.594249e+01 2.844696e+01  
5.828155e+00 4.173057e+00 1.020628e+01 1.552359e+01 2.767831e+01  
5.909396e+00 4.079668e+00 9.948598e+00 1.511416e+01 2.692820e+01  
5.991770e+00 3.987934e+00 9.696338e+00 1.471405e+01 2.619649e+01  
6.075292e+00 3.897835e+00 9.449422e+00 1.432310e+01 2.548206e+01  
6.159978e+00 3.809352e+00 9.207777e+00 1.394118e+01 2.478556e+01  
6.245845e+00 3.722469e+00 8.971328e+00 1.356811e+01 2.410655e+01  
6.332908e+00 3.637166e+00 8.740000e+00 1.320377e+01 2.344408e+01  
6.421186e+00 3.553425e+00 8.513720e+00 1.284824e+01 2.279811e+01  
6.510694e+00 3.471227e+00 8.292410e+00 1.250102e+01 2.216831e+01  
6.601449e+00 3.390556e+00 8.074944e+00 1.216184e+01 2.155435e+01  
6.693470e+00 3.311391e+00 7.863348e+00 1.183084e+01 2.095591e+01  
6.786773e+00 3.233717e+00 7.656498e+00 1.150748e+01 2.037266e+01  
6.881377e+00 3.157513e+00 7.454317e+00 1.119227e+01 1.980429e+01  
6.977300e+00 3.082764e+00 7.257794e+00 1.095545e+01 1.925049e+01  
7.074559e+00 3.009450e+00 7.064730e+00 1.058473e+01 1.871064e+01  
7.173175e+00 2.937553e+00 6.875052e+00 1.029210e+01 1.818527e+01  
7.273165e+00 2.867054e+00 6.690807e+00 1.000672e+01 1.767307e+01  
7.374549e+00 2.797940e+00 6.510855e+00 9.728433e+00 1.717468e+01  
7.477346e+00 2.730190e+00 6.336169e+00 9.457107e+00 1.668929e+01  
7.581576e+00 2.663786e+00 6.164576e+00 9.192598e+00 1.621597e+01  
7.687260e+00 2.598712e+00 5.997058e+00 8.934772e+00 1.575558e+01  
7.794416e+00 2.534635e+00 5.833540e+00 8.683490e+00 1.530736e+01  
7.903066e+00 2.472166e+00 5.673947e+00 8.438617e+00 1.487104e+01  
8.013230e+00 2.411285e+00 5.518208e+00 8.200138e+00 1.444884e+01  
8.124930e+00 2.351349e+00 5.366251e+00 7.967677e+00 1.403548e+01  
8.238187e+00 2.292655e+00 5.218005e+00 7.741234e+00 1.363080e+01  
8.353023e+00 2.235184e+00 5.073398e+00 7.520675e+00 1.323937e+01  
8.469460e+00 2.178918e+00 4.932360e+00 7.305815e+00 1.285871e+01  
8.587519e+00 2.123842e+00 4.794821e+00 7.096648e+00 1.248803e+01  
8.707225e+00 2.069931e+00 4.660713e+00 6.892989e+00 1.212759e+01  
8.828599e+00 2.017179e+00 4.529040e+00 6.694715e+00 1.177696e+01  
8.951665e+00 1.965564e+00 4.402515e+00 6.501708e+00 1.143511e+01  
9.076446e+00 1.915068e+00 4.278290e+00 6.313940e+00 1.110424e+01  
9.202967e+00 1.865673e+00 4.157163e+00 6.131103e+00 1.078189e+01  
9.331251e+00 1.817083e+00 4.039197e+00 5.953184e+00 1.046822e+01  
9.461324e+00 1.769844e+00 3.924262e+00 5.780036e+00 1.016322e+01  
9.593209e+00 1.723934e+00 3.812293e+00 5.611513e+00 9.866676e+00  
9.726934e+00 1.678776e+00 3.703228e+00 5.447665e+00 9.578375e+00  
9.862522e+00 1.634635e+00 3.597005e+00 5.288389e+00 9.298087e+00  
1.000000e+01 1.591491e+00 3.493561e+00 5.133354e+00 9.025669e+00  
