1.000000e-02 4.372142e+03 7.958437e+03 1.075178e+04 1.599631e+04  
1.013939e-02 4.398304e+03 8.005844e+03 1.081564e+04 1.609087e+04  
1.028073e-02 4.424134e+03 8.052639e+03 1.087866e+04 1.618418e+04  
1.042404e-02 4.449616e+03 8.098795e+03 1.094081e+04 1.627619e+04  
1.056935e-02 4.474736e+03 8.144286e+03 1.100206e+04 1.636684e+04  
1.071668e-02 4.499479e+03 8.189085e+03 1.106237e+04 1.645608e+04  
1.086606e-02 4.523830e+03 8.233163e+03 1.112170e+04 1.654385e+04  
1.101753e-02 4.547774e+03 8.276493e+03 1.118001e+04 1.663010e+04  
1.117111e-02 4.571295e+03 8.319048e+03 1.123727e+04 1.671477e+04  
1.132683e-02 4.594377e+03 8.360797e+03 1.129344e+04 1.679781e+04  
1.148472e-02 4.617003e+03 8.401709e+03 1.134847e+04 1.687913e+04  
1.164481e-02 4.639156e+03 8.441753e+03 1.140232e+04 1.695869e+04  
1.180713e-02 4.660820e+03 8.480900e+03 1.145495e+04 1.703644e+04  
1.197171e-02 4.681977e+03 8.519118e+03 1.150633e+04 1.711229e+04  
1.213859e-02 4.702610e+03 8.556376e+03 1.155640e+04 1.718619e+04  
1.230780e-02 4.722702e+03 8.592642e+03 1.160512e+04 1.725808e+04  
1.247936e-02 4.742237e+03 8.627887e+03 1.165246e+04 1.732790e+04  
1.265332e-02 4.761196e+03 8.662077e+03 1.169837e+04 1.739558e+04  
1.282970e-02 4.779561e+03 8.695179e+03 1.174281e+04 1.746105e+04  
1.300854e-02 4.797316e+03 8.727163e+03 1.178572e+04 1.752425e+04  
1.318987e-02 4.814443e+03 8.757998e+03 1.182708e+04 1.758513e+04  
1.337373e-02 4.830925e+03 8.787651e+03 1.186684e+04 1.764361e+04  
1.356015e-02 4.846745e+03 8.816092e+03 1.190496e+04 1.769963e+04  
1.374917e-02 4.861884e+03 8.843286e+03 1.194138e+04 1.775313e+04  
1.394083e-02 4.876323e+03 8.869201e+03 1.197607e+04 1.780405e+04  
1.413516e-02 4.890044e+03 8.893801e+03 1.200898e+04 1.785230e+04  
1.433219e-02 4.903029e+03 8.917053e+03 1.204007e+04 1.789782e+04  
1.453198e-02 4.915258e+03 8.938924e+03 1.206928e+04 1.794055e+04  
1.473454e-02 4.926715e+03 8.959382e+03 1.209658e+04 1.798043e+04  
1.493993e-02 4.937381e+03 8.978395e+03 1.212192e+04 1.801738e+04  
1.514819e-02 4.947239e+03 8.995929e+03 1.214525e+04 1.805134e+04  
1.535935e-02 4.956271e+03 9.011952e+03 1.216655e+04 1.808225e+04  
1.557345e-02 4.964458e+03 9.026433e+03 1.218575e+04 1.811006e+04  
1.579053e-02 4.971784e+03 9.039340e+03 1.220282e+04 1.813468e+04  
1.601064e-02 4.978233e+03 9.050641e+03 1.221772e+04 1.815605e+04  
1.623382e-02 4.983787e+03 9.060310e+03 1.223041e+04 1.817414e+04  
1.646012e-02 4.988433e+03 9.068320e+03 1.224086e+04 1.818888e+04  
1.668956e-02 4.992153e+03 9.074639e+03 1.224901e+04 1.820021e+04  
1.692220e-02 4.994934e+03 9.079240e+03 1.225484e+04 1.820807e+04  
1.715809e-02 4.996759e+03 9.082099e+03 1.225832e+04 1.821242e+04  
1.739726e-02 4.997616e+03 9.083189e+03 1.225940e+04 1.821321e+04  
1.763977e-02 4.997491e+03 9.082487e+03 1.225806e+04 1.821038e+04  
1.788566e-02 4.996373e+03 9.079969e+03 1.225426e+04 1.820390e+04  
1.813498e-02 4.994250e+03 9.075621e+03 1.224798e+04 1.819374e+04  
1.838777e-02 4.991111e+03 9.069418e+03 1.223920e+04 1.817984e+04  
1.864409e-02 4.986941e+03 9.061334e+03 1.222787e+04 1.816215e+04  
1.890397e-02 4.981728e+03 9.051347e+03 1.221397e+04 1.814063e+04  
1.916748e-02 4.975461e+03 9.039438e+03 1.219747e+04 1.811525e+04  
1.943467e-02 4.968128e+03 9.025587e+03 1.217835e+04 1.808597e+04  
1.970558e-02 4.959720e+03 9.009775e+03 1.215657e+04 1.805274e+04  
1.998026e-02 4.950230e+03 8.991988e+03 1.213213e+04 1.801553e+04  
2.025878e-02 4.939651e+03 8.972219e+03 1.210501e+04 1.797436e+04  
2.054117e-02 4.927976e+03 8.950453e+03 1.207519e+04 1.792917e+04  
2.082751e-02 4.915199e+03 8.926680e+03 1.204265e+04 1.787995e+04  
2.111783e-02 4.901319e+03 8.900895e+03 1.200740e+04 1.782668e+04  
2.141220e-02 4.886335e+03 8.873101e+03 1.196944e+04 1.776940e+04  
2.171068e-02 4.870246e+03 8.843297e+03 1.192876e+04 1.770808e+04  
2.201331e-02 4.853056e+03 8.811486e+03 1.188538e+04 1.764272e+04  
2.232016e-02 4.834769e+03 8.777679e+03 1.183929e+04 1.757336e+04  
2.263130e-02 4.815387e+03 8.741883e+03 1.179052e+04 1.750004e+04  
2.294676e-02 4.794915e+03 8.704101e+03 1.173908e+04 1.742272e+04  
2.326663e-02 4.773357e+03 8.664343e+03 1.168496e+04 1.734144e+04  
2.359095e-02 4.750722e+03 8.622628e+03 1.162820e+04 1.725625e+04  
2.391980e-02 4.727022e+03 8.578980e+03 1.156884e+04 1.716720e+04  
2.425323e-02 4.702271e+03 8.533419e+03 1.150689e+04 1.707431e+04  
2.459130e-02 4.676485e+03 8.485976e+03 1.144241e+04 1.697765e+04  
2.493409e-02 4.649676e+03 8.436677e+03 1.137542e+04 1.687729e+04  
2.528166e-02 4.621860e+03 8.385552e+03 1.130597e+04 1.677329e+04  
2.563407e-02 4.593054e+03 8.332627e+03 1.123410e+04 1.666568e+04  
2.599140e-02 4.563278e+03 8.277941e+03 1.115985e+04 1.655455e+04  
2.635371e-02 4.532556e+03 8.221540e+03 1.108329e+04 1.644001e+04  
2.672106e-02 4.500916e+03 8.163477e+03 1.100449e+04 1.632216e+04  
2.709354e-02 4.468388e+03 8.103803e+03 1.092352e+04 1.620109e+04  
2.747121e-02 4.434998e+03 8.042567e+03 1.084045e+04 1.607690e+04  
2.785414e-02 4.400775e+03 7.979822e+03 1.075535e+04 1.594972e+04  
2.824241e-02 4.365748e+03 7.915624e+03 1.066829e+04 1.581966e+04  
2.863610e-02 4.329950e+03 7.850030e+03 1.057935e+04 1.568681e+04  
2.903527e-02 4.293420e+03 7.783109e+03 1.048863e+04 1.555131e+04  
2.944000e-02 4.256200e+03 7.714947e+03 1.039623e+04 1.541337e+04  
2.985038e-02 4.218336e+03 7.645622e+03 1.030228e+04 1.527312e+04  
3.026648e-02 4.179869e+03 7.575206e+03 1.020686e+04 1.513071e+04  
3.068838e-02 4.140836e+03 7.503769e+03 1.011007e+04 1.498627e+04  
3.111616e-02 4.101279e+03 7.431392e+03 1.001202e+04 1.483999e+04  
3.154990e-02 4.061243e+03 7.358153e+03 9.912817e+03 1.469202e+04  
3.198969e-02 4.020776e+03 7.284138e+03 9.812571e+03 1.454251e+04  
3.243561e-02 3.979932e+03 7.209447e+03 9.711417e+03 1.439166e+04  
3.288774e-02 3.938771e+03 7.134194e+03 9.609520e+03 1.423975e+04  
3.334618e-02 3.897344e+03 7.058467e+03 9.506989e+03 1.408691e+04  
3.381101e-02 3.855695e+03 6.982343e+03 9.403930e+03 1.393330e+04  
3.428231e-02 3.813871e+03 6.905909e+03 9.300457e+03 1.377909e+04  
3.476019e-02 3.771923e+03 6.829267e+03 9.196720e+03 1.362453e+04  
3.524473e-02 3.729904e+03 6.752504e+03 9.092827e+03 1.346975e+04  
3.573602e-02 3.687874e+03 6.675727e+03 8.988919e+03 1.331497e+04  
3.623416e-02 3.645894e+03 6.599050e+03 8.885154e+03 1.316041e+04  
3.673925e-02 3.604025e+03 6.522590e+03 8.781698e+03 1.300635e+04  
3.725137e-02 3.562313e+03 6.446422e+03 8.678640e+03 1.285290e+04  
3.777064e-02 3.520806e+03 6.370633e+03 8.576100e+03 1.270023e+04  
3.829714e-02 3.479557e+03 6.295320e+03 8.474210e+03 1.254855e+04  
3.883098e-02 3.438621e+03 6.220590e+03 8.373122e+03 1.239810e+04  
3.937226e-02 3.398056e+03 6.146538e+03 8.272953e+03 1.224903e+04  
3.992109e-02 3.357923e+03 6.073275e+03 8.173854e+03 1.210156e+04  
4.047757e-02 3.318277e+03 6.000905e+03 8.075967e+03 1.195592e+04  
4.104181e-02 3.279145e+03 5.929478e+03 7.979367e+03 1.181223e+04  
4.161391e-02 3.240547e+03 5.859023e+03 7.884081e+03 1.167051e+04  
4.219398e-02 3.202501e+03 5.789575e+03 7.790160e+03 1.153083e+04  
4.278214e-02 3.165031e+03 5.721178e+03 7.697665e+03 1.139330e+04  
4.337850e-02 3.128155e+03 5.653868e+03 7.606650e+03 1.125800e+04  
4.398317e-02 3.091893e+03 5.587676e+03 7.517145e+03 1.112497e+04  
4.459628e-02 3.056268e+03 5.522640e+03 7.429205e+03 1.099428e+04  
4.521792e-02 3.021318e+03 5.458835e+03 7.342938e+03 1.086612e+04  
4.584824e-02 2.987086e+03 5.396339e+03 7.258446e+03 1.074062e+04  
4.648734e-02 2.953615e+03 5.335223e+03 7.175819e+03 1.061792e+04  
4.713535e-02 2.920952e+03 5.275570e+03 7.095169e+03 1.049818e+04  
4.779239e-02 2.889146e+03 5.217474e+03 7.016632e+03 1.038163e+04  
4.845859e-02 2.858245e+03 5.161021e+03 6.940318e+03 1.026842e+04  
4.913407e-02 2.828277e+03 5.106254e+03 6.866282e+03 1.015861e+04  
4.981898e-02 2.799195e+03 5.053088e+03 6.794408e+03 1.005205e+04  
5.051342e-02 2.770931e+03 5.001409e+03 6.724553e+03 9.948554e+03  
5.121755e-02 2.743404e+03 4.951065e+03 6.656510e+03 9.847787e+03  
5.193150e-02 2.716528e+03 4.901897e+03 6.590056e+03 9.749419e+03  
5.265540e-02 2.690205e+03 4.853731e+03 6.524961e+03 9.653105e+03  
5.338938e-02 2.664340e+03 4.806405e+03 6.461019e+03 9.558576e+03  
5.413360e-02 2.638886e+03 4.759825e+03 6.398094e+03 9.465608e+03  
5.488820e-02 2.613824e+03 4.713957e+03 6.336138e+03 9.374121e+03  
5.565331e-02 2.589133e+03 4.668761e+03 6.275099e+03 9.284041e+03  
5.642908e-02 2.564791e+03 4.624212e+03 6.214957e+03 9.195381e+03  
5.721568e-02 2.540769e+03 4.580244e+03 6.155610e+03 9.107954e+03  
5.801323e-02 2.517028e+03 4.536788e+03 6.096966e+03 9.021623e+03  
5.882190e-02 2.493494e+03 4.493711e+03 6.038846e+03 8.936126e+03  
5.964185e-02 2.470078e+03 4.450868e+03 5.981071e+03 8.851236e+03  
6.047322e-02 2.446679e+03 4.408065e+03 5.923365e+03 8.766503e+03  
6.131619e-02 2.423191e+03 4.365110e+03 5.865472e+03 8.681547e+03  
6.217090e-02 2.399498e+03 4.321803e+03 5.807126e+03 8.595978e+03  
6.303753e-02 2.375513e+03 4.277997e+03 5.748139e+03 8.509545e+03  
6.391624e-02 2.351158e+03 4.233542e+03 5.688299e+03 8.421894e+03  
6.480720e-02 2.326354e+03 4.188295e+03 5.627413e+03 8.332737e+03  
6.571058e-02 2.301013e+03 4.142111e+03 5.565289e+03 8.241797e+03  
6.662655e-02 2.275047e+03 4.094837e+03 5.501732e+03 8.148797e+03  
6.755528e-02 2.248384e+03 4.046336e+03 5.436544e+03 8.053408e+03  
6.849697e-02 2.220967e+03 3.996508e+03 5.369592e+03 7.955425e+03  
6.945178e-02 2.192737e+03 3.945257e+03 5.300753e+03 7.854675e+03  
7.041990e-02 2.163632e+03 3.892478e+03 5.229889e+03 7.750954e+03  
7.140151e-02 2.133596e+03 3.838062e+03 5.156842e+03 7.643994e+03  
7.239681e-02 2.102623e+03 3.782003e+03 5.081605e+03 7.533775e+03  
7.340598e-02 2.070726e+03 3.724332e+03 5.004226e+03 7.420380e+03  
7.442922e-02 2.037916e+03 3.665074e+03 4.924739e+03 7.303853e+03  
7.546673e-02 2.004209e+03 3.604250e+03 4.843162e+03 7.184193e+03  
7.651869e-02 1.969657e+03 3.541953e+03 4.759621e+03 7.061578e+03  
7.758532e-02 1.934341e+03 3.478341e+03 4.674335e+03 6.936351e+03  
7.866682e-02 1.898350e+03 3.413569e+03 4.587510e+03 6.808809e+03  
7.976339e-02 1.861780e+03 3.347803e+03 4.499361e+03 6.679250e+03  
8.087525e-02 1.824739e+03 3.281239e+03 4.410151e+03 6.548064e+03  
8.200261e-02 1.787353e+03 3.214110e+03 4.320203e+03 6.415756e+03  
8.314568e-02 1.749754e+03 3.146646e+03 4.229822e+03 6.282766e+03  
8.430468e-02 1.712085e+03 3.079097e+03 4.139335e+03 6.149573e+03  
8.547985e-02 1.674480e+03 3.011700e+03 4.049064e+03 6.016660e+03  
8.667139e-02 1.637070e+03 2.944701e+03 3.959348e+03 5.884561e+03  
8.787954e-02 1.599990e+03 2.878328e+03 3.870488e+03 5.753710e+03  
8.910453e-02 1.563382e+03 2.812834e+03 3.782818e+03 5.624608e+03  
9.034660e-02 1.527380e+03 2.748451e+03 3.696655e+03 5.497733e+03  
9.160598e-02 1.492119e+03 2.685436e+03 3.612351e+03 5.373646e+03  
9.288292e-02 1.457741e+03 2.624021e+03 3.530212e+03 5.252791e+03  
9.417766e-02 1.424375e+03 2.564439e+03 3.450549e+03 5.135642e+03  
9.549045e-02 1.392132e+03 2.506881e+03 3.373622e+03 5.022597e+03  
9.682153e-02 1.361128e+03 2.451566e+03 3.299735e+03 4.914149e+03  
9.817117e-02 1.331480e+03 2.398685e+03 3.229136e+03 4.810658e+03  
9.953962e-02 1.303286e+03 2.348410e+03 3.162059e+03 4.712492e+03  
1.009272e-01 1.276591e+03 2.300820e+03 3.098613e+03 4.619827e+03  
1.023340e-01 1.251434e+03 2.255991e+03 3.038906e+03 4.532856e+03  
1.037605e-01 1.227845e+03 2.213963e+03 2.982990e+03 4.451653e+03  
1.052069e-01 1.205818e+03 2.174725e+03 2.930850e+03 4.376211e+03  
1.066734e-01 1.185273e+03 2.138134e+03 2.882296e+03 4.306260e+03  
1.081604e-01 1.166113e+03 2.104024e+03 2.837112e+03 4.241488e+03  
1.096681e-01 1.148224e+03 2.072180e+03 2.795004e+03 4.181453e+03  
1.111968e-01 1.131456e+03 2.042339e+03 2.755620e+03 4.125627e+03  
1.127468e-01 1.115629e+03 2.014184e+03 2.718533e+03 4.073369e+03  
1.143184e-01 1.100543e+03 1.987363e+03 2.683275e+03 4.023972e+03  
1.159120e-01 1.085986e+03 1.961497e+03 2.649325e+03 3.976635e+03  
1.175277e-01 1.071769e+03 1.936249e+03 2.616232e+03 3.930662e+03  
1.191660e-01 1.057696e+03 1.911278e+03 2.583535e+03 3.885342e+03  
1.208271e-01 1.043559e+03 1.886218e+03 2.550737e+03 3.839901e+03  
1.225114e-01 1.029187e+03 1.860763e+03 2.517418e+03 3.793672e+03  
1.242191e-01 1.014438e+03 1.834660e+03 2.483234e+03 3.746108e+03  
1.259506e-01 9.991613e+02 1.807652e+03 2.447832e+03 3.696638e+03  
1.277063e-01 9.832393e+02 1.779529e+03 2.410922e+03 3.644792e+03  
1.294865e-01 9.665972e+02 1.750154e+03 2.372313e+03 3.590247e+03  
1.312915e-01 9.491615e+02 1.719399e+03 2.331824e+03 3.532692e+03  
1.331216e-01 9.309019e+02 1.687215e+03 2.289384e+03 3.471990e+03  
1.349772e-01 9.118505e+02 1.653656e+03 2.245060e+03 3.408226e+03  
1.368587e-01 8.920491e+02 1.618791e+03 2.198943e+03 3.341521e+03  
1.387665e-01 8.715851e+02 1.582776e+03 2.151237e+03 3.272182e+03  
1.407008e-01 8.506087e+02 1.545878e+03 2.102307e+03 3.200762e+03  
1.426621e-01 8.292815e+02 1.508380e+03 2.052532e+03 3.127859e+03  
1.446507e-01 8.077836e+02 1.470595e+03 2.002341e+03 3.054150e+03  
1.466671e-01 7.863140e+02 1.432874e+03 1.952212e+03 2.980391e+03  
1.487115e-01 7.650865e+02 1.395598e+03 1.902662e+03 2.907395e+03  
1.507845e-01 7.442936e+02 1.359101e+03 1.854151e+03 2.835909e+03  
1.528864e-01 7.241315e+02 1.323727e+03 1.807150e+03 2.766691e+03  
1.550175e-01 7.047879e+02 1.289806e+03 1.762112e+03 2.700476e+03  
1.571784e-01 6.864129e+02 1.257606e+03 1.719402e+03 2.637840e+03  
1.593694e-01 6.691467e+02 1.227368e+03 1.679357e+03 2.579353e+03  
1.615909e-01 6.530725e+02 1.199238e+03 1.642180e+03 2.525355e+03  
1.638434e-01 6.382309e+02 1.173287e+03 1.607970e+03 2.476025e+03  
1.661273e-01 6.246276e+02 1.149528e+03 1.576747e+03 2.431390e+03  
1.684430e-01 6.121757e+02 1.127804e+03 1.548302e+03 2.391158e+03  
1.707910e-01 6.007643e+02 1.107919e+03 1.522372e+03 2.354923e+03  
1.731717e-01 5.902289e+02 1.089584e+03 1.498563e+03 2.322060e+03  
1.755856e-01 5.803743e+02 1.072456e+03 1.476402e+03 2.291800e+03  
1.780332e-01 5.709966e+02 1.056175e+03 1.455400e+03 2.263377e+03  
1.805149e-01 5.618907e+02 1.040379e+03 1.435058e+03 2.235984e+03  
1.830312e-01 5.528589e+02 1.024719e+03 1.414892e+03 2.208819e+03  
1.855825e-01 5.437271e+02 1.008887e+03 1.394471e+03 2.181155e+03  
1.881694e-01 5.343263e+02 9.925843e+02 1.373383e+03 2.152320e+03  
1.907924e-01 5.245278e+02 9.755812e+02 1.351306e+03 2.121765e+03  
1.934520e-01 5.142261e+02 9.576904e+02 1.327970e+03 2.089013e+03  
1.961486e-01 5.033923e+02 9.388587e+02 1.303295e+03 2.053902e+03  
1.988828e-01 4.920318e+02 9.190945e+02 1.277291e+03 2.016453e+03  
2.016551e-01 4.802333e+02 8.985531e+02 1.250171e+03 1.977004e+03  
2.044661e-01 4.681243e+02 8.774581e+02 1.222239e+03 1.936036e+03  
2.073162e-01 4.558787e+02 8.561162e+02 1.193920e+03 1.894255e+03  
2.102061e-01 4.436830e+02 8.348578e+02 1.165680e+03 1.852455e+03  
2.131362e-01 4.317140e+02 8.139952e+02 1.137953e+03 1.811368e+03  
2.161073e-01 4.201394e+02 7.938231e+02 1.111149e+03 1.771662e+03  
2.191197e-01 4.090939e+02 7.745807e+02 1.085603e+03 1.733919e+03  
2.221741e-01 3.986876e+02 7.564634e+02 1.061595e+03 1.698627e+03  
2.252711e-01 3.889959e+02 7.396048e+02 1.039314e+03 1.666115e+03  
2.284112e-01 3.800459e+02 7.240513e+02 1.018821e+03 1.636476e+03  
2.315951e-01 3.718130e+02 7.097607e+02 1.000065e+03 1.609648e+03  
2.348235e-01 3.642089e+02 6.965785e+02 9.828355e+02 1.585298e+03  
2.380968e-01 3.571104e+02 6.842871e+02 9.668299e+02 1.562924e+03  
2.414157e-01 3.503747e+02 6.726306e+02 9.516835e+02 1.541890e+03  
2.447809e-01 3.438555e+02 6.613525e+02 9.370427e+02 1.521616e+03  
2.481930e-01 3.374136e+02 6.502060e+02 9.225623e+02 1.501521e+03  
2.516527e-01 3.309209e+02 6.389634e+02 9.079200e+02 1.481050e+03  
2.551606e-01 3.242698e+02 6.274280e+02 8.928272e+02 1.459674e+03  
2.587174e-01 3.173845e+02 6.154682e+02 8.771037e+02 1.437100e+03  
2.623238e-01 3.102513e+02 6.030585e+02 8.607119e+02 1.413259e+03  
2.659804e-01 3.029136e+02 5.902752e+02 8.437576e+02 1.388328e+03  
2.696881e-01 2.954735e+02 5.772946e+02 8.264800e+02 1.362687e+03  
2.734474e-01 2.880539e+02 5.643404e+02 8.092057e+02 1.336933e+03  
2.772591e-01 2.807787e+02 5.516331e+02 7.922481e+02 1.311608e+03  
2.811239e-01 2.737453e+02 5.393456e+02 7.758517e+02 1.287136e+03  
2.850426e-01 2.670229e+02 5.275972e+02 7.601805e+02 1.263785e+03  
2.890160e-01 2.606611e+02 5.164815e+02 7.453769e+02 1.241831e+03  
2.930447e-01 2.546943e+02 5.060599e+02 7.315300e+02 1.221434e+03  
2.971296e-01 2.491192e+02 4.963259e+02 7.186300e+02 1.202577e+03  
3.012714e-01 2.438858e+02 4.871878e+02 7.065435e+02 1.185019e+03  
3.054710e-01 2.389038e+02 4.784890e+02 6.950561e+02 1.168411e+03  
3.097291e-01 2.340670e+02 4.700404e+02 6.838989e+02 1.152288e+03  
3.140465e-01 2.292866e+02 4.616813e+02 6.728399e+02 1.136236e+03  
3.184242e-01 2.245017e+02 4.533007e+02 6.617177e+02 1.119965e+03  
3.228628e-01 2.196782e+02 4.448412e+02 6.504557e+02 1.103356e+03  
3.273634e-01 2.148059e+02 4.362843e+02 6.390271e+02 1.086363e+03  
3.319266e-01 2.098955e+02 4.276463e+02 6.274513e+02 1.069010e+03  
3.365535e-01 2.049856e+02 4.189955e+02 6.158255e+02 1.051466e+03  
3.412449e-01 2.001431e+02 4.104554e+02 6.043315e+02 1.034066e+03  
3.460016e-01 1.954411e+02 4.021565e+02 5.931570e+02 1.017141e+03  
3.508247e-01 1.909306e+02 3.941875e+02 5.824259e+02 1.000902e+03  
3.557150e-01 1.866302e+02 3.865822e+02 5.721882e+02 9.854398e+02  
3.606735e-01 1.825330e+02 3.793316e+02 5.624352e+02 9.707521e+02  
3.657011e-01 1.786194e+02 3.724003e+02 5.531171e+02 9.567526e+02  
3.707988e-01 1.748591e+02 3.657308e+02 5.441472e+02 9.432793e+02  
3.759675e-01 1.712074e+02 3.592447e+02 5.354159e+02 9.301465e+02  
3.812083e-01 1.676169e+02 3.528592e+02 5.268071e+02 9.171573e+02  
3.865221e-01 1.640531e+02 3.465124e+02 5.182319e+02 9.041564e+02  
3.919100e-01 1.605047e+02 3.401796e+02 5.096505e+02 8.910629e+02  
3.973730e-01 1.569846e+02 3.338876e+02 5.011051e+02 8.779622e+02  
4.029122e-01 1.535082e+02 3.276650e+02 4.926389e+02 8.649359e+02  
4.085286e-01 1.501001e+02 3.215563e+02 4.843163e+02 8.520990e+02  
4.142232e-01 1.467900e+02 3.156102e+02 4.762029e+02 8.395574e+02  
4.199973e-01 1.435990e+02 3.098687e+02 4.683643e+02 8.274379e+02  
4.258518e-01 1.405281e+02 3.043345e+02 4.608052e+02 8.157522e+02  
4.317880e-01 1.375634e+02 2.989829e+02 4.534905e+02 8.044393e+02  
4.378069e-01 1.346887e+02 2.937797e+02 4.463668e+02 7.933953e+02  
4.439097e-01 1.318880e+02 2.887014e+02 4.394051e+02 7.825820e+02  
4.500975e-01 1.291414e+02 2.837126e+02 4.325555e+02 7.719134e+02  
4.563716e-01 1.264346e+02 2.787871e+02 4.257800e+02 7.613239e+02  
4.627332e-01 1.237691e+02 2.739242e+02 4.190744e+02 7.507989e+02  
4.691835e-01 1.211544e+02 2.691453e+02 4.124740e+02 7.404119e+02  
4.757236e-01 1.185996e+02 2.644667e+02 4.060029e+02 7.302061e+02  
4.823549e-01 1.161122e+02 2.599013e+02 3.996790e+02 7.202123e+02  
4.890787e-01 1.136991e+02 2.554588e+02 3.935144e+02 7.104471e+02  
4.958962e-01 1.113612e+02 2.511446e+02 3.875203e+02 7.009380e+02  
5.028087e-01 1.090877e+02 2.469394e+02 3.816690e+02 6.916381e+02  
5.098176e-01 1.068688e+02 2.428244e+02 3.759332e+02 6.824984e+02  
5.169242e-01 1.047002e+02 2.387907e+02 3.702990e+02 6.734930e+02  
5.241298e-01 1.025765e+02 2.348315e+02 3.647594e+02 6.646166e+02  
5.314359e-01 1.004942e+02 2.309407e+02 3.593060e+02 6.558558e+02  
5.388438e-01 9.845804e+01 2.271254e+02 3.539482e+02 6.472253e+02  
5.463550e-01 9.647358e+01 2.233949e+02 3.486991e+02 6.387471e+02  
5.539709e-01 9.454008e+01 2.197503e+02 3.435620e+02 6.304319e+02  
5.616930e-01 9.265645e+01 2.161896e+02 3.385346e+02 6.222760e+02  
5.695227e-01 9.082342e+01 2.127126e+02 3.336154e+02 6.142748e+02  
5.774615e-01 8.903310e+01 2.093054e+02 3.287849e+02 6.063962e+02  
5.855110e-01 8.728286e+01 2.059651e+02 3.240405e+02 5.986394e+02  
5.936727e-01 8.557332e+01 2.026928e+02 3.193841e+02 5.910080e+02  
6.019482e-01 8.390162e+01 1.994818e+02 3.148050e+02 5.834822e+02  
6.103390e-01 8.226761e+01 1.963327e+02 3.103049e+02 5.760665e+02  
6.188468e-01 8.067567e+01 1.932543e+02 3.058972e+02 5.687857e+02  
6.274732e-01 7.912128e+01 1.902387e+02 3.015710e+02 5.616218e+02  
6.362198e-01 7.760467e+01 1.872846e+02 2.973232e+02 5.545678e+02  
6.450884e-01 7.612457e+01 1.843909e+02 2.931533e+02 5.476250e+02  
6.540806e-01 7.467753e+01 1.815525e+02 2.890548e+02 5.407838e+02  
6.631981e-01 7.326461e+01 1.787710e+02 2.850303e+02 5.340492e+02  
6.724427e-01 7.188517e+01 1.760438e+02 2.810747e+02 5.274107e+02  
6.818162e-01 7.053632e+01 1.733672e+02 2.771843e+02 5.208648e+02  
6.913204e-01 6.921812e+01 1.707419e+02 2.733602e+02 5.144141e+02  
7.009570e-01 6.793045e+01 1.681676e+02 2.696024e+02 5.080585e+02  
7.107280e-01 6.667254e+01 1.656412e+02 2.659055e+02 5.017878e+02  
7.206351e-01 6.544397e+01 1.631638e+02 2.622721e+02 4.956084e+02  
7.306804e-01 6.424379e+01 1.607339e+02 2.587002e+02 4.895175e+02  
7.408657e-01 6.307088e+01 1.583495e+02 2.551874e+02 4.835110e+02  
7.511929e-01 6.192399e+01 1.560069e+02 2.517276e+02 4.775782e+02  
7.616642e-01 6.080300e+01 1.537077e+02 2.483239e+02 4.717260e+02  
7.722814e-01 5.970721e+01 1.514505e+02 2.449749e+02 4.659521e+02  
7.830465e-01 5.863582e+01 1.492340e+02 2.416784e+02 4.602528e+02  
7.939618e-01 5.758792e+01 1.470555e+02 2.384303e+02 4.546213e+02  
8.050292e-01 5.656332e+01 1.449160e+02 2.352328e+02 4.490619e+02  
8.162509e-01 5.556130e+01 1.428142e+02 2.320842e+02 4.435724e+02  
8.276289e-01 5.458113e+01 1.407487e+02 2.289824e+02 4.381490e+02  
8.391656e-01 5.362211e+01 1.387176e+02 2.259248e+02 4.327875e+02  
8.508632e-01 5.268406e+01 1.367217e+02 2.229126e+02 4.274906e+02  
8.627237e-01 5.176639e+01 1.347598e+02 2.199447e+02 4.222563e+02  
8.747496e-01 5.086840e+01 1.328306e+02 2.170188e+02 4.170811e+02  
8.869432e-01 4.998947e+01 1.309326e+02 2.141330e+02 4.119621e+02  
8.993067e-01 4.912928e+01 1.290660e+02 2.112880e+02 4.069004e+02  
9.118425e-01 4.828727e+01 1.272299e+02 2.084825e+02 4.018943e+02  
9.245531e-01 4.746281e+01 1.254229e+02 2.057145e+02 3.969404e+02  
9.374409e-01 4.665548e+01 1.236441e+02 2.029830e+02 3.920373e+02  
9.505083e-01 4.586501e+01 1.218937e+02 2.002882e+02 3.871854e+02  
9.637579e-01 4.509096e+01 1.201709e+02 1.976291e+02 3.823834e+02  
9.771921e-01 4.433270e+01 1.184742e+02 1.950038e+02 3.776280e+02  
9.908137e-01 4.358980e+01 1.168031e+02 1.924116e+02 3.729183e+02  
1.004625e+00 4.286195e+01 1.151574e+02 1.898524e+02 3.682541e+02  
1.018629e+00 4.214881e+01 1.135365e+02 1.873253e+02 3.636343e+02  
1.032828e+00 4.144977e+01 1.119390e+02 1.848286e+02 3.590560e+02  
1.047225e+00 4.076455e+01 1.103648e+02 1.823620e+02 3.545190e+02  
1.061823e+00 4.009291e+01 1.088135e+02 1.799252e+02 3.500228e+02  
1.076624e+00 3.943450e+01 1.072846e+02 1.775177e+02 3.455664e+02  
1.091632e+00 3.878870e+01 1.057768e+02 1.751375e+02 3.411472e+02  
1.106848e+00 3.815532e+01 1.042900e+02 1.727847e+02 3.367652e+02  
1.122277e+00 3.753412e+01 1.028241e+02 1.704591e+02 3.324199e+02  
1.137921e+00 3.692484e+01 1.013784e+02 1.681600e+02 3.281104e+02  
1.153783e+00 3.632688e+01 9.995185e+01 1.658858e+02 3.238346e+02  
1.169866e+00 3.574018e+01 9.854456e+01 1.636368e+02 3.195927e+02  
1.186174e+00 3.516451e+01 9.715620e+01 1.614126e+02 3.153840e+02  
1.202708e+00 3.459959e+01 9.578635e+01 1.588919e+02 3.112079e+02  
1.219473e+00 3.404485e+01 9.443383e+01 1.570355e+02 3.070625e+02  
1.236472e+00 3.350028e+01 9.309893e+01 1.548815e+02 3.029481e+02  
1.253708e+00 3.296563e+01 9.178126e+01 1.527503e+02 2.988642e+02  
1.271184e+00 3.244060e+01 9.048033e+01 1.506411e+02 2.948098e+02  
1.288904e+00 3.192472e+01 8.919524e+01 1.485530e+02 2.907839e+02  
1.306870e+00 3.141799e+01 8.792623e+01 1.464862e+02 2.867866e+02  
1.325087e+00 3.089505e+01 8.667298e+01 1.444403e+02 2.828175e+02  
1.343558e+00 3.043112e+01 8.543505e+01 1.424149e+02 2.788759e+02  
1.362287e+00 2.995036e+01 8.421183e+01 1.404091e+02 2.749612e+02  
1.381276e+00 2.947792e+01 8.300344e+01 1.384232e+02 2.710735e+02  
1.400531e+00 2.901358e+01 8.180955e+01 1.364567e+02 2.672122e+02  
1.420053e+00 2.855705e+01 8.062970e+01 1.345092e+02 2.633771e+02  
1.439848e+00 2.810806e+01 7.946347e+01 1.325801e+02 2.595676e+02  
1.459919e+00 2.766659e+01 7.831091e+01 1.306696e+02 2.557839e+02  
1.480269e+00 2.723247e+01 7.717176e+01 1.287773e+02 2.520257e+02  
1.500903e+00 2.680543e+01 7.604561e+01 1.269027e+02 2.482928e+02  
1.521825e+00 2.638529e+01 7.493220e+01 1.250456e+02 2.445849e+02  
1.543038e+00 2.597198e+01 7.383148e+01 1.232060e+02 2.409022e+02  
1.564548e+00 2.556533e+01 7.274321e+01 1.213836e+02 2.372446e+02  
1.586357e+00 2.516507e+01 7.166702e+01 1.195780e+02 2.336118e+02  
1.608469e+00 2.477111e+01 7.060275e+01 1.177890e+02 2.300041e+02  
1.630891e+00 2.438336e+01 6.955035e+01 1.160166e+02 2.264214e+02  
1.653624e+00 2.400168e+01 6.850959e+01 1.142605e+02 2.228638e+02  
1.676675e+00 2.362585e+01 6.748018e+01 1.125206e+02 2.193314e+02  
1.700047e+00 2.325579e+01 6.646199e+01 1.107966e+02 2.158243e+02  
1.723745e+00 2.289140e+01 6.545497e+01 1.090885e+02 2.123427e+02  
1.747773e+00 2.253256e+01 6.445892e+01 1.073962e+02 2.088868e+02  
1.772136e+00 2.217907e+01 6.347359e+01 1.057193e+02 2.054566e+02  
1.796838e+00 2.183086e+01 6.249890e+01 1.040580e+02 2.020525e+02  
1.821885e+00 2.148785e+01 6.153474e+01 1.024120e+02 1.986748e+02  
1.847281e+00 2.114993e+01 6.058099e+01 1.007812e+02 1.953236e+02  
1.873032e+00 2.081691e+01 5.963741e+01 9.916561e+01 1.919992e+02  
1.899141e+00 2.048876e+01 5.870396e+01 9.756505e+01 1.887019e+02  
1.925614e+00 2.016538e+01 5.778055e+01 9.597951e+01 1.854321e+02  
1.952456e+00 1.984670e+01 5.686706e+01 9.440890e+01 1.821901e+02  
1.979672e+00 1.953252e+01 5.596329e+01 9.285311e+01 1.789761e+02  
2.007267e+00 1.922284e+01 5.506922e+01 9.131213e+01 1.757906e+02  
2.035248e+00 1.891757e+01 5.418476e+01 8.978593e+01 1.726339e+02  
2.063618e+00 1.861662e+01 5.330690e+01 8.827446e+01 1.695064e+02  
2.092383e+00 1.831986e+01 5.244130e+01 8.677764e+01 1.664083e+02  
2.121550e+00 1.802726e+01 5.158505e+01 8.529549e+01 1.633401e+02  
2.151123e+00 1.773875e+01 5.073805e+01 8.382799e+01 1.603022e+02  
2.181109e+00 1.745427e+01 4.990316e+01 8.237513e+01 1.572950e+02  
2.211512e+00 1.717367e+01 4.907439e+01 8.093685e+01 1.543234e+02  
2.242340e+00 1.689695e+01 4.825465e+01 7.951319e+01 1.513784e+02  
2.273597e+00 1.662404e+01 4.744388e+01 7.810414e+01 1.484650e+02  
2.305289e+00 1.635486e+01 4.664199e+01 7.670970e+01 1.455837e+02  
2.337424e+00 1.608932e+01 4.584890e+01 7.532987e+01 1.427348e+02  
2.370006e+00 1.582739e+01 4.506169e+01 7.396467e+01 1.399186e+02  
2.403043e+00 1.556905e+01 4.428610e+01 7.261412e+01 1.371354e+02  
2.436540e+00 1.531416e+01 4.351916e+01 7.127823e+01 1.343855e+02  
2.470504e+00 1.506269e+01 4.276081e+01 6.995685e+01 1.316650e+02  
2.504942e+00 1.481462e+01 4.201103e+01 6.865034e+01 1.289826e+02  
2.539859e+00 1.456988e+01 4.126976e+01 6.735857e+01 1.263344e+02  
2.575263e+00 1.432841e+01 4.053695e+01 6.608155e+01 1.237206e+02  
2.611161e+00 1.409016e+01 3.981256e+01 6.481932e+01 1.211414e+02  
2.647559e+00 1.385510e+01 3.909656e+01 6.357189e+01 1.185970e+02  
2.684465e+00 1.362318e+01 3.838889e+01 6.233932e+01 1.160876e+02  
2.721885e+00 1.339435e+01 3.768954e+01 6.112161e+01 1.136133e+02  
2.759826e+00 1.316856e+01 3.699845e+01 5.991880e+01 1.111743e+02  
2.798297e+00 1.294578e+01 3.631561e+01 5.873092e+01 1.087708e+02  
2.837304e+00 1.272598e+01 3.564098e+01 5.755800e+01 1.064028e+02  
2.876854e+00 1.250909e+01 3.497452e+01 5.640006e+01 1.040704e+02  
2.916956e+00 1.229508e+01 3.431620e+01 5.525712e+01 1.017737e+02  
2.957617e+00 1.208393e+01 3.366602e+01 5.412921e+01 9.951267e+01  
2.998844e+00 1.187560e+01 3.302391e+01 5.301635e+01 9.728740e+01  
3.040646e+00 1.167003e+01 3.238986e+01 5.191869e+01 9.510099e+01  
3.083031e+00 1.146721e+01 3.176385e+01 5.083597e+01 9.294709e+01  
3.126007e+00 1.126710e+01 3.114585e+01 4.976833e+01 9.082874e+01  
3.169582e+00 1.106967e+01 3.053584e+01 4.871580e+01 8.874605e+01  
3.213764e+00 1.087478e+01 2.993378e+01 4.767836e+01 8.669886e+01  
3.258562e+00 1.068261e+01 2.933967e+01 4.665603e+01 8.468706e+01  
3.303985e+00 1.049301e+01 2.875347e+01 4.564878e+01 8.270786e+01  
3.350041e+00 1.030598e+01 2.817516e+01 4.465663e+01 8.076655e+01  
3.396739e+00 1.012146e+01 2.760471e+01 4.367954e+01 7.886019e+01  
3.444087e+00 9.939448e+00 2.704212e+01 4.271750e+01 7.698862e+01  
3.492096e+00 9.759906e+00 2.648734e+01 4.177049e+01 7.515164e+01  
3.540774e+00 9.582809e+00 2.594036e+01 4.083848e+01 7.334904e+01  
3.590130e+00 9.408124e+00 2.540115e+01 3.992143e+01 7.158056e+01  
3.640175e+00 9.235834e+00 2.486969e+01 3.901920e+01 6.984597e+01  
3.690917e+00 9.065912e+00 2.434595e+01 3.813196e+01 6.814502e+01  
3.742366e+00 8.898333e+00 2.382990e+01 3.725954e+01 6.647741e+01  
3.794533e+00 8.733069e+00 2.332153e+01 3.640188e+01 6.484285e+01  
3.847427e+00 8.570102e+00 2.282080e+01 3.555893e+01 6.324104e+01  
3.901058e+00 8.409408e+00 2.232768e+01 3.473061e+01 6.167167e+01  
3.955436e+00 8.250963e+00 2.184215e+01 3.391691e+01 6.013439e+01  
4.010573e+00 8.094743e+00 2.136417e+01 3.311767e+01 5.862887e+01  
4.066478e+00 7.940729e+00 2.089371e+01 3.233280e+01 5.715475e+01  
4.123163e+00 7.788899e+00 2.043074e+01 3.156224e+01 5.571168e+01  
4.180637e+00 7.639231e+00 1.997522e+01 3.080590e+01 5.429927e+01  
4.238913e+00 7.491703e+00 1.952712e+01 3.006368e+01 5.291715e+01  
4.298001e+00 7.346297e+00 1.908641e+01 2.933547e+01 5.156492e+01  
4.357913e+00 7.202992e+00 1.865303e+01 2.862116e+01 5.024219e+01  
4.418660e+00 7.061767e+00 1.822696e+01 2.792063e+01 4.894856e+01  
4.480254e+00 6.922602e+00 1.780815e+01 2.723377e+01 4.768360e+01  
4.542706e+00 6.785480e+00 1.739655e+01 2.656046e+01 4.644691e+01  
4.606029e+00 6.650381e+00 1.699213e+01 2.590057e+01 4.523807e+01  
4.670234e+00 6.517285e+00 1.659481e+01 2.525395e+01 4.405802e+01  
4.735335e+00 6.386174e+00 1.620641e+01 2.462049e+01 4.290226e+01  
4.801343e+00 6.257030e+00 1.582317e+01 2.400003e+01 4.193497e+01  
4.868271e+00 6.129836e+00 1.544693e+01 2.339244e+01 4.067258e+01  
4.936132e+00 6.004571e+00 1.507588e+01 2.279756e+01 3.959649e+01  
5.004939e+00 5.881219e+00 1.471344e+01 2.221525e+01 3.854566e+01  
5.074705e+00 5.759762e+00 1.435781e+01 2.164536e+01 3.751962e+01  
5.145444e+00 5.640184e+00 1.400893e+01 2.108772e+01 3.651796e+01  
5.217169e+00 5.522465e+00 1.366674e+01 2.054213e+01 3.554021e+01  
5.289893e+00 5.406590e+00 1.333118e+01 2.000853e+01 3.458594e+01  
5.363631e+00 5.292541e+00 1.300218e+01 1.948671e+01 3.365472e+01  
5.438397e+00 5.180302e+00 1.267969e+01 1.897655e+01 3.274611e+01  
5.514206e+00 5.070234e+00 1.236363e+01 1.847778e+01 3.185967e+01  
5.591071e+00 4.961570e+00 1.205393e+01 1.799031e+01 3.099496e+01  
5.669007e+00 4.854274e+00 1.175053e+01 1.751392e+01 3.015157e+01  
5.748030e+00 4.749107e+00 1.145336e+01 1.704847e+01 2.932905e+01  
5.828155e+00 4.645666e+00 1.116235e+01 1.659378e+01 2.852699e+01  
5.909396e+00 4.543937e+00 1.087742e+01 1.614968e+01 2.774496e+01  
5.991770e+00 4.443902e+00 1.059850e+01 1.571600e+01 2.698339e+01  
6.075292e+00 4.345546e+00 1.032551e+01 1.529255e+01 2.623928e+01  
6.159978e+00 4.248853e+00 1.005839e+01 1.487917e+01 2.551655e+01  
6.245845e+00 4.153806e+00 9.797042e+00 1.447567e+01 2.480923e+01  
6.332908e+00 4.060390e+00 9.541403e+00 1.408189e+01 2.412119e+01  
6.421186e+00 3.968590e+00 9.291391e+00 1.369765e+01 2.345075e+01  
6.510694e+00 3.878388e+00 9.046927e+00 1.332278e+01 2.279753e+01  
6.601449e+00 3.789770e+00 8.808912e+00 1.295709e+01 2.216114e+01  
6.693470e+00 3.702719e+00 8.575272e+00 1.260038e+01 2.154120e+01  
6.786773e+00 3.617220e+00 8.346939e+00 1.225251e+01 2.093733e+01  
6.881377e+00 3.533257e+00 8.123828e+00 1.191339e+01 2.034920e+01  
6.977300e+00 3.450815e+00 7.905868e+00 1.158277e+01 1.977747e+01  
7.074559e+00 3.369876e+00 7.692971e+00 1.126044e+01 1.921965e+01  
7.173175e+00 3.290427e+00 7.485055e+00 1.094626e+01 1.840683e+01  
7.273165e+00 3.212451e+00 7.282037e+00 1.064008e+01 1.814763e+01  
7.374549e+00 3.135931e+00 7.083103e+00 1.034172e+01 1.763296e+01  
7.477346e+00 3.060853e+00 6.889665e+00 1.005102e+01 1.713232e+01  
7.581576e+00 2.987199e+00 6.700877e+00 9.767818e+00 1.664329e+01  
7.687260e+00 2.914956e+00 6.516657e+00 9.491922e+00 1.616886e+01  
7.794416e+00 2.844105e+00 6.336925e+00 9.223230e+00 1.570662e+01  
7.903066e+00 2.774632e+00 6.161598e+00 8.961553e+00 1.525568e+01  
8.013230e+00 2.706944e+00 5.990823e+00 8.706736e+00 1.481793e+01  
8.124930e+00 2.640175e+00 5.824056e+00 8.458625e+00 1.439302e+01  
8.238187e+00 2.574318e+00 5.661450e+00 8.218144e+00 1.397855e+01  
8.353023e+00 2.510190e+00 5.502924e+00 7.982984e+00 1.357518e+01  
8.469460e+00 2.447361e+00 5.348397e+00 7.754070e+00 1.318286e+01  
8.587519e+00 2.385813e+00 5.197790e+00 7.531266e+00 1.280137e+01  
8.707225e+00 2.325528e+00 5.051025e+00 7.314429e+00 1.243017e+01  
8.828599e+00 2.266491e+00 4.908021e+00 7.103419e+00 1.206912e+01  
8.951665e+00 2.208658e+00 4.768513e+00 6.898096e+00 1.171723e+01  
9.076446e+00 2.152068e+00 4.632801e+00 6.698418e+00 1.137744e+01  
9.202967e+00 2.096683e+00 4.500625e+00 6.504061e+00 1.104439e+01  
9.331251e+00 2.042868e+00 4.371905e+00 6.314975e+00 1.072149e+01  
9.461324e+00 1.989816e+00 4.246741e+00 6.130104e+00 1.040754e+01  
9.593209e+00 1.937520e+00 4.124704e+00 5.951260e+00 1.010231e+01  
9.726934e+00 1.886776e+00 4.005900e+00 5.777282e+00 9.805577e+00  
9.862522e+00 1.837125e+00 3.890256e+00 5.608046e+00 9.517036e+00  
1.000000e+01 1.788573e+00 3.777702e+00 5.443638e+00 9.236766e+00  
