1.000000e-02 9.847975e+03 1.790207e+04 2.415409e+04 3.583756e+04  
1.013939e-02 9.900463e+03 1.799692e+04 2.428147e+04 3.602504e+04  
1.028073e-02 9.951982e+03 1.808998e+04 2.440643e+04 3.620889e+04  
1.042404e-02 1.000250e+04 1.818120e+04 2.452888e+04 3.638895e+04  
1.056935e-02 1.005196e+04 1.827049e+04 2.464871e+04 3.656508e+04  
1.071668e-02 1.010034e+04 1.835778e+04 2.476583e+04 3.673713e+04  
1.086606e-02 1.014759e+04 1.844300e+04 2.488013e+04 3.690494e+04  
1.101753e-02 1.019367e+04 1.852607e+04 2.499150e+04 3.706835e+04  
1.117111e-02 1.023853e+04 1.860691e+04 2.509984e+04 3.722722e+04  
1.132683e-02 1.028213e+04 1.868544e+04 2.520505e+04 3.738138e+04  
1.148472e-02 1.032444e+04 1.876159e+04 2.530702e+04 3.753067e+04  
1.164481e-02 1.036540e+04 1.883527e+04 2.540564e+04 3.767493e+04  
1.180713e-02 1.040497e+04 1.890640e+04 2.550079e+04 3.781399e+04  
1.197171e-02 1.044310e+04 1.897489e+04 2.559237e+04 3.794769e+04  
1.213859e-02 1.047975e+04 1.904067e+04 2.568025e+04 3.807584e+04  
1.230780e-02 1.051487e+04 1.910364e+04 2.576432e+04 3.819828e+04  
1.247936e-02 1.054842e+04 1.916372e+04 2.584448e+04 3.831484e+04  
1.265332e-02 1.058034e+04 1.922083e+04 2.592059e+04 3.842535e+04  
1.282970e-02 1.061059e+04 1.927487e+04 2.599255e+04 3.852962e+04  
1.300854e-02 1.063912e+04 1.932577e+04 2.606023e+04 3.862748e+04  
1.318987e-02 1.066588e+04 1.937341e+04 2.612350e+04 3.871875e+04  
1.337373e-02 1.069082e+04 1.941772e+04 2.618225e+04 3.880322e+04  
1.356015e-02 1.071388e+04 1.945859e+04 2.623633e+04 3.888071e+04  
1.374917e-02 1.073501e+04 1.949593e+04 2.628562e+04 3.895103e+04  
1.394083e-02 1.075416e+04 1.952965e+04 2.633001e+04 3.901401e+04  
1.413516e-02 1.077129e+04 1.955966e+04 2.636936e+04 3.906945e+04  
1.433219e-02 1.078634e+04 1.958587e+04 2.640355e+04 3.911717e+04  
1.453198e-02 1.079926e+04 1.960818e+04 2.643247e+04 3.915700e+04  
1.473454e-02 1.081000e+04 1.962651e+04 2.645598e+04 3.918875e+04  
1.493993e-02 1.081852e+04 1.964076e+04 2.647398e+04 3.921224e+04  
1.514819e-02 1.082477e+04 1.965086e+04 2.648634e+04 3.922732e+04  
1.535935e-02 1.082869e+04 1.965672e+04 2.649296e+04 3.923381e+04  
1.557345e-02 1.083025e+04 1.965826e+04 2.649372e+04 3.923154e+04  
1.579053e-02 1.082940e+04 1.965539e+04 2.648850e+04 3.922035e+04  
1.601064e-02 1.082609e+04 1.964801e+04 2.647719e+04 3.920006e+04  
1.623382e-02 1.082026e+04 1.963605e+04 2.645967e+04 3.917049e+04  
1.646012e-02 1.081188e+04 1.961942e+04 2.643582e+04 3.913148e+04  
1.668956e-02 1.080089e+04 1.959803e+04 2.640553e+04 3.908286e+04  
1.692220e-02 1.078726e+04 1.957180e+04 2.636870e+04 3.902449e+04  
1.715809e-02 1.077093e+04 1.954067e+04 2.632523e+04 3.895621e+04  
1.739726e-02 1.075188e+04 1.950455e+04 2.627502e+04 3.887789e+04  
1.763977e-02 1.073005e+04 1.946338e+04 2.621796e+04 3.878936e+04  
1.788566e-02 1.070541e+04 1.941707e+04 2.615396e+04 3.869050e+04  
1.813498e-02 1.067791e+04 1.936557e+04 2.608294e+04 3.858118e+04  
1.838777e-02 1.064754e+04 1.930881e+04 2.600481e+04 3.846129e+04  
1.864409e-02 1.061424e+04 1.924674e+04 2.591950e+04 3.833071e+04  
1.890397e-02 1.057801e+04 1.917930e+04 2.582694e+04 3.818936e+04  
1.916748e-02 1.053880e+04 1.910646e+04 2.572708e+04 3.803714e+04  
1.943467e-02 1.049658e+04 1.902815e+04 2.561984e+04 3.787397e+04  
1.970558e-02 1.045135e+04 1.894433e+04 2.550516e+04 3.769976e+04  
1.998026e-02 1.040306e+04 1.885497e+04 2.538300e+04 3.751443e+04  
2.025878e-02 1.035171e+04 1.876004e+04 2.525333e+04 3.731797e+04  
2.054117e-02 1.029728e+04 1.865951e+04 2.511611e+04 3.711032e+04  
2.082751e-02 1.023976e+04 1.855338e+04 2.497133e+04 3.689145e+04  
2.111783e-02 1.017914e+04 1.844163e+04 2.481898e+04 3.666138e+04  
2.141220e-02 1.011543e+04 1.832425e+04 2.465905e+04 3.642011e+04  
2.171068e-02 1.004862e+04 1.820126e+04 2.449155e+04 3.616762e+04  
2.201331e-02 9.978703e+03 1.807264e+04 2.431648e+04 3.590395e+04  
2.232016e-02 9.905700e+03 1.793843e+04 2.413388e+04 3.562916e+04  
2.263130e-02 9.829622e+03 1.779865e+04 2.394380e+04 3.534333e+04  
2.294676e-02 9.750491e+03 1.765335e+04 2.374630e+04 3.504655e+04  
2.326663e-02 9.668336e+03 1.750259e+04 2.354144e+04 3.473893e+04  
2.359095e-02 9.583181e+03 1.734640e+04 2.332931e+04 3.442060e+04  
2.391980e-02 9.495058e+03 1.718486e+04 2.310998e+04 3.409169e+04  
2.425323e-02 9.404002e+03 1.701803e+04 2.288356e+04 3.375235e+04  
2.459130e-02 9.310061e+03 1.684600e+04 2.265016e+04 3.340276e+04  
2.493409e-02 9.213288e+03 1.666887e+04 2.240993e+04 3.304315e+04  
2.528166e-02 9.113748e+03 1.648676e+04 2.216303e+04 3.267378e+04  
2.563407e-02 9.011512e+03 1.629980e+04 2.190965e+04 3.229492e+04  
2.599140e-02 8.906646e+03 1.610813e+04 2.164995e+04 3.190682e+04  
2.635371e-02 8.799217e+03 1.591186e+04 2.138412e+04 3.150976e+04  
2.672106e-02 8.689302e+03 1.571114e+04 2.111234e+04 3.110404e+04  
2.709354e-02 8.576988e+03 1.550612e+04 2.083483e+04 3.068998e+04  
2.747121e-02 8.462372e+03 1.529700e+04 2.055185e+04 3.026796e+04  
2.785414e-02 8.345563e+03 1.508397e+04 2.026366e+04 2.983840e+04  
2.824241e-02 8.226682e+03 1.486725e+04 1.997058e+04 2.940175e+04  
2.863610e-02 8.105842e+03 1.464705e+04 1.967287e+04 2.895843e+04  
2.903527e-02 7.983150e+03 1.442356e+04 1.937081e+04 2.850883e+04  
2.944000e-02 7.858723e+03 1.419701e+04 1.906470e+04 2.805342e+04  
2.985038e-02 7.732689e+03 1.396763e+04 1.875485e+04 2.759266e+04  
3.026648e-02 7.605191e+03 1.373568e+04 1.844161e+04 2.712707e+04  
3.068838e-02 7.476382e+03 1.350144e+04 1.812537e+04 2.665721e+04  
3.111616e-02 7.346432e+03 1.326521e+04 1.780653e+04 2.618373e+04  
3.154990e-02 7.215501e+03 1.302730e+04 1.748551e+04 2.570719e+04  
3.198969e-02 7.083729e+03 1.278794e+04 1.716262e+04 2.522810e+04  
3.243561e-02 6.951263e+03 1.254742e+04 1.683825e+04 2.474699e+04  
3.288774e-02 6.818263e+03 1.230603e+04 1.651278e+04 2.426448e+04  
3.334618e-02 6.684901e+03 1.206406e+04 1.618663e+04 2.378115e+04  
3.381101e-02 6.551362e+03 1.182187e+04 1.586025e+04 2.329766e+04  
3.428231e-02 6.417847e+03 1.157980e+04 1.553412e+04 2.281473e+04  
3.476019e-02 6.284553e+03 1.133823e+04 1.520874e+04 2.233311e+04  
3.524473e-02 6.151646e+03 1.109744e+04 1.488449e+04 2.185333e+04  
3.573602e-02 6.019293e+03 1.085774e+04 1.456178e+04 2.137600e+04  
3.623416e-02 5.887671e+03 1.061944e+04 1.424103e+04 2.090174e+04  
3.673925e-02 5.756970e+03 1.038288e+04 1.392271e+04 2.043125e+04  
3.725137e-02 5.627391e+03 1.014844e+04 1.360729e+04 1.996520e+04  
3.777064e-02 5.499148e+03 9.916484e+03 1.329528e+04 1.950434e+04  
3.829714e-02 5.372455e+03 9.687398e+03 1.298719e+04 1.904942e+04  
3.883098e-02 5.247455e+03 9.461443e+03 1.268338e+04 1.860095e+04  
3.937226e-02 5.124268e+03 9.238828e+03 1.238412e+04 1.815933e+04  
3.992109e-02 5.003018e+03 9.019775e+03 1.208970e+04 1.772497e+04  
4.047757e-02 4.883835e+03 8.804515e+03 1.180043e+04 1.729834e+04  
4.104181e-02 4.766853e+03 8.593287e+03 1.151663e+04 1.687990e+04  
4.161391e-02 4.652210e+03 8.386332e+03 1.123862e+04 1.647010e+04  
4.219398e-02 4.540048e+03 8.183905e+03 1.096673e+04 1.606942e+04  
4.278214e-02 4.430518e+03 7.986270e+03 1.070132e+04 1.567839e+04  
4.337850e-02 4.323773e+03 7.793700e+03 1.044275e+04 1.529752e+04  
4.398317e-02 4.219973e+03 7.606474e+03 1.019138e+04 1.492733e+04  
4.459628e-02 4.119282e+03 7.424881e+03 9.947601e+03 1.456837e+04  
4.521792e-02 4.021871e+03 7.249224e+03 9.711812e+03 1.422123e+04  
4.584824e-02 3.927918e+03 7.079815e+03 9.484422e+03 1.388649e+04  
4.648734e-02 3.837591e+03 6.916947e+03 9.265815e+03 1.356471e+04  
4.713535e-02 3.750960e+03 6.760737e+03 9.056146e+03 1.325608e+04  
4.779239e-02 3.668042e+03 6.611213e+03 8.855445e+03 1.296066e+04  
4.845859e-02 3.588842e+03 6.468378e+03 8.663715e+03 1.267844e+04  
4.913407e-02 3.513359e+03 6.332222e+03 8.480933e+03 1.240937e+04  
4.981898e-02 3.441582e+03 6.202719e+03 8.307058e+03 1.215338e+04  
5.051342e-02 3.373491e+03 6.079829e+03 8.142039e+03 1.191039e+04  
5.121755e-02 3.309066e+03 5.963507e+03 7.985806e+03 1.168029e+04  
5.193150e-02 3.248287e+03 5.853712e+03 7.838297e+03 1.146297e+04  
5.265540e-02 3.191127e+03 5.750385e+03 7.699427e+03 1.125830e+04  
5.338938e-02 3.137546e+03 5.653453e+03 7.569099e+03 1.106614e+04  
5.413360e-02 3.087493e+03 5.562810e+03 7.447163e+03 1.088625e+04  
5.488820e-02 3.040901e+03 5.478334e+03 7.333446e+03 1.071837e+04  
5.565331e-02 2.997689e+03 5.399869e+03 7.227736e+03 1.056217e+04  
5.642908e-02 2.957759e+03 5.327237e+03 7.129797e+03 1.041732e+04  
5.721568e-02 2.920995e+03 5.260218e+03 7.039324e+03 1.028336e+04  
5.801323e-02 2.887264e+03 5.198570e+03 6.955988e+03 1.015980e+04  
5.882190e-02 2.856415e+03 5.142015e+03 6.879417e+03 1.004609e+04  
5.964185e-02 2.828285e+03 5.090260e+03 6.809220e+03 9.941672e+03  
6.047322e-02 2.802695e+03 5.042976e+03 6.744949e+03 9.845877e+03  
6.131619e-02 2.779447e+03 4.999804e+03 6.686124e+03 9.758007e+03  
6.217090e-02 2.758322e+03 4.960350e+03 6.632219e+03 9.677297e+03  
6.303753e-02 2.739077e+03 4.924183e+03 6.582664e+03 9.602937e+03  
6.391624e-02 2.721471e+03 4.890865e+03 6.536869e+03 9.534057e+03  
6.480720e-02 2.705272e+03 4.859985e+03 6.494290e+03 9.469870e+03  
6.571058e-02 2.690232e+03 4.831100e+03 6.454340e+03 9.409539e+03  
6.662655e-02 2.676078e+03 4.803732e+03 6.416388e+03 9.352165e+03  
6.755528e-02 2.662515e+03 4.777354e+03 6.379734e+03 9.296731e+03  
6.849697e-02 2.649247e+03 4.751449e+03 6.343699e+03 9.242263e+03  
6.945178e-02 2.635974e+03 4.725493e+03 6.307593e+03 9.187783e+03  
7.041990e-02 2.622367e+03 4.698915e+03 6.270671e+03 9.132234e+03  
7.140151e-02 2.608071e+03 4.671099e+03 6.232119e+03 9.074440e+03  
7.239681e-02 2.592744e+03 4.641450e+03 6.191161e+03 9.013296e+03  
7.340598e-02 2.576075e+03 4.609442e+03 6.147116e+03 8.947840e+03  
7.442922e-02 2.557738e+03 4.574517e+03 6.099257e+03 8.877038e+03  
7.546673e-02 2.537380e+03 4.536073e+03 6.046795e+03 8.799756e+03  
7.651869e-02 2.514676e+03 4.493558e+03 5.989018e+03 8.714978e+03  
7.758532e-02 2.489392e+03 4.446590e+03 5.925435e+03 8.622016e+03  
7.866682e-02 2.461293e+03 4.394777e+03 5.855543e+03 8.520151e+03  
7.976339e-02 2.430131e+03 4.337708e+03 5.778809e+03 8.408606e+03  
8.087525e-02 2.395722e+03 4.275082e+03 5.694846e+03 8.286831e+03  
8.200261e-02 2.358004e+03 4.206816e+03 5.603564e+03 8.154707e+03  
8.314568e-02 2.316926e+03 4.132841e+03 5.504874e+03 8.012099e+03  
8.430468e-02 2.272446e+03 4.053100e+03 5.398710e+03 7.858898e+03  
8.547985e-02 2.224627e+03 3.967717e+03 5.285241e+03 7.695344e+03  
8.667139e-02 2.173623e+03 3.876979e+03 5.164853e+03 7.522005e+03  
8.787954e-02 2.119605e+03 3.781188e+03 5.037946e+03 7.339433e+03  
8.910453e-02 2.062791e+03 3.680727e+03 4.905019e+03 7.148339e+03  
9.034660e-02 2.003500e+03 3.576154e+03 4.766807e+03 6.949773e+03  
9.160598e-02 1.942103e+03 3.468117e+03 4.624166e+03 6.744980e+03  
9.288292e-02 1.879000e+03 3.357300e+03 4.477985e+03 6.535216e+03  
9.417766e-02 1.814629e+03 3.244450e+03 4.329240e+03 6.321877e+03  
9.549045e-02 1.749452e+03 3.130362e+03 4.178967e+03 6.106451e+03  
9.682153e-02 1.683970e+03 3.015897e+03 4.028298e+03 5.890580e+03  
9.817117e-02 1.618725e+03 2.901969e+03 3.878416e+03 5.675938e+03  
9.953962e-02 1.554275e+03 2.789527e+03 3.730558e+03 5.464298e+03  
1.009272e-01 1.491097e+03 2.679383e+03 3.585781e+03 5.257174e+03  
1.023340e-01 1.429674e+03 2.572360e+03 3.445159e+03 5.056116e+03  
1.037605e-01 1.370519e+03 2.469324e+03 3.309813e+03 4.862705e+03  
1.052069e-01 1.314105e+03 2.371072e+03 3.180778e+03 4.678416e+03  
1.066734e-01 1.260759e+03 2.278161e+03 3.058776e+03 4.504278e+03  
1.081604e-01 1.210812e+03 2.191150e+03 2.944533e+03 4.341329e+03  
1.096681e-01 1.164598e+03 2.110596e+03 2.838766e+03 4.190568e+03  
1.111968e-01 1.122316e+03 2.036834e+03 2.741904e+03 4.052599e+03  
1.127468e-01 1.084080e+03 1.970049e+03 2.654184e+03 3.927751e+03  
1.143184e-01 1.050000e+03 1.910420e+03 2.575835e+03 3.816347e+03  
1.159120e-01 1.020122e+03 1.858009e+03 2.506924e+03 3.718463e+03  
1.175277e-01 9.943748e+02 1.812685e+03 2.447274e+03 3.633838e+03  
1.191660e-01 9.726651e+02 1.774273e+03 2.396654e+03 3.562141e+03  
1.208271e-01 9.548555e+02 1.742526e+03 2.354730e+03 3.502898e+03  
1.225114e-01 9.407085e+02 1.717018e+03 2.320940e+03 3.455299e+03  
1.242191e-01 9.299430e+02 1.697254e+03 2.294631e+03 3.418419e+03  
1.259506e-01 9.222343e+02 1.682667e+03 2.275065e+03 3.391217e+03  
1.277063e-01 9.171683e+02 1.672538e+03 2.261299e+03 3.372363e+03  
1.294865e-01 9.142754e+02 1.666053e+03 2.252272e+03 3.360348e+03  
1.312915e-01 9.130445e+02 1.662338e+03 2.246844e+03 3.353560e+03  
1.331216e-01 9.129202e+02 1.660450e+03 2.243797e+03 3.350281e+03  
1.349772e-01 9.132998e+02 1.659369e+03 2.241806e+03 3.348622e+03  
1.368587e-01 9.135659e+02 1.658057e+03 2.239524e+03 3.346654e+03  
1.387665e-01 9.131398e+02 1.655549e+03 2.235704e+03 3.342587e+03  
1.407008e-01 9.114162e+02 1.650847e+03 2.229058e+03 3.334570e+03  
1.426621e-01 9.078424e+02 1.643040e+03 2.218404e+03 3.320877e+03  
1.446507e-01 9.019518e+02 1.631366e+03 2.202754e+03 3.300051e+03  
1.466671e-01 8.932777e+02 1.615067e+03 2.181127e+03 3.270642e+03  
1.487115e-01 8.815238e+02 1.593676e+03 2.152922e+03 3.231755e+03  
1.507845e-01 8.664708e+02 1.566844e+03 2.117683e+03 3.182682e+03  
1.528864e-01 8.479999e+02 1.534393e+03 2.075173e+03 3.123048e+03  
1.550175e-01 8.262230e+02 1.496522e+03 2.025656e+03 3.053208e+03  
1.571784e-01 8.013223e+02 1.453551e+03 1.969551e+03 2.973772e+03  
1.593694e-01 7.737171e+02 1.406177e+03 1.907759e+03 2.886032e+03  
1.615909e-01 7.439782e+02 1.355349e+03 1.841513e+03 2.791787e+03  
1.638434e-01 7.127691e+02 1.302166e+03 1.772241e+03 2.693125e+03  
1.661273e-01 6.808682e+02 1.247916e+03 1.701623e+03 2.592507e+03  
1.684430e-01 6.490756e+02 1.193915e+03 1.631357e+03 2.492399e+03  
1.707910e-01 6.181098e+02 1.141345e+03 1.562975e+03 2.395026e+03  
1.731717e-01 5.886825e+02 1.091379e+03 1.497994e+03 2.302583e+03  
1.755856e-01 5.613262e+02 1.044896e+03 1.437549e+03 2.216702e+03  
1.780332e-01 5.365014e+02 1.002648e+03 1.382605e+03 2.138754e+03  
1.805149e-01 5.145290e+02 9.651596e+02 1.333833e+03 2.069688e+03  
1.830312e-01 4.956326e+02 9.327963e+02 1.291699e+03 2.010159e+03  
1.855825e-01 4.799293e+02 9.057447e+02 1.256441e+03 1.960493e+03  
1.881694e-01 4.674339e+02 8.840164e+02 1.228064e+03 1.920690e+03  
1.907924e-01 4.580457e+02 8.674329e+02 1.206334e+03 1.890413e+03  
1.934520e-01 4.515426e+02 8.556152e+02 1.190760e+03 1.868972e+03  
1.961486e-01 4.475626e+02 8.479536e+02 1.180556e+03 1.855258e+03  
1.988828e-01 4.456042e+02 8.436076e+02 1.174636e+03 1.847733e+03  
2.016551e-01 4.450627e+02 8.415740e+02 1.171709e+03 1.844562e+03  
2.044661e-01 4.452471e+02 8.407162e+02 1.170312e+03 1.843656e+03  
2.073162e-01 4.454640e+02 8.398992e+02 1.168981e+03 1.842904e+03  
2.102061e-01 4.450222e+02 8.379965e+02 1.166261e+03 1.840184e+03  
2.131362e-01 4.433262e+02 8.340455e+02 1.160906e+03 1.833663e+03  
2.161073e-01 4.398515e+02 8.272051e+02 1.151824e+03 1.821717e+03  
2.191197e-01 4.342244e+02 8.168794e+02 1.138240e+03 1.803173e+03  
2.221741e-01 4.262094e+02 8.026961e+02 1.119665e+03 1.777283e+03  
2.252711e-01 4.157652e+02 7.845990e+02 1.096024e+03 1.743912e+03  
2.284112e-01 4.030742e+02 7.628951e+02 1.067716e+03 1.703636e+03  
2.315951e-01 3.885162e+02 7.382047e+02 1.035546e+03 1.657645e+03  
2.348235e-01 3.726720e+02 7.114707e+02 1.000739e+03 1.607752e+03  
2.380968e-01 3.562187e+02 6.837905e+02 9.647199e+02 1.556065e+03  
2.414157e-01 3.398804e+02 6.563370e+02 9.290086e+02 1.504822e+03  
2.447809e-01 3.243151e+02 6.301707e+02 8.949742e+02 1.456027e+03  
2.481930e-01 3.100965e+02 6.062150e+02 8.638051e+02 1.411401e+03  
2.516527e-01 2.976579e+02 5.851661e+02 8.363931e+02 1.372224e+03  
2.551606e-01 2.872841e+02 5.674806e+02 8.133200e+02 1.339320e+03  
2.587174e-01 2.791041e+02 5.533580e+02 7.948363e+02 1.313037e+03  
2.623238e-01 2.730672e+02 5.427084e+02 7.808221e+02 1.293194e+03  
2.659804e-01 2.689467e+02 5.351572e+02 7.707938e+02 1.279095e+03  
2.696881e-01 2.663648e+02 5.300893e+02 7.639614e+02 1.269609e+03  
2.734474e-01 2.648188e+02 5.266880e+02 7.592761e+02 1.263230e+03  
2.772591e-01 2.637441e+02 5.240425e+02 7.555678e+02 1.258272e+03  
2.811239e-01 2.625649e+02 5.212295e+02 7.516475e+02 1.253004e+03  
2.850426e-01 2.607427e+02 5.173898e+02 7.464060e+02 1.245794e+03  
2.890160e-01 2.578278e+02 5.118073e+02 7.389161e+02 1.235273e+03  
2.930447e-01 2.535131e+02 5.039972e+02 7.285488e+02 1.220498e+03  
2.971296e-01 2.476836e+02 4.937823e+02 7.150729e+02 1.201118e+03  
3.012714e-01 2.404498e+02 4.813457e+02 6.987252e+02 1.177479e+03  
3.054710e-01 2.321418e+02 4.672175e+02 6.801946e+02 1.150605e+03  
3.097291e-01 2.232440e+02 4.521728e+02 6.604852e+02 1.121985e+03  
3.140465e-01 2.142993e+02 4.370769e+02 6.407160e+02 1.093267e+03  
3.184242e-01 2.058175e+02 4.227408e+02 6.219312e+02 1.065979e+03  
3.228628e-01 1.982150e+02 4.098227e+02 6.049758e+02 1.041346e+03  
3.273634e-01 1.917857e+02 3.987859e+02 5.904403e+02 1.020215e+03  
3.319266e-01 1.866712e+02 3.898499e+02 5.786016e+02 1.002970e+03  
3.365535e-01 1.828386e+02 3.829568e+02 5.693812e+02 9.894899e+02  
3.412449e-01 1.800859e+02 3.777811e+02 5.623612e+02 9.791696e+02  
3.460016e-01 1.780686e+02 3.737732e+02 5.568367e+02 9.709918e+02  
3.508247e-01 1.763626e+02 3.702605e+02 5.519450e+02 9.637068e+02  
3.557150e-01 1.745468e+02 3.665779e+02 5.468324e+02 9.560758e+02  
3.606735e-01 1.722615e+02 3.621594e+02 5.407721e+02 9.470410e+02  
3.657011e-01 1.692532e+02 3.566086e+02 5.332540e+02 9.358561e+02  
3.707988e-01 1.654217e+02 3.497711e+02 5.240788e+02 9.222271e+02  
3.759675e-01 1.608433e+02 3.417711e+02 5.134086e+02 9.063974e+02  
3.812083e-01 1.557637e+02 3.329975e+02 5.017463e+02 8.891107e+02  
3.865221e-01 1.505316e+02 3.239997e+02 4.897992e+02 8.714026e+02  
3.919100e-01 1.455043e+02 3.153373e+02 4.782840e+02 8.543098e+02  
3.973730e-01 1.409759e+02 3.074695e+02 4.677876e+02 8.386791e+02  
4.029122e-01 1.371371e+02 3.006916e+02 4.586848e+02 8.250422e+02  
4.085286e-01 1.340444e+02 2.950881e+02 4.510801e+02 8.135399e+02  
4.142232e-01 1.316078e+02 2.905142e+02 4.447852e+02 8.038913e+02  
4.199973e-01 1.296140e+02 2.866351e+02 4.393730e+02 7.954851e+02  
4.258518e-01 1.277941e+02 2.830308e+02 4.343083e+02 7.875543e+02  
4.317880e-01 1.258848e+02 2.792918e+02 4.290687e+02 7.793509e+02  
4.378069e-01 1.236711e+02 2.750846e+02 4.232279e+02 7.702602e+02  
4.439097e-01 1.210393e+02 2.702357e+02 4.165674e+02 7.599776e+02  
4.500975e-01 1.180226e+02 2.647990e+02 4.091577e+02 7.486106e+02  
4.563716e-01 1.147733e+02 2.590121e+02 4.013034e+02 7.366008e+02  
4.627332e-01 1.114985e+02 2.531955e+02 3.934120e+02 7.245293e+02  
4.691835e-01 1.084036e+02 2.476666e+02 3.858880e+02 7.129758e+02  
4.757236e-01 1.056514e+02 2.426745e+02 3.790458e+02 7.023807e+02  
4.823549e-01 1.033088e+02 2.383199e+02 3.730101e+02 6.929128e+02  
4.890787e-01 1.013249e+02 2.345214e+02 3.676752e+02 6.844143e+02  
4.958962e-01 9.956963e+01 2.310783e+02 3.627877e+02 6.765295e+02  
5.028087e-01 9.788406e+01 2.277466e+02 3.580389e+02 6.688243e+02  
5.098176e-01 9.611912e+01 2.242980e+02 3.531409e+02 6.608953e+02  
5.169242e-01 9.417258e+01 2.205772e+02 3.478979e+02 6.524707e+02  
5.241298e-01 9.204227e+01 2.165832e+02 3.423113e+02 6.435603e+02  
5.314359e-01 8.980465e+01 2.124335e+02 3.365306e+02 6.343768e+02  
5.388438e-01 8.757678e+01 2.083063e+02 3.307797e+02 6.252319e+02  
5.463550e-01 8.547643e+01 2.043796e+02 3.252815e+02 6.164324e+02  
5.539709e-01 8.357984e+01 2.007684e+02 3.201795e+02 6.081747e+02  
5.616930e-01 8.189067e+01 1.974765e+02 3.154772e+02 6.004593e+02  
5.695227e-01 8.035265e+01 1.944173e+02 3.110645e+02 5.931309e+02  
5.774615e-01 7.888000e+01 1.914609e+02 3.067793e+02 5.859675e+02  
5.855110e-01 7.738312e+01 1.884734e+02 3.024557e+02 5.787460e+02  
5.936727e-01 7.581283e+01 1.853815e+02 2.980035e+02 5.713471e+02  
6.019482e-01 7.417814e+01 1.821990e+02 2.934399e+02 5.637956e+02  
6.103390e-01 7.252454e+01 1.789947e+02 2.888512e+02 5.562106e+02  
6.188468e-01 7.092060e+01 1.758713e+02 2.843651e+02 5.487645e+02  
6.274732e-01 6.941798e+01 1.729049e+02 2.800751e+02 5.415802e+02  
6.362198e-01 6.802739e+01 1.701099e+02 2.759969e+02 5.346746e+02  
6.450884e-01 6.672665e+01 1.674529e+02 2.720896e+02 5.279926e+02  
6.540806e-01 6.546738e+01 1.648625e+02 2.682655e+02 5.214190e+02  
6.631981e-01 6.419908e+01 1.622644e+02 2.644338e+02 5.148361e+02  
6.724427e-01 6.290660e+01 1.596359e+02 2.605667e+02 5.082077e+02  
6.818162e-01 6.161358e+01 1.570126e+02 2.567088e+02 5.015946e+02  
6.913204e-01 6.034837e+01 1.544363e+02 2.529110e+02 4.950629e+02  
7.009570e-01 5.913877e+01 1.519470e+02 2.492218e+02 4.886742e+02  
7.107280e-01 5.798615e+01 1.495456e+02 2.456406e+02 4.824249e+02  
7.206351e-01 5.687454e+01 1.472092e+02 2.421407e+02 4.762820e+02  
7.306804e-01 5.578649e+01 1.449125e+02 2.386916e+02 4.702073e+02  
7.408657e-01 5.470880e+01 1.426367e+02 2.352705e+02 4.641728e+02  
7.511929e-01 5.364495e+01 1.403858e+02 2.318820e+02 4.581831e+02  
7.616642e-01 5.260196e+01 1.381707e+02 2.285400e+02 4.522573e+02  
7.722814e-01 5.158719e+01 1.360020e+02 2.252567e+02 4.464100e+02  
7.830465e-01 5.060280e+01 1.338822e+02 2.220350e+02 4.406445e+02  
7.939618e-01 4.964489e+01 1.318052e+02 2.188670e+02 4.349499e+02  
8.050292e-01 4.870882e+01 1.297649e+02 2.157462e+02 4.293195e+02  
8.162509e-01 4.779035e+01 1.277553e+02 2.126655e+02 4.237450e+02  
8.276289e-01 4.688956e+01 1.257764e+02 2.096247e+02 4.182258e+02  
8.391656e-01 4.600826e+01 1.238301e+02 2.066259e+02 4.127641e+02  
8.508632e-01 4.514836e+01 1.219196e+02 2.036731e+02 4.073652e+02  
8.627237e-01 4.431057e+01 1.200457e+02 2.007671e+02 4.020297e+02  
8.747496e-01 4.349306e+01 1.182056e+02 1.979044e+02 3.967532e+02  
8.869432e-01 4.269354e+01 1.163958e+02 1.950808e+02 3.915307e+02  
8.993067e-01 4.190966e+01 1.146134e+02 1.922934e+02 3.863595e+02  
9.118425e-01 4.114089e+01 1.128578e+02 1.895414e+02 3.812386e+02  
9.245531e-01 4.038804e+01 1.111295e+02 1.868254e+02 3.761684e+02  
9.374409e-01 3.965198e+01 1.094297e+02 1.841464e+02 3.711500e+02  
9.505083e-01 3.893329e+01 1.077594e+02 1.815057e+02 3.661850e+02  
9.637579e-01 3.823118e+01 1.061175e+02 1.789021e+02 3.612717e+02  
9.771921e-01 3.754447e+01 1.045018e+02 1.763329e+02 3.564071e+02  
9.908137e-01 3.687187e+01 1.029107e+02 1.737963e+02 3.515893e+02  
1.004625e+00 3.621264e+01 1.013435e+02 1.712917e+02 3.468178e+02  
1.018629e+00 3.556677e+01 9.979993e+01 1.688188e+02 3.420923e+02  
1.032828e+00 3.493421e+01 9.827966e+01 1.663769e+02 3.374117e+02  
1.047225e+00 3.431493e+01 9.678271e+01 1.639662e+02 3.327763e+02  
1.061823e+00 3.370868e+01 9.530883e+01 1.615863e+02 3.281858e+02  
1.076624e+00 3.311509e+01 9.385744e+01 1.592367e+02 3.236395e+02  
1.091632e+00 3.253367e+01 9.242752e+01 1.569161e+02 3.191357e+02  
1.106848e+00 3.196403e+01 9.101875e+01 1.546241e+02 3.146744e+02  
1.122277e+00 3.140589e+01 8.963078e+01 1.523604e+02 3.102553e+02  
1.137921e+00 3.085891e+01 8.826312e+01 1.501245e+02 3.058776e+02  
1.153783e+00 3.032269e+01 8.691487e+01 1.479151e+02 3.015401e+02  
1.169866e+00 2.979698e+01 8.558596e+01 1.457325e+02 2.972429e+02  
1.186174e+00 2.928161e+01 8.427613e+01 1.435762e+02 2.929858e+02  
1.202708e+00 2.877635e+01 8.298500e+01 1.414458e+02 2.887683e+02  
1.219473e+00 2.828085e+01 8.171183e+01 1.393403e+02 2.845902e+02  
1.236472e+00 2.779497e+01 8.045666e+01 1.372601e+02 2.804499e+02  
1.253708e+00 2.731846e+01 7.921912e+01 1.352045e+02 2.763480e+02  
1.271184e+00 2.685103e+01 7.799877e+01 1.331731e+02 2.722840e+02  
1.288904e+00 2.639237e+01 7.679499e+01 1.311652e+02 2.682570e+02  
1.306870e+00 2.594235e+01 7.560779e+01 1.291808e+02 2.642673e+02  
1.325087e+00 2.550077e+01 7.443687e+01 1.272197e+02 2.603138e+02  
1.343558e+00 2.506738e+01 7.328182e+01 1.252813e+02 2.563975e+02  
1.362287e+00 2.464194e+01 7.214222e+01 1.233651e+02 2.525173e+02  
1.381276e+00 2.422434e+01 7.101802e+01 1.214712e+02 2.486731e+02  
1.400531e+00 2.381438e+01 6.990894e+01 1.195992e+02 2.448648e+02  
1.420053e+00 2.341183e+01 6.881461e+01 1.177487e+02 2.410919e+02  
1.439848e+00 2.301651e+01 6.773471e+01 1.159193e+02 2.373541e+02  
1.459919e+00 2.262829e+01 6.666916e+01 1.141110e+02 2.336515e+02  
1.480269e+00 2.224699e+01 6.561770e+01 1.123235e+02 2.299839e+02  
1.500903e+00 2.187241e+01 6.457999e+01 1.105571e+02 2.263509e+02  
1.521825e+00 2.150439e+01 6.355580e+01 1.088103e+02 2.227523e+02  
1.543038e+00 2.114282e+01 6.254503e+01 1.070834e+02 2.191882e+02  
1.564548e+00 2.078752e+01 6.154743e+01 1.053764e+02 2.156584e+02  
1.586357e+00 2.043832e+01 6.056272e+01 1.036889e+02 2.121627e+02  
1.608469e+00 2.009511e+01 5.959074e+01 1.020207e+02 2.087009e+02  
1.630891e+00 1.975778e+01 5.863136e+01 1.003717e+02 2.052731e+02  
1.653624e+00 1.942619e+01 5.768440e+01 9.874165e+01 2.018792e+02  
1.676675e+00 1.910017e+01 5.674958e+01 9.713032e+01 1.985190e+02  
1.700047e+00 1.877963e+01 5.582678e+01 9.553756e+01 1.951924e+02  
1.723745e+00 1.846444e+01 5.491584e+01 9.396320e+01 1.918995e+02  
1.747773e+00 1.815448e+01 5.401662e+01 9.240653e+01 1.886401e+02  
1.772136e+00 1.784961e+01 5.312886e+01 9.086841e+01 1.854142e+02  
1.796838e+00 1.754974e+01 5.225248e+01 8.934817e+01 1.822218e+02  
1.821885e+00 1.725478e+01 5.138733e+01 8.784568e+01 1.790629e+02  
1.847281e+00 1.696461e+01 5.053328e+01 8.636077e+01 1.759374e+02  
1.873032e+00 1.667911e+01 4.969012e+01 8.489324e+01 1.728453e+02  
1.899141e+00 1.639820e+01 4.885775e+01 8.344300e+01 1.697867e+02  
1.925614e+00 1.612179e+01 4.803607e+01 8.200991e+01 1.667614e+02  
1.952456e+00 1.584981e+01 4.722495e+01 8.059385e+01 1.637695e+02  
1.979672e+00 1.558212e+01 4.642419e+01 7.919462e+01 1.608110e+02  
2.007267e+00 1.531866e+01 4.563373e+01 7.781215e+01 1.578859e+02  
2.035248e+00 1.505935e+01 4.485346e+01 7.644631e+01 1.549943e+02  
2.063618e+00 1.480413e+01 4.408325e+01 7.509699e+01 1.521360e+02  
2.092383e+00 1.455285e+01 4.332294e+01 7.376402e+01 1.493112e+02  
2.121550e+00 1.430547e+01 4.257247e+01 7.244734e+01 1.465198e+02  
2.151123e+00 1.406194e+01 4.183173e+01 7.114682e+01 1.437619e+02  
2.181109e+00 1.382216e+01 4.110061e+01 6.986237e+01 1.410374e+02  
2.211512e+00 1.358604e+01 4.037898e+01 6.859384e+01 1.383464e+02  
2.242340e+00 1.335355e+01 3.966677e+01 6.734117e+01 1.356889e+02  
2.273597e+00 1.312462e+01 3.896390e+01 6.610426e+01 1.330648e+02  
2.305289e+00 1.289917e+01 3.827025e+01 6.488300e+01 1.304742e+02  
2.337424e+00 1.267712e+01 3.758571e+01 6.367729e+01 1.279170e+02  
2.370006e+00 1.245845e+01 3.691023e+01 6.248705e+01 1.253934e+02  
2.403043e+00 1.224309e+01 3.624371e+01 6.131219e+01 1.229031e+02  
2.436540e+00 1.203098e+01 3.558605e+01 6.015262e+01 1.204463e+02  
2.470504e+00 1.182203e+01 3.493716e+01 5.900824e+01 1.180229e+02  
2.504942e+00 1.161623e+01 3.429698e+01 5.787897e+01 1.156329e+02  
2.539859e+00 1.141352e+01 3.366543e+01 5.676474e+01 1.132762e+02  
2.575263e+00 1.121383e+01 3.304241e+01 5.566546e+01 1.109527e+02  
2.611161e+00 1.101710e+01 3.242784e+01 5.458104e+01 1.086624e+02  
2.647559e+00 1.082332e+01 3.182167e+01 5.351163e+01 1.064053e+02  
2.684465e+00 1.063243e+01 3.122380e+01 5.245670e+01 1.041812e+02  
2.721885e+00 1.044436e+01 3.063417e+01 5.141639e+01 1.019901e+02  
2.759826e+00 1.025909e+01 3.005270e+01 5.039063e+01 9.983196e+01  
2.798297e+00 1.007658e+01 2.947933e+01 4.937935e+01 9.770657e+01  
2.837304e+00 9.896774e+00 2.891398e+01 4.838246e+01 9.561387e+01  
2.876854e+00 9.719626e+00 2.835658e+01 4.739988e+01 9.355372e+01  
2.916956e+00 9.545103e+00 2.780706e+01 4.643155e+01 9.152601e+01  
2.957617e+00 9.373173e+00 2.726536e+01 4.547737e+01 8.953059e+01  
2.998844e+00 9.203796e+00 2.673142e+01 4.453708e+01 8.756732e+01  
3.040646e+00 9.036922e+00 2.620515e+01 4.361103e+01 8.563604e+01  
3.083031e+00 8.872503e+00 2.568651e+01 4.269888e+01 8.373657e+01  
3.126007e+00 8.710551e+00 2.517543e+01 4.180057e+01 8.186875e+01  
3.169582e+00 8.551008e+00 2.467185e+01 4.091603e+01 8.003240e+01  
3.213764e+00 8.393829e+00 2.417570e+01 4.004517e+01 7.822730e+01  
3.258562e+00 8.238994e+00 2.368692e+01 3.918792e+01 7.645326e+01  
3.303985e+00 8.086470e+00 2.320545e+01 3.834419e+01 7.471007e+01  
3.350041e+00 7.936222e+00 2.273125e+01 3.751389e+01 7.299751e+01  
3.396739e+00 7.788216e+00 2.226421e+01 3.669694e+01 7.131534e+01  
3.444087e+00 7.642431e+00 2.180431e+01 3.589325e+01 6.966333e+01  
3.492096e+00 7.498836e+00 2.135148e+01 3.510274e+01 6.804124e+01  
3.540774e+00 7.357401e+00 2.090566e+01 3.432531e+01 6.644870e+01  
3.590130e+00 7.218094e+00 2.046680e+01 3.356087e+01 6.488566e+01  
3.640175e+00 7.080894e+00 2.003483e+01 3.280933e+01 6.335187e+01  
3.690917e+00 6.945773e+00 1.960970e+01 3.207058e+01 6.184684e+01  
3.742366e+00 6.812706e+00 1.919136e+01 3.134426e+01 6.037038e+01  
3.794533e+00 6.681660e+00 1.877974e+01 3.063082e+01 5.892221e+01  
3.847427e+00 6.552617e+00 1.837477e+01 2.992989e+01 5.750204e+01  
3.901058e+00 6.425551e+00 1.797643e+01 2.924135e+01 5.610958e+01  
3.955436e+00 6.300438e+00 1.758465e+01 2.856509e+01 5.474452e+01  
4.010573e+00 6.177251e+00 1.719935e+01 2.790103e+01 5.340655e+01  
4.066478e+00 6.055971e+00 1.682050e+01 2.724912e+01 5.209536e+01  
4.123163e+00 5.936575e+00 1.644804e+01 2.660910e+01 5.081064e+01  
4.180637e+00 5.819038e+00 1.608189e+01 2.598081e+01 4.955206e+01  
4.238913e+00 5.703337e+00 1.572202e+01 2.536441e+01 4.831930e+01  
4.298001e+00 5.589453e+00 1.536845e+01 2.475959e+01 4.711203e+01  
4.357913e+00 5.477364e+00 1.502095e+01 2.416628e+01 4.592819e+01  
4.418660e+00 5.367047e+00 1.467954e+01 2.358435e+01 4.477098e+01  
4.480254e+00 5.258483e+00 1.434417e+01 2.301367e+01 4.363826e+01  
4.542706e+00 5.151651e+00 1.401479e+01 2.245414e+01 4.252970e+01  
4.606029e+00 5.046533e+00 1.369133e+01 2.190561e+01 4.144495e+01  
4.670234e+00 4.943104e+00 1.337354e+01 2.136797e+01 4.038367e+01  
4.735335e+00 4.841348e+00 1.306173e+01 2.084109e+01 3.934553e+01  
4.801343e+00 4.741244e+00 1.275565e+01 2.032483e+01 3.833016e+01  
4.868271e+00 4.642775e+00 1.245527e+01 1.981907e+01 3.733761e+01  
4.936132e+00 4.545919e+00 1.216050e+01 1.932368e+01 3.636644e+01  
5.004939e+00 4.450659e+00 1.187130e+01 1.883851e+01 3.541736e+01  
5.074705e+00 4.356976e+00 1.158759e+01 1.836345e+01 3.448970e+01  
5.145444e+00 4.264853e+00 1.130934e+01 1.789870e+01 3.358309e+01  
5.217169e+00 4.174269e+00 1.103646e+01 1.744344e+01 3.269719e+01  
5.289893e+00 4.085208e+00 1.076890e+01 1.699786e+01 3.183243e+01  
5.363631e+00 3.997653e+00 1.050634e+01 1.656194e+01 3.098661e+01  
5.438397e+00 3.911621e+00 1.024922e+01 1.613529e+01 3.016004e+01  
5.514206e+00 3.826987e+00 9.997235e+00 1.571762e+01 2.935357e+01  
5.591071e+00 3.743839e+00 9.750311e+00 1.530946e+01 2.856610e+01  
5.669007e+00 3.662128e+00 9.508387e+00 1.491031e+01 2.779730e+01  
5.748030e+00 3.581836e+00 9.271401e+00 1.452003e+01 2.704755e+01  
5.828155e+00 3.502945e+00 9.039287e+00 1.413849e+01 2.631504e+01  
5.909396e+00 3.425439e+00 8.811980e+00 1.376554e+01 2.560020e+01  
5.991770e+00 3.349301e+00 8.589417e+00 1.340106e+01 2.490268e+01  
6.075292e+00 3.274515e+00 8.371533e+00 1.304489e+01 2.422217e+01  
6.159978e+00 3.201065e+00 8.158261e+00 1.269690e+01 2.355841e+01  
6.245845e+00 3.128934e+00 7.949536e+00 1.235696e+01 2.291104e+01  
6.332908e+00 3.058106e+00 7.745295e+00 1.202492e+01 2.227956e+01  
6.421186e+00 2.988566e+00 7.545651e+00 1.170066e+01 2.166359e+01  
6.510694e+00 2.920296e+00 7.349997e+00 1.138427e+01 2.106323e+01  
6.601449e+00 2.853278e+00 7.158810e+00 1.107514e+01 2.047794e+01  
6.693470e+00 2.787505e+00 6.972601e+00 1.077339e+01 1.990743e+01  
6.786773e+00 2.722956e+00 6.789795e+00 1.047867e+01 1.935140e+01  
6.881377e+00 2.659616e+00 6.610311e+00 1.019127e+01 1.880952e+01  
6.977300e+00 2.597470e+00 6.435769e+00 9.910828e+00 1.828152e+01  
7.074559e+00 2.536502e+00 6.265028e+00 9.637234e+00 1.776711e+01  
7.173175e+00 2.476697e+00 6.098181e+00 9.370350e+00 1.726597e+01  
7.273165e+00 2.418041e+00 5.935022e+00 9.110048e+00 1.677783e+01  
7.374549e+00 2.360518e+00 5.776546e+00 8.856201e+00 1.630259e+01  
7.477346e+00 2.304113e+00 5.620999e+00 8.608679e+00 1.583938e+01  
7.581576e+00 2.248812e+00 5.468322e+00 8.367411e+00 1.538855e+01  
7.687260e+00 2.194599e+00 5.319983e+00 8.132122e+00 1.494966e+01  
7.794416e+00 2.141494e+00 5.175157e+00 7.902838e+00 1.452232e+01  
7.903066e+00 2.089382e+00 5.033780e+00 7.679392e+00 1.410633e+01  
8.013230e+00 2.038347e+00 4.895788e+00 7.461655e+00 1.370143e+01  
8.124930e+00 1.988344e+00 4.761119e+00 7.249513e+00 1.330688e+01  
8.238187e+00 1.939356e+00 4.629712e+00 7.042646e+00 1.292339e+01  
8.353023e+00 1.891370e+00 4.501505e+00 6.841608e+00 1.255067e+01  
8.469460e+00 1.844372e+00 4.376438e+00 6.645283e+00 1.218761e+01  
8.587519e+00 1.798347e+00 4.254451e+00 6.454356e+00 1.183441e+01  
8.707225e+00 1.753281e+00 4.135484e+00 6.268450e+00 1.149037e+01  
8.828599e+00 1.709161e+00 4.019478e+00 6.087448e+00 1.115617e+01  
8.951665e+00 1.665972e+00 3.906374e+00 5.911258e+00 1.083112e+01  
9.076446e+00 1.623715e+00 3.796797e+00 5.739551e+00 1.051500e+01  
9.202967e+00 1.582346e+00 3.688643e+00 5.572847e+00 1.020760e+01  
9.331251e+00 1.541867e+00 3.583982e+00 5.410489e+00 9.908685e+00  
9.461324e+00 1.502332e+00 3.481913e+00 5.252445e+00 9.618056e+00  
9.593209e+00 1.463510e+00 3.382463e+00 5.098546e+00 9.335503e+00  
9.726934e+00 1.425620e+00 3.285507e+00 4.948980e+00 9.061193e+00  
9.862522e+00 1.388565e+00 3.191135e+00 4.803722e+00 8.794182e+00  
1.000000e+01 1.352331e+00 3.099219e+00 4.661929e+00 8.534664e+00  
