1.000000e-02 3.850292e+03 6.995542e+03 9.435135e+03 1.399071e+04  
1.013939e-02 3.872750e+03 7.036160e+03 9.489745e+03 1.407128e+04  
1.028073e-02 3.894929e+03 7.076263e+03 9.543657e+03 1.415081e+04  
1.042404e-02 3.916816e+03 7.115833e+03 9.596843e+03 1.422925e+04  
1.056935e-02 3.938402e+03 7.154849e+03 9.649277e+03 1.430656e+04  
1.071668e-02 3.959674e+03 7.193290e+03 9.700931e+03 1.438270e+04  
1.086606e-02 3.980622e+03 7.231137e+03 9.751779e+03 1.445764e+04  
1.101753e-02 4.001235e+03 7.268367e+03 9.801790e+03 1.453133e+04  
1.117111e-02 4.021499e+03 7.304959e+03 9.850935e+03 1.460372e+04  
1.132683e-02 4.041401e+03 7.340890e+03 9.899182e+03 1.467476e+04  
1.148472e-02 4.060930e+03 7.376135e+03 9.946500e+03 1.474442e+04  
1.164481e-02 4.080073e+03 7.410672e+03 9.992858e+03 1.481264e+04  
1.180713e-02 4.098816e+03 7.444479e+03 1.003823e+04 1.487938e+04  
1.197171e-02 4.117149e+03 7.477533e+03 1.008257e+04 1.494460e+04  
1.213859e-02 4.135058e+03 7.509811e+03 1.012587e+04 1.500824e+04  
1.230780e-02 4.152530e+03 7.541289e+03 1.016808e+04 1.507026e+04  
1.247936e-02 4.169553e+03 7.571945e+03 1.020918e+04 1.513062e+04  
1.265332e-02 4.186113e+03 7.601754e+03 1.024912e+04 1.518927e+04  
1.282970e-02 4.202197e+03 7.630693e+03 1.028789e+04 1.524616e+04  
1.300854e-02 4.217795e+03 7.658741e+03 1.032546e+04 1.530124e+04  
1.318987e-02 4.232892e+03 7.685875e+03 1.036178e+04 1.535447e+04  
1.337373e-02 4.247478e+03 7.712072e+03 1.039684e+04 1.540582e+04  
1.356015e-02 4.261538e+03 7.737307e+03 1.043059e+04 1.545522e+04  
1.374917e-02 4.275058e+03 7.761555e+03 1.046300e+04 1.550262e+04  
1.394083e-02 4.288025e+03 7.784793e+03 1.049405e+04 1.554799e+04  
1.413516e-02 4.300425e+03 7.806996e+03 1.052370e+04 1.559126e+04  
1.433219e-02 4.312247e+03 7.828140e+03 1.055191e+04 1.563240e+04  
1.453198e-02 4.323478e+03 7.848203e+03 1.057866e+04 1.567136e+04  
1.473454e-02 4.334104e+03 7.867163e+03 1.060392e+04 1.570809e+04  
1.493993e-02 4.344113e+03 7.884996e+03 1.062765e+04 1.574255e+04  
1.514819e-02 4.353493e+03 7.901677e+03 1.064982e+04 1.577468e+04  
1.535935e-02 4.362230e+03 7.917185e+03 1.067041e+04 1.580446e+04  
1.557345e-02 4.370313e+03 7.931499e+03 1.068938e+04 1.583182e+04  
1.579053e-02 4.377729e+03 7.944597e+03 1.070670e+04 1.585674e+04  
1.601064e-02 4.384470e+03 7.956458e+03 1.072235e+04 1.587916e+04  
1.623382e-02 4.390523e+03 7.967066e+03 1.073631e+04 1.589906e+04  
1.646012e-02 4.395877e+03 7.976397e+03 1.074854e+04 1.591640e+04  
1.668956e-02 4.400520e+03 7.984432e+03 1.075901e+04 1.593112e+04  
1.692220e-02 4.404442e+03 7.991149e+03 1.076771e+04 1.594319e+04  
1.715809e-02 4.407632e+03 7.996532e+03 1.077460e+04 1.595257e+04  
1.739726e-02 4.410082e+03 8.000563e+03 1.077966e+04 1.595924e+04  
1.763977e-02 4.411781e+03 8.003226e+03 1.078287e+04 1.596316e+04  
1.788566e-02 4.412723e+03 8.004507e+03 1.078421e+04 1.596429e+04  
1.813498e-02 4.412898e+03 8.004390e+03 1.078367e+04 1.596262e+04  
1.838777e-02 4.412297e+03 8.002858e+03 1.078121e+04 1.595811e+04  
1.864409e-02 4.410913e+03 7.999896e+03 1.077682e+04 1.595072e+04  
1.890397e-02 4.408737e+03 7.995492e+03 1.077048e+04 1.594044e+04  
1.916748e-02 4.405764e+03 7.989636e+03 1.076218e+04 1.592724e+04  
1.943467e-02 4.401990e+03 7.982319e+03 1.075190e+04 1.591111e+04  
1.970558e-02 4.397410e+03 7.973533e+03 1.073964e+04 1.589203e+04  
1.998026e-02 4.392019e+03 7.963269e+03 1.072539e+04 1.586999e+04  
2.025878e-02 4.385812e+03 7.951519e+03 1.070912e+04 1.584497e+04  
2.054117e-02 4.378784e+03 7.938274e+03 1.069084e+04 1.581695e+04  
2.082751e-02 4.370933e+03 7.923529e+03 1.067053e+04 1.578592e+04  
2.111783e-02 4.362256e+03 7.907280e+03 1.064819e+04 1.575187e+04  
2.141220e-02 4.352755e+03 7.889531e+03 1.062383e+04 1.571483e+04  
2.171068e-02 4.342430e+03 7.870282e+03 1.059744e+04 1.567478e+04  
2.201331e-02 4.331282e+03 7.849534e+03 1.056903e+04 1.563173e+04  
2.232016e-02 4.319312e+03 7.827291e+03 1.053860e+04 1.558568e+04  
2.263130e-02 4.306522e+03 7.803557e+03 1.050616e+04 1.553666e+04  
2.294676e-02 4.292916e+03 7.778338e+03 1.047171e+04 1.548466e+04  
2.326663e-02 4.278501e+03 7.751645e+03 1.043528e+04 1.542971e+04  
2.359095e-02 4.263283e+03 7.723494e+03 1.039687e+04 1.537185e+04  
2.391980e-02 4.247273e+03 7.693903e+03 1.035653e+04 1.531111e+04  
2.425323e-02 4.230480e+03 7.662889e+03 1.031426e+04 1.524753e+04  
2.459130e-02 4.212911e+03 7.630464e+03 1.027010e+04 1.518113e+04  
2.493409e-02 4.194576e+03 7.596645e+03 1.022405e+04 1.511194e+04  
2.528166e-02 4.175485e+03 7.561454e+03 1.017616e+04 1.504003e+04  
2.563407e-02 4.155650e+03 7.524913e+03 1.012644e+04 1.496541e+04  
2.599140e-02 4.135088e+03 7.487050e+03 1.007494e+04 1.488816e+04  
2.635371e-02 4.113818e+03 7.447900e+03 1.002171e+04 1.480835e+04  
2.672106e-02 4.091856e+03 7.407498e+03 9.966792e+03 1.472604e+04  
2.709354e-02 4.069218e+03 7.365866e+03 9.910218e+03 1.464129e+04  
2.747121e-02 4.045919e+03 7.323036e+03 9.852027e+03 1.455414e+04  
2.785414e-02 4.021979e+03 7.279042e+03 9.792271e+03 1.446468e+04  
2.824241e-02 3.997417e+03 7.233922e+03 9.730999e+03 1.437299e+04  
2.863610e-02 3.972258e+03 7.187719e+03 9.668269e+03 1.427914e+04  
2.903527e-02 3.946528e+03 7.140481e+03 9.604144e+03 1.418324e+04  
2.944000e-02 3.920255e+03 7.092260e+03 9.538699e+03 1.408539e+04  
2.985038e-02 3.893461e+03 7.043097e+03 9.471986e+03 1.398567e+04  
3.026648e-02 3.866168e+03 6.993030e+03 9.404059e+03 1.388416e+04  
3.068838e-02 3.838404e+03 6.942109e+03 9.334980e+03 1.378095e+04  
3.111616e-02 3.810195e+03 6.890386e+03 9.264828e+03 1.367617e+04  
3.154990e-02 3.781575e+03 6.837919e+03 9.193675e+03 1.356992e+04  
3.198969e-02 3.752576e+03 6.784767e+03 9.121602e+03 1.346231e+04  
3.243561e-02 3.723235e+03 6.730997e+03 9.048698e+03 1.335349e+04  
3.288774e-02 3.693578e+03 6.676660e+03 8.975037e+03 1.324356e+04  
3.334618e-02 3.663631e+03 6.621799e+03 8.900674e+03 1.313260e+04  
3.381101e-02 3.633421e+03 6.566464e+03 8.825675e+03 1.302071e+04  
3.428231e-02 3.602978e+03 6.510709e+03 8.750113e+03 1.290800e+04  
3.476019e-02 3.572335e+03 6.454598e+03 8.674079e+03 1.279461e+04  
3.524473e-02 3.541527e+03 6.398190e+03 8.597648e+03 1.268065e+04  
3.573602e-02 3.510590e+03 6.341552e+03 8.520911e+03 1.256625e+04  
3.623416e-02 3.479555e+03 6.284740e+03 8.443943e+03 1.245151e+04  
3.673925e-02 3.448451e+03 6.227807e+03 8.366820e+03 1.233657e+04  
3.725137e-02 3.417305e+03 6.170804e+03 8.289605e+03 1.222151e+04  
3.777064e-02 3.386150e+03 6.113786e+03 8.212375e+03 1.210644e+04  
3.829714e-02 3.355020e+03 6.056816e+03 8.135216e+03 1.199149e+04  
3.883098e-02 3.323951e+03 5.999964e+03 8.058221e+03 1.187681e+04  
3.937226e-02 3.292980e+03 5.943291e+03 7.981473e+03 1.176251e+04  
3.992109e-02 3.262128e+03 5.886837e+03 7.905022e+03 1.164867e+04  
4.047757e-02 3.231402e+03 5.830615e+03 7.828890e+03 1.153531e+04  
4.104181e-02 3.200808e+03 5.774638e+03 7.753095e+03 1.142248e+04  
4.161391e-02 3.170351e+03 5.718912e+03 7.677643e+03 1.131018e+04  
4.219398e-02 3.140036e+03 5.663447e+03 7.602547e+03 1.119841e+04  
4.278214e-02 3.109869e+03 5.608254e+03 7.527826e+03 1.108723e+04  
4.337850e-02 3.079855e+03 5.553344e+03 7.453493e+03 1.097666e+04  
4.398317e-02 3.050008e+03 5.498741e+03 7.379579e+03 1.086671e+04  
4.459628e-02 3.020357e+03 5.444495e+03 7.306151e+03 1.075752e+04  
4.521792e-02 2.990933e+03 5.390665e+03 7.233291e+03 1.064919e+04  
4.584824e-02 2.961767e+03 5.337308e+03 7.161078e+03 1.054184e+04  
4.648734e-02 2.932895e+03 5.284483e+03 7.089586e+03 1.043559e+04  
4.713535e-02 2.904350e+03 5.232255e+03 7.018902e+03 1.033056e+04  
4.779239e-02 2.876172e+03 5.180694e+03 6.949125e+03 1.022690e+04  
4.845859e-02 2.848370e+03 5.129816e+03 6.880277e+03 1.012465e+04  
4.913407e-02 2.820900e+03 5.079539e+03 6.812243e+03 1.002363e+04  
4.981898e-02 2.793705e+03 5.029764e+03 6.744892e+03 9.923643e+03  
5.051342e-02 2.766725e+03 4.980386e+03 6.678087e+03 9.824513e+03  
5.121755e-02 2.739893e+03 4.931281e+03 6.611661e+03 9.725979e+03  
5.193150e-02 2.713134e+03 4.882316e+03 6.545433e+03 9.627772e+03  
5.265540e-02 2.686369e+03 4.833348e+03 6.479213e+03 9.529612e+03  
5.338938e-02 2.659550e+03 4.784296e+03 6.412897e+03 9.431363e+03  
5.413360e-02 2.632673e+03 4.735150e+03 6.346470e+03 9.332990e+03  
5.488820e-02 2.605739e+03 4.685913e+03 6.279932e+03 9.234492e+03  
5.565331e-02 2.578747e+03 4.636584e+03 6.213285e+03 9.135873e+03  
5.642908e-02 2.551700e+03 4.587173e+03 6.146548e+03 9.037180e+03  
5.721568e-02 2.524596e+03 4.537672e+03 6.079706e+03 8.938375e+03  
5.801323e-02 2.497426e+03 4.488066e+03 6.012739e+03 8.839426e+03  
5.882190e-02 2.470155e+03 4.438293e+03 5.945564e+03 8.740216e+03  
5.964185e-02 2.442742e+03 4.388286e+03 5.878098e+03 8.640640e+03  
6.047322e-02 2.415138e+03 4.337954e+03 5.810213e+03 8.540489e+03  
6.131619e-02 2.387293e+03 4.287207e+03 5.741791e+03 8.439587e+03  
6.217090e-02 2.359152e+03 4.235952e+03 5.672706e+03 8.337754e+03  
6.303753e-02 2.330676e+03 4.184121e+03 5.602876e+03 8.234881e+03  
6.391624e-02 2.301847e+03 4.131680e+03 5.532247e+03 8.130872e+03  
6.480720e-02 2.272651e+03 4.078607e+03 5.460791e+03 8.025680e+03  
6.571058e-02 2.243073e+03 4.024877e+03 5.388477e+03 7.919270e+03  
6.662655e-02 2.213099e+03 3.970469e+03 5.315282e+03 7.811612e+03  
6.755528e-02 2.182715e+03 3.915355e+03 5.241161e+03 7.702624e+03  
6.849697e-02 2.151927e+03 3.859549e+03 5.166135e+03 7.592334e+03  
6.945178e-02 2.120750e+03 3.803079e+03 5.090245e+03 7.480810e+03  
7.041990e-02 2.089199e+03 3.745977e+03 5.013535e+03 7.368119e+03  
7.140151e-02 2.057289e+03 3.688265e+03 4.936031e+03 7.254285e+03  
7.239681e-02 2.025044e+03 3.629989e+03 4.857792e+03 7.139393e+03  
7.340598e-02 1.992514e+03 3.571243e+03 4.778952e+03 7.023648e+03  
7.442922e-02 1.959763e+03 3.512139e+03 4.699658e+03 6.907270e+03  
7.546673e-02 1.926855e+03 3.452790e+03 4.620059e+03 6.790464e+03  
7.651869e-02 1.893862e+03 3.393326e+03 4.540328e+03 6.673484e+03  
7.758532e-02 1.860860e+03 3.333885e+03 4.460655e+03 6.556626e+03  
7.866682e-02 1.827924e+03 3.274600e+03 4.381216e+03 6.440145e+03  
7.976339e-02 1.795133e+03 3.215610e+03 4.302194e+03 6.324302e+03  
8.087525e-02 1.762575e+03 3.157067e+03 4.223794e+03 6.209400e+03  
8.200261e-02 1.730337e+03 3.099133e+03 4.146236e+03 6.095783e+03  
8.314568e-02 1.698479e+03 3.041913e+03 4.069659e+03 5.983649e+03  
8.430468e-02 1.667060e+03 2.985505e+03 3.994191e+03 5.873179e+03  
8.547985e-02 1.636138e+03 2.930015e+03 3.919974e+03 5.764587e+03  
8.667139e-02 1.605777e+03 2.875559e+03 3.847169e+03 5.658133e+03  
8.787954e-02 1.576020e+03 2.822209e+03 3.775867e+03 5.553938e+03  
8.910453e-02 1.546904e+03 2.770027e+03 3.706151e+03 5.452123e+03  
9.034660e-02 1.518466e+03 2.719080e+03 3.638111e+03 5.352823e+03  
9.160598e-02 1.490748e+03 2.669446e+03 3.571857e+03 5.256225e+03  
9.288292e-02 1.463777e+03 2.621166e+03 3.507438e+03 5.162389e+03  
9.417766e-02 1.437582e+03 2.574288e+03 3.444917e+03 5.071407e+03  
9.549045e-02 1.412188e+03 2.528858e+03 3.384357e+03 4.983377e+03  
9.682153e-02 1.387617e+03 2.484920e+03 3.325825e+03 4.898425e+03  
9.817117e-02 1.363868e+03 2.442460e+03 3.269294e+03 4.816493e+03  
9.953962e-02 1.340933e+03 2.401467e+03 3.214750e+03 4.737564e+03  
1.009272e-01 1.318804e+03 2.361923e+03 3.162168e+03 4.661607e+03  
1.023340e-01 1.297430e+03 2.323746e+03 3.111448e+03 4.588493e+03  
1.037605e-01 1.276732e+03 2.286787e+03 3.062381e+03 4.517892e+03  
1.052069e-01 1.256623e+03 2.250893e+03 3.014762e+03 4.449497e+03  
1.066734e-01 1.237007e+03 2.215895e+03 2.968367e+03 4.382978e+03  
1.081604e-01 1.217782e+03 2.181616e+03 2.922964e+03 4.317998e+03  
1.096681e-01 1.198832e+03 2.147849e+03 2.878266e+03 4.254105e+03  
1.111968e-01 1.180036e+03 2.114378e+03 2.833984e+03 4.190858e+03  
1.127468e-01 1.161263e+03 2.080976e+03 2.789814e+03 4.127803e+03  
1.143184e-01 1.142422e+03 2.047487e+03 2.745550e+03 4.064627e+03  
1.159120e-01 1.123458e+03 2.013809e+03 2.701044e+03 4.001085e+03  
1.175277e-01 1.104312e+03 1.979838e+03 2.656158e+03 3.936959e+03  
1.191660e-01 1.084930e+03 1.945482e+03 2.610769e+03 3.872062e+03  
1.208271e-01 1.065301e+03 1.910725e+03 2.564854e+03 3.806354e+03  
1.225114e-01 1.045434e+03 1.875578e+03 2.518422e+03 3.739827e+03  
1.242191e-01 1.025341e+03 1.840061e+03 2.471498e+03 3.672512e+03  
1.259506e-01 1.005048e+03 1.804224e+03 2.424150e+03 3.604516e+03  
1.277063e-01 9.846041e+02 1.768153e+03 2.376494e+03 3.536004e+03  
1.294865e-01 9.640658e+02 1.731943e+03 2.328650e+03 3.467149e+03  
1.312915e-01 9.434959e+02 1.695704e+03 2.280766e+03 3.398172e+03  
1.331216e-01 9.229755e+02 1.659581e+03 2.233042e+03 3.329386e+03  
1.349772e-01 9.025939e+02 1.623729e+03 2.185682e+03 3.261099e+03  
1.368587e-01 8.824459e+02 1.588310e+03 2.138903e+03 3.193636e+03  
1.387665e-01 8.626207e+02 1.553479e+03 2.092912e+03 3.127320e+03  
1.407008e-01 8.432065e+02 1.519395e+03 2.047930e+03 3.062502e+03  
1.426621e-01 8.242928e+02 1.486211e+03 2.004158e+03 2.999489e+03  
1.446507e-01 8.059414e+02 1.454030e+03 1.961737e+03 2.938499e+03  
1.466671e-01 7.881884e+02 1.422915e+03 1.920751e+03 2.879667e+03  
1.487115e-01 7.710710e+02 1.392936e+03 1.881300e+03 2.823162e+03  
1.507845e-01 7.546056e+02 1.364116e+03 1.843410e+03 2.769023e+03  
1.528864e-01 7.387946e+02 1.336456e+03 1.807085e+03 2.717258e+03  
1.550175e-01 7.236361e+02 1.309953e+03 1.772319e+03 2.667864e+03  
1.571784e-01 7.091040e+02 1.284565e+03 1.739063e+03 2.620782e+03  
1.593694e-01 6.951520e+02 1.260205e+03 1.707195e+03 2.575813e+03  
1.615909e-01 6.817246e+02 1.236774e+03 1.676582e+03 2.532754e+03  
1.638434e-01 6.687357e+02 1.214123e+03 1.647019e+03 2.491289e+03  
1.661273e-01 6.560868e+02 1.192084e+03 1.618283e+03 2.451074e+03  
1.684430e-01 6.436741e+02 1.170468e+03 1.590114e+03 2.411691e+03  
1.707910e-01 6.313978e+02 1.149102e+03 1.562274e+03 2.372761e+03  
1.731717e-01 6.191581e+02 1.127811e+03 1.534524e+03 2.333904e+03  
1.755856e-01 6.069041e+02 1.106509e+03 1.506750e+03 2.294934e+03  
1.780332e-01 5.946028e+02 1.085134e+03 1.478859e+03 2.255696e+03  
1.805149e-01 5.822415e+02 1.063663e+03 1.450818e+03 2.216130e+03  
1.830312e-01 5.698384e+02 1.042127e+03 1.422672e+03 2.176302e+03  
1.855825e-01 5.574174e+02 1.020571e+03 1.394479e+03 2.136303e+03  
1.881694e-01 5.450077e+02 9.990408e+02 1.366300e+03 2.096223e+03  
1.907924e-01 5.326454e+02 9.775992e+02 1.338218e+03 2.056193e+03  
1.934520e-01 5.203866e+02 9.563451e+02 1.310370e+03 2.016431e+03  
1.961486e-01 5.083022e+02 9.354028e+02 1.282926e+03 1.977211e+03  
1.988828e-01 4.964628e+02 9.148921e+02 1.256048e+03 1.938794e+03  
2.016551e-01 4.849400e+02 8.949375e+02 1.229908e+03 1.901459e+03  
2.044661e-01 4.737925e+02 8.756428e+02 1.204650e+03 1.865443e+03  
2.073162e-01 4.630460e+02 8.570527e+02 1.180336e+03 1.830849e+03  
2.102061e-01 4.527107e+02 8.391823e+02 1.156986e+03 1.797717e+03  
2.131362e-01 4.427677e+02 8.219981e+02 1.134555e+03 1.765975e+03  
2.161073e-01 4.331898e+02 8.054542e+02 1.112982e+03 1.735528e+03  
2.191197e-01 4.239394e+02 7.894841e+02 1.092176e+03 1.706230e+03  
2.221741e-01 4.149732e+02 7.740102e+02 1.072029e+03 1.677910e+03  
2.252711e-01 4.062422e+02 7.589467e+02 1.052423e+03 1.650378e+03  
2.284112e-01 3.976952e+02 7.442057e+02 1.033238e+03 1.623433e+03  
2.315951e-01 3.892780e+02 7.296908e+02 1.014340e+03 1.596857e+03  
2.348235e-01 3.809489e+02 7.153276e+02 9.956252e+02 1.570481e+03  
2.380968e-01 3.726915e+02 7.010873e+02 9.770538e+02 1.544239e+03  
2.414157e-01 3.645041e+02 6.869684e+02 9.586224e+02 1.518118e+03  
2.447809e-01 3.563954e+02 6.729839e+02 9.403493e+02 1.492152e+03  
2.481930e-01 3.483738e+02 6.591477e+02 9.222534e+02 1.466373e+03  
2.516527e-01 3.404492e+02 6.454772e+02 9.043588e+02 1.440822e+03  
2.551606e-01 3.326453e+02 6.320146e+02 8.867230e+02 1.415587e+03  
2.587174e-01 3.249939e+02 6.188142e+02 8.694228e+02 1.390803e+03  
2.623238e-01 3.175433e+02 6.059601e+02 8.525757e+02 1.366669e+03  
2.659804e-01 3.103266e+02 5.935099e+02 8.362625e+02 1.343323e+03  
2.696881e-01 3.033564e+02 5.814869e+02 8.205147e+02 1.320810e+03  
2.734474e-01 2.966124e+02 5.698542e+02 8.052832e+02 1.299061e+03  
2.772591e-01 2.900663e+02 5.585620e+02 7.904995e+02 1.277963e+03  
2.811239e-01 2.836924e+02 5.475653e+02 7.761004e+02 1.257412e+03  
2.850426e-01 2.774773e+02 5.368409e+02 7.620526e+02 1.237345e+03  
2.890160e-01 2.714090e+02 5.263672e+02 7.483283e+02 1.217726e+03  
2.930447e-01 2.654721e+02 5.161170e+02 7.348897e+02 1.198495e+03  
2.971296e-01 2.596419e+02 5.060467e+02 7.216755e+02 1.179545e+03  
3.012714e-01 2.538985e+02 4.961215e+02 7.086354e+02 1.160787e+03  
3.054710e-01 2.482396e+02 4.863372e+02 6.957660e+02 1.142226e+03  
3.097291e-01 2.426809e+02 4.767210e+02 6.831059e+02 1.123927e+03  
3.140465e-01 2.372412e+02 4.673058e+02 6.707005e+02 1.105966e+03  
3.184242e-01 2.319312e+02 4.581103e+02 6.585754e+02 1.088383e+03  
3.228628e-01 2.267471e+02 4.491279e+02 6.467240e+02 1.071177e+03  
3.273634e-01 2.216920e+02 4.403642e+02 6.351546e+02 1.054365e+03  
3.319266e-01 2.167740e+02 4.318328e+02 6.238855e+02 1.037972e+03  
3.365535e-01 2.119963e+02 4.235394e+02 6.129248e+02 1.022016e+03  
3.412449e-01 2.073512e+02 4.154709e+02 6.022564e+02 1.006475e+03  
3.460016e-01 2.028205e+02 4.075953e+02 5.918359e+02 9.912780e+02  
3.508247e-01 1.983887e+02 3.998847e+02 5.816224e+02 9.763483e+02  
3.557150e-01 1.940503e+02 3.923298e+02 5.716034e+02 9.616681e+02  
3.606735e-01 1.898069e+02 3.849335e+02 5.617853e+02 9.472558e+02  
3.657011e-01 1.856564e+02 3.776925e+02 5.521638e+02 9.331055e+02  
3.707988e-01 1.815958e+02 3.706006e+02 5.427280e+02 9.191922e+02  
3.759675e-01 1.776240e+02 3.636561e+02 5.334774e+02 9.055206e+02  
3.812083e-01 1.737476e+02 3.568713e+02 5.244311e+02 8.921294e+02  
3.865221e-01 1.699708e+02 3.502538e+02 5.156000e+02 8.790387e+02  
3.919100e-01 1.662891e+02 3.437940e+02 5.069686e+02 8.662143e+02  
3.973730e-01 1.626984e+02 3.374862e+02 4.985308e+02 8.536542e+02  
4.029122e-01 1.591959e+02 3.313257e+02 4.902817e+02 8.413543e+02  
4.085286e-01 1.557823e+02 3.253137e+02 4.822233e+02 8.293193e+02  
4.142232e-01 1.524505e+02 3.194362e+02 4.743330e+02 8.175023e+02  
4.199973e-01 1.491923e+02 3.136804e+02 4.665959e+02 8.058880e+02  
4.258518e-01 1.460085e+02 3.080478e+02 4.590152e+02 7.944847e+02  
4.317880e-01 1.429029e+02 3.025454e+02 4.516008e+02 7.833109e+02  
4.378069e-01 1.398723e+02 2.971656e+02 4.443392e+02 7.723342e+02  
4.439097e-01 1.369124e+02 2.919026e+02 4.372261e+02 7.615593e+02  
4.500975e-01 1.340245e+02 2.867594e+02 4.302661e+02 7.509954e+02  
4.563716e-01 1.312102e+02 2.817383e+02 4.234624e+02 7.406486e+02  
4.627332e-01 1.284653e+02 2.768301e+02 4.167998e+02 7.304858e+02  
4.691835e-01 1.257842e+02 2.720275e+02 4.102713e+02 7.205057e+02  
4.757236e-01 1.231682e+02 2.673326e+02 4.038806e+02 7.107158e+02  
4.823549e-01 1.206177e+02 2.627457e+02 3.976275e+02 7.011151e+02  
4.890787e-01 1.181249e+02 2.582520e+02 3.914895e+02 6.916611e+02  
4.958962e-01 1.156915e+02 2.538563e+02 3.854766e+02 6.823794e+02  
5.028087e-01 1.133187e+02 2.495609e+02 3.795921e+02 6.732766e+02  
5.098176e-01 1.110040e+02 2.453607e+02 3.738284e+02 6.643384e+02  
5.169242e-01 1.087425e+02 2.412464e+02 3.681715e+02 6.555389e+02  
5.241298e-01 1.065373e+02 2.372252e+02 3.626338e+02 6.469060e+02  
5.314359e-01 1.043855e+02 2.332918e+02 3.572085e+02 6.384289e+02  
5.388438e-01 1.022838e+02 2.294401e+02 3.518858e+02 6.300894e+02  
5.463550e-01 1.002329e+02 2.256704e+02 3.466663e+02 6.218877e+02  
5.539709e-01 9.823177e+01 2.219829e+02 3.415517e+02 6.138324e+02  
5.616930e-01 9.627740e+01 2.183720e+02 3.365349e+02 6.059121e+02  
5.695227e-01 9.436941e+01 2.148362e+02 3.316126e+02 5.981188e+02  
5.774615e-01 9.250818e+01 2.113763e+02 3.267861e+02 5.904559e+02  
5.855110e-01 9.068963e+01 2.079864e+02 3.220487e+02 5.829160e+02  
5.936727e-01 8.891533e+01 2.046692e+02 3.174045e+02 5.755064e+02  
6.019482e-01 8.718349e+01 2.014204e+02 3.128462e+02 5.682126e+02  
6.103390e-01 8.549098e+01 1.982352e+02 3.083679e+02 5.610269e+02  
6.188468e-01 8.383926e+01 1.951170e+02 3.039754e+02 5.539614e+02  
6.274732e-01 8.222679e+01 1.920631e+02 2.996652e+02 5.470108e+02  
6.362198e-01 8.065125e+01 1.890682e+02 2.954288e+02 5.401585e+02  
6.450884e-01 7.911329e+01 1.861345e+02 2.912699e+02 5.334135e+02  
6.540806e-01 7.761158e+01 1.832601e+02 2.871871e+02 5.267748e+02  
6.631981e-01 7.614471e+01 1.804427e+02 2.831771e+02 5.202377e+02  
6.724427e-01 7.471181e+01 1.776795e+02 2.792346e+02 5.137911e+02  
6.818162e-01 7.331211e+01 1.749702e+02 2.753610e+02 5.074398e+02  
6.913204e-01 7.194476e+01 1.723139e+02 2.715550e+02 5.011833e+02  
7.009570e-01 7.060885e+01 1.697091e+02 2.678148e+02 4.950185e+02  
7.107280e-01 6.930364e+01 1.671528e+02 2.641352e+02 4.889350e+02  
7.206351e-01 6.802836e+01 1.646454e+02 2.605181e+02 4.829385e+02  
7.306804e-01 6.678213e+01 1.621856e+02 2.569617e+02 4.770270e+02  
7.408657e-01 6.556412e+01 1.597717e+02 2.534643e+02 4.711975e+02  
7.511929e-01 6.437359e+01 1.574013e+02 2.500209e+02 4.654407e+02  
7.616642e-01 6.320982e+01 1.550747e+02 2.466335e+02 4.597621e+02  
7.722814e-01 6.207197e+01 1.527905e+02 2.433004e+02 4.541591e+02  
7.830465e-01 6.095933e+01 1.505473e+02 2.400194e+02 4.486285e+02  
7.939618e-01 5.987131e+01 1.483431e+02 2.367874e+02 4.431640e+02  
8.050292e-01 5.880729e+01 1.461782e+02 2.336057e+02 4.377696e+02  
8.162509e-01 5.776659e+01 1.440514e+02 2.304728e+02 4.324431e+02  
8.276289e-01 5.674864e+01 1.419615e+02 2.273868e+02 4.271814e+02  
8.391656e-01 5.575282e+01 1.399069e+02 2.243452e+02 4.219800e+02  
8.508632e-01 5.477856e+01 1.378876e+02 2.213488e+02 4.168412e+02  
8.627237e-01 5.382524e+01 1.359025e+02 2.183963e+02 4.117633e+02  
8.747496e-01 5.289234e+01 1.339506e+02 2.154857e+02 4.067430e+02  
8.869432e-01 5.197930e+01 1.320304e+02 2.126154e+02 4.017774e+02  
8.993067e-01 5.108557e+01 1.301419e+02 2.097857e+02 3.968679e+02  
9.118425e-01 5.021068e+01 1.282843e+02 2.069956e+02 3.920128e+02  
9.245531e-01 4.935412e+01 1.264563e+02 2.042431e+02 3.872090e+02  
9.374409e-01 4.851538e+01 1.246571e+02 2.015271e+02 3.824548e+02  
9.505083e-01 4.769400e+01 1.228864e+02 1.988476e+02 3.777508e+02  
9.637579e-01 4.688955e+01 1.211436e+02 1.962039e+02 3.730956e+02  
9.771921e-01 4.610151e+01 1.194273e+02 1.935939e+02 3.684859e+02  
9.908137e-01 4.532936e+01 1.177368e+02 1.910169e+02 3.639210e+02  
1.004625e+00 4.457274e+01 1.160719e+02 1.884726e+02 3.594007e+02  
1.018629e+00 4.383128e+01 1.144321e+02 1.859606e+02 3.549241e+02  
1.032828e+00 4.310445e+01 1.128160e+02 1.834788e+02 3.504881e+02  
1.047225e+00 4.239187e+01 1.112233e+02 1.810270e+02 3.460924e+02  
1.061823e+00 4.169327e+01 1.096538e+02 1.786051e+02 3.417370e+02  
1.076624e+00 4.100831e+01 1.081069e+02 1.762123e+02 3.374208e+02  
1.091632e+00 4.033651e+01 1.065815e+02 1.738469e+02 3.331413e+02  
1.106848e+00 3.967759e+01 1.050774e+02 1.715091e+02 3.288985e+02  
1.122277e+00 3.903131e+01 1.035945e+02 1.691984e+02 3.246920e+02  
1.137921e+00 3.839731e+01 1.021320e+02 1.669144e+02 3.205210e+02  
1.153783e+00 3.777510e+01 1.006889e+02 1.646552e+02 3.163830e+02  
1.169866e+00 3.716450e+01 9.926534e+01 1.624212e+02 3.122785e+02  
1.186174e+00 3.656526e+01 9.786085e+01 1.602120e+02 3.082070e+02  
1.202708e+00 3.597705e+01 9.647501e+01 1.580271e+02 3.041675e+02  
1.219473e+00 3.539942e+01 9.510674e+01 1.558649e+02 3.001582e+02  
1.236472e+00 3.483227e+01 9.375628e+01 1.537259e+02 2.961796e+02  
1.253708e+00 3.427534e+01 9.242324e+01 1.516096e+02 2.922311e+02  
1.271184e+00 3.372831e+01 9.110712e+01 1.495155e+02 2.883119e+02  
1.288904e+00 3.319083e+01 8.980712e+01 1.474425e+02 2.844207e+02  
1.306870e+00 3.266280e+01 8.852344e+01 1.453908e+02 2.805578e+02  
1.325087e+00 3.214392e+01 8.725570e+01 1.433602e+02 2.767228e+02  
1.343558e+00 3.163414e+01 8.600345e+01 1.413500e+02 2.729150e+02  
1.362287e+00 3.113295e+01 8.476614e+01 1.393595e+02 2.691336e+02  
1.381276e+00 3.064032e+01 8.354384e+01 1.373890e+02 2.653788e+02  
1.400531e+00 3.015605e+01 8.233623e+01 1.354379e+02 2.616501e+02  
1.420053e+00 2.967987e+01 8.114287e+01 1.335059e+02 2.579471e+02  
1.439848e+00 2.921155e+01 7.996338e+01 1.315924e+02 2.542693e+02  
1.459919e+00 2.875099e+01 7.879776e+01 1.296975e+02 2.506168e+02  
1.480269e+00 2.829797e+01 7.764570e+01 1.278208e+02 2.469893e+02  
1.500903e+00 2.785228e+01 7.650682e+01 1.259620e+02 2.433865e+02  
1.521825e+00 2.741373e+01 7.538088e+01 1.241207e+02 2.398082e+02  
1.543038e+00 2.698223e+01 7.426781e+01 1.222969e+02 2.362544e+02  
1.564548e+00 2.655759e+01 7.316737e+01 1.204903e+02 2.327250e+02  
1.586357e+00 2.613961e+01 7.207924e+01 1.187007e+02 2.292199e+02  
1.608469e+00 2.572816e+01 7.100326e+01 1.169277e+02 2.257390e+02  
1.630891e+00 2.532312e+01 6.993930e+01 1.151714e+02 2.222824e+02  
1.653624e+00 2.492435e+01 6.888719e+01 1.134315e+02 2.188501e+02  
1.676675e+00 2.453166e+01 6.784663e+01 1.117078e+02 2.154420e+02  
1.700047e+00 2.414494e+01 6.681750e+01 1.100001e+02 2.120584e+02  
1.723745e+00 2.376407e+01 6.579970e+01 1.083084e+02 2.086992e+02  
1.747773e+00 2.338894e+01 6.479307e+01 1.066324e+02 2.053647e+02  
1.772136e+00 2.301936e+01 6.379735e+01 1.049721e+02 2.020549e+02  
1.796838e+00 2.265526e+01 6.281247e+01 1.033272e+02 1.987700e+02  
1.821885e+00 2.229654e+01 6.183832e+01 1.016978e+02 1.955103e+02  
1.847281e+00 2.194310e+01 6.087479e+01 1.000837e+02 1.922759e+02  
1.873032e+00 2.159476e+01 5.992163e+01 9.848468e+01 1.890669e+02  
1.899141e+00 2.125147e+01 5.897882e+01 9.690083e+01 1.858838e+02  
1.925614e+00 2.091315e+01 5.804625e+01 9.533203e+01 1.827268e+02  
1.952456e+00 2.057969e+01 5.712381e+01 9.377822e+01 1.795960e+02  
1.979672e+00 2.025095e+01 5.621129e+01 9.223924e+01 1.764918e+02  
2.007267e+00 1.992687e+01 5.530869e+01 9.071511e+01 1.734146e+02  
2.035248e+00 1.960738e+01 5.441591e+01 8.920578e+01 1.703645e+02  
2.063618e+00 1.929239e+01 5.353285e+01 8.771120e+01 1.673419e+02  
2.092383e+00 1.898177e+01 5.265935e+01 8.623127e+01 1.643471e+02  
2.121550e+00 1.867547e+01 5.179539e+01 8.476602e+01 1.613805e+02  
2.151123e+00 1.837344e+01 5.094091e+01 8.331541e+01 1.584423e+02  
2.181109e+00 1.807558e+01 5.009581e+01 8.187943e+01 1.555330e+02  
2.211512e+00 1.778179e+01 4.925997e+01 8.045801e+01 1.526513e+02  
2.242340e+00 1.749205e+01 4.843336e+01 7.905119e+01 1.498005e+02  
2.273597e+00 1.720628e+01 4.761595e+01 7.765896e+01 1.469794e+02  
2.305289e+00 1.692440e+01 4.680762e+01 7.628130e+01 1.441884e+02  
2.337424e+00 1.664633e+01 4.600831e+01 7.491819e+01 1.414278e+02  
2.370006e+00 1.637203e+01 4.521799e+01 7.356967e+01 1.386978e+02  
2.403043e+00 1.610146e+01 4.443660e+01 7.223580e+01 1.359988e+02  
2.436540e+00 1.583454e+01 4.366406e+01 7.091645e+01 1.333322e+02  
2.470504e+00 1.557119e+01 4.290033e+01 6.961169e+01 1.306959e+02  
2.504942e+00 1.531146e+01 4.214538e+01 6.832156e+01 1.280914e+02  
2.539859e+00 1.505516e+01 4.139915e+01 6.704606e+01 1.255188e+02  
2.575263e+00 1.480230e+01 4.066158e+01 6.578520e+01 1.229785e+02  
2.611161e+00 1.455282e+01 3.993264e+01 6.453902e+01 1.204706e+02  
2.647559e+00 1.430669e+01 3.921229e+01 6.330752e+01 1.179954e+02  
2.684465e+00 1.406385e+01 3.850050e+01 6.209073e+01 1.155530e+02  
2.721885e+00 1.382426e+01 3.779720e+01 6.088866e+01 1.131436e+02  
2.759826e+00 1.358786e+01 3.710238e+01 5.970134e+01 1.107672e+02  
2.798297e+00 1.335464e+01 3.641656e+01 5.852878e+01 1.084242e+02  
2.837304e+00 1.312455e+01 3.573860e+01 5.737101e+01 1.061144e+02  
2.876854e+00 1.289753e+01 3.506900e+01 5.622803e+01 1.038382e+02  
2.916956e+00 1.267355e+01 3.440776e+01 5.509986e+01 1.015954e+02  
2.957617e+00 1.245258e+01 3.375481e+01 5.398648e+01 9.938396e+01  
2.998844e+00 1.223459e+01 3.311013e+01 5.288798e+01 9.720837e+01  
3.040646e+00 1.201951e+01 3.247370e+01 5.180431e+01 9.506628e+01  
3.083031e+00 1.180734e+01 3.184549e+01 5.073550e+01 9.295920e+01  
3.126007e+00 1.159804e+01 3.122546e+01 4.968153e+01 9.088297e+01  
3.169582e+00 1.139150e+01 3.061360e+01 4.864242e+01 8.884162e+01  
3.213764e+00 1.118782e+01 3.000986e+01 4.761814e+01 8.683426e+01  
3.258562e+00 1.098691e+01 2.941423e+01 4.660870e+01 8.485991e+01  
3.303985e+00 1.078874e+01 2.882668e+01 4.561407e+01 8.291863e+01  
3.350041e+00 1.059328e+01 2.824717e+01 4.463425e+01 8.101052e+01  
3.396739e+00 1.040050e+01 2.767568e+01 4.367241e+01 7.913543e+01  
3.444087e+00 1.021036e+01 2.711219e+01 4.272212e+01 7.729321e+01  
3.492096e+00 1.002285e+01 2.655666e+01 4.178654e+01 7.548370e+01  
3.540774e+00 9.837939e+00 2.600907e+01 4.086565e+01 7.370673e+01  
3.590130e+00 9.655588e+00 2.546938e+01 3.995939e+01 7.196209e+01  
3.640175e+00 9.475783e+00 2.493757e+01 3.906944e+01 7.024957e+01  
3.690917e+00 9.298495e+00 2.441360e+01 3.819066e+01 6.856896e+01  
3.742366e+00 9.123700e+00 2.389744e+01 3.732803e+01 6.692001e+01  
3.794533e+00 8.951368e+00 2.338907e+01 3.647981e+01 6.530247e+01  
3.847427e+00 8.781480e+00 2.288844e+01 3.564764e+01 6.371608e+01  
3.901058e+00 8.614013e+00 2.239553e+01 3.482633e+01 6.216058e+01  
3.955436e+00 8.448941e+00 2.191030e+01 3.402099e+01 6.063568e+01  
4.010573e+00 8.286239e+00 2.143271e+01 3.322975e+01 5.914241e+01  
4.066478e+00 8.125889e+00 2.096272e+01 3.245255e+01 5.767779e+01  
4.123163e+00 7.967867e+00 2.050029e+01 3.168929e+01 5.624286e+01  
4.180637e+00 7.812151e+00 2.004539e+01 3.093988e+01 5.483729e+01  
4.238913e+00 7.658716e+00 1.959797e+01 3.020422e+01 5.346073e+01  
4.298001e+00 7.507545e+00 1.915799e+01 2.948220e+01 5.211287e+01  
4.357913e+00 7.358616e+00 1.872540e+01 2.885066e+01 5.079336e+01  
4.418660e+00 7.211906e+00 1.830015e+01 2.799358e+01 4.950183e+01  
4.480254e+00 7.067395e+00 1.788221e+01 2.739689e+01 4.823793e+01  
4.542706e+00 6.925065e+00 1.747151e+01 2.672831e+01 4.700130e+01  
4.606029e+00 6.784894e+00 1.706717e+01 2.607277e+01 4.579156e+01  
4.670234e+00 6.646861e+00 1.667082e+01 2.543017e+01 4.460802e+01  
4.735335e+00 6.510947e+00 1.628157e+01 2.480035e+01 4.345129e+01  
4.801343e+00 6.377134e+00 1.590015e+01 2.418319e+01 4.232002e+01  
4.868271e+00 6.245401e+00 1.552490e+01 2.357855e+01 4.121410e+01  
4.936132e+00 6.115728e+00 1.515656e+01 2.298628e+01 4.013318e+01  
5.004939e+00 5.988097e+00 1.479507e+01 2.240784e+01 3.907686e+01  
5.074705e+00 5.862488e+00 1.444038e+01 2.183987e+01 3.804476e+01  
5.145444e+00 5.738884e+00 1.409243e+01 2.128386e+01 3.703648e+01  
5.217169e+00 5.617264e+00 1.375113e+01 2.073958e+01 3.605163e+01  
5.289893e+00 5.497610e+00 1.341644e+01 2.020696e+01 3.508981e+01  
5.363631e+00 5.379905e+00 1.308828e+01 1.968580e+01 3.415064e+01  
5.438397e+00 5.264128e+00 1.276657e+01 1.917207e+01 3.323372e+01  
5.514206e+00 5.150224e+00 1.245127e+01 1.867347e+01 3.233865e+01  
5.591071e+00 5.038245e+00 1.214228e+01 1.818586e+01 3.146505e+01  
5.669007e+00 4.928190e+00 1.183954e+01 1.770909e+01 3.061252e+01  
5.748030e+00 4.819947e+00 1.154297e+01 1.724300e+01 2.978067e+01  
5.828155e+00 4.713542e+00 1.125250e+01 1.678743e+01 2.896912e+01  
5.909396e+00 4.608957e+00 1.096806e+01 1.634222e+01 2.817748e+01  
5.991770e+00 4.506174e+00 1.068957e+01 1.590720e+01 2.740514e+01  
6.075292e+00 4.405174e+00 1.041695e+01 1.548221e+01 2.665240e+01  
6.159978e+00 4.305941e+00 1.015012e+01 1.506708e+01 2.591820e+01  
6.245845e+00 4.208455e+00 9.889005e+00 1.466166e+01 2.520237e+01  
6.332908e+00 4.112699e+00 9.633528e+00 1.426577e+01 2.450439e+01  
6.421186e+00 4.018655e+00 9.383608e+00 1.387926e+01 2.382426e+01  
6.510694e+00 3.926304e+00 9.139164e+00 1.350196e+01 2.316141e+01  
6.601449e+00 3.835630e+00 8.900117e+00 1.313687e+01 2.251549e+01  
6.693470e+00 3.746614e+00 8.665935e+00 1.277745e+01 2.188614e+01  
6.786773e+00 3.659238e+00 8.437450e+00 1.242675e+01 2.127300e+01  
6.881377e+00 3.573484e+00 8.214123e+00 1.208461e+01 2.067588e+01  
6.977300e+00 3.489334e+00 7.995868e+00 1.175088e+01 2.009412e+01  
7.074559e+00 3.406770e+00 7.782606e+00 1.142539e+01 1.952753e+01  
7.173175e+00 3.325774e+00 7.574253e+00 1.110798e+01 1.897578e+01  
7.273165e+00 3.246328e+00 7.370730e+00 1.079850e+01 1.843840e+01  
7.374549e+00 3.168413e+00 7.171956e+00 1.049402e+01 1.791535e+01  
7.477346e+00 3.092012e+00 6.978193e+00 1.019997e+01 1.740615e+01  
7.581576e+00 3.017106e+00 6.788660e+00 9.916059e+00 1.691002e+01  
7.687260e+00 2.943677e+00 6.603634e+00 9.636734e+00 1.642804e+01  
7.794416e+00 2.871707e+00 6.423034e+00 9.364568e+00 1.595852e+01  
7.903066e+00 2.801176e+00 6.246782e+00 9.099411e+00 1.550107e+01  
8.013230e+00 2.732068e+00 6.074798e+00 8.841114e+00 1.505649e+01  
8.124930e+00 2.664197e+00 5.907002e+00 8.589534e+00 1.462394e+01  
8.238187e+00 2.598048e+00 5.743317e+00 8.344545e+00 1.420314e+01  
8.353023e+00 2.533096e+00 5.583664e+00 8.105937e+00 1.379387e+01  
8.469460e+00 2.469486e+00 5.427967e+00 7.873639e+00 1.339566e+01  
8.587519e+00 2.407210e+00 5.276148e+00 7.646801e+00 1.300828e+01  
8.707225e+00 2.346246e+00 5.128132e+00 7.426676e+00 1.263160e+01  
8.828599e+00 2.286562e+00 4.983663e+00 7.212426e+00 1.226529e+01  
8.951665e+00 2.228164e+00 4.843207e+00 7.003916e+00 1.190908e+01  
9.076446e+00 2.171040e+00 4.706148e+00 6.801015e+00 1.156352e+01  
9.202967e+00 2.114956e+00 4.572927e+00 6.603591e+00 1.122597e+01  
9.331251e+00 2.060270e+00 4.442798e+00 6.412111e+00 1.089857e+01  
9.461324e+00 2.006937e+00 4.316030e+00 6.225248e+00 1.058029e+01  
9.593209e+00 1.954628e+00 4.192552e+00 6.043475e+00 1.027089e+01  
9.726934e+00 1.903495e+00 4.072294e+00 5.866758e+00 9.970152e+00  
9.862522e+00 1.853481e+00 3.955188e+00 5.694785e+00 9.678345e+00  
1.000000e+01 1.804605e+00 3.841163e+00 5.527712e+00 9.393745e+00  
