1.000000e-02 9.821235e+03 1.784601e+04 2.407046e+04 3.569158e+04  
1.013939e-02 9.872125e+03 1.793791e+04 2.419386e+04 3.587320e+04  
1.028073e-02 9.922037e+03 1.802802e+04 2.431483e+04 3.605116e+04  
1.042404e-02 9.970931e+03 1.811626e+04 2.443326e+04 3.622532e+04  
1.056935e-02 1.001877e+04 1.820256e+04 2.454906e+04 3.639554e+04  
1.071668e-02 1.006551e+04 1.828685e+04 2.466212e+04 3.656166e+04  
1.086606e-02 1.011110e+04 1.836904e+04 2.477234e+04 3.672352e+04  
1.101753e-02 1.015551e+04 1.844906e+04 2.487962e+04 3.688096e+04  
1.117111e-02 1.019870e+04 1.852684e+04 2.498385e+04 3.703385e+04  
1.132683e-02 1.024062e+04 1.860229e+04 2.508492e+04 3.718202e+04  
1.148472e-02 1.028123e+04 1.867534e+04 2.518274e+04 3.732531e+04  
1.164481e-02 1.032048e+04 1.874590e+04 2.527718e+04 3.746354e+04  
1.180713e-02 1.035833e+04 1.881390e+04 2.536815e+04 3.759659e+04  
1.197171e-02 1.039474e+04 1.887925e+04 2.545553e+04 3.772427e+04  
1.213859e-02 1.042966e+04 1.894188e+04 2.553921e+04 3.784641e+04  
1.230780e-02 1.046304e+04 1.900169e+04 2.561908e+04 3.796284e+04  
1.247936e-02 1.049484e+04 1.905862e+04 2.569503e+04 3.807344e+04  
1.265332e-02 1.052502e+04 1.911256e+04 2.576695e+04 3.817800e+04  
1.282970e-02 1.055353e+04 1.916345e+04 2.583471e+04 3.827635e+04  
1.300854e-02 1.058031e+04 1.921119e+04 2.589821e+04 3.836832e+04  
1.318987e-02 1.060532e+04 1.925569e+04 2.595732e+04 3.845376e+04  
1.337373e-02 1.062852e+04 1.929686e+04 2.601193e+04 3.853245e+04  
1.356015e-02 1.064984e+04 1.933461e+04 2.606190e+04 3.860422e+04  
1.374917e-02 1.066925e+04 1.936885e+04 2.610711e+04 3.866890e+04  
1.394083e-02 1.068670e+04 1.939951e+04 2.614748e+04 3.872634e+04  
1.413516e-02 1.070213e+04 1.942648e+04 2.618284e+04 3.877632e+04  
1.433219e-02 1.071549e+04 1.944967e+04 2.621310e+04 3.881867e+04  
1.453198e-02 1.072674e+04 1.946900e+04 2.623812e+04 3.885321e+04  
1.473454e-02 1.073582e+04 1.948437e+04 2.625779e+04 3.887979e+04  
1.493993e-02 1.074269e+04 1.949570e+04 2.627199e+04 3.889820e+04  
1.514819e-02 1.074730e+04 1.950290e+04 2.628058e+04 3.890826e+04  
1.535935e-02 1.074960e+04 1.950587e+04 2.628348e+04 3.890982e+04  
1.557345e-02 1.074954e+04 1.950455e+04 2.628056e+04 3.890272e+04  
1.579053e-02 1.074707e+04 1.949884e+04 2.627170e+04 3.888677e+04  
1.601064e-02 1.074216e+04 1.948865e+04 2.625678e+04 3.886180e+04  
1.623382e-02 1.073475e+04 1.947392e+04 2.623571e+04 3.882767e+04  
1.646012e-02 1.072480e+04 1.945455e+04 2.620838e+04 3.878423e+04  
1.668956e-02 1.071227e+04 1.943046e+04 2.617467e+04 3.873130e+04  
1.692220e-02 1.069712e+04 1.940160e+04 2.613450e+04 3.866874e+04  
1.715809e-02 1.067930e+04 1.936788e+04 2.608778e+04 3.859645e+04  
1.739726e-02 1.065878e+04 1.932924e+04 2.603440e+04 3.851426e+04  
1.763977e-02 1.063551e+04 1.928559e+04 2.597425e+04 3.842202e+04  
1.788566e-02 1.060946e+04 1.923686e+04 2.590724e+04 3.831957e+04  
1.813498e-02 1.058058e+04 1.918300e+04 2.583331e+04 3.820684e+04  
1.838777e-02 1.054885e+04 1.912394e+04 2.575235e+04 3.808368e+04  
1.864409e-02 1.051422e+04 1.905961e+04 2.566429e+04 3.794998e+04  
1.890397e-02 1.047668e+04 1.898998e+04 2.556905e+04 3.780563e+04  
1.916748e-02 1.043620e+04 1.891499e+04 2.546661e+04 3.765059e+04  
1.943467e-02 1.039274e+04 1.883460e+04 2.535687e+04 3.748474e+04  
1.970558e-02 1.034629e+04 1.874877e+04 2.523979e+04 3.730800e+04  
1.998026e-02 1.029682e+04 1.865746e+04 2.511532e+04 3.712032e+04  
2.025878e-02 1.024433e+04 1.856067e+04 2.498347e+04 3.692172e+04  
2.054117e-02 1.018880e+04 1.845836e+04 2.484420e+04 3.671211e+04  
2.082751e-02 1.013024e+04 1.835054e+04 2.469748e+04 3.649150e+04  
2.111783e-02 1.006863e+04 1.823719e+04 2.454332e+04 3.625986e+04  
2.141220e-02 1.000396e+04 1.811832e+04 2.438173e+04 3.601727e+04  
2.171068e-02 9.936248e+03 1.799391e+04 2.421269e+04 3.576367e+04  
2.201331e-02 9.865485e+03 1.786399e+04 2.403622e+04 3.549908e+04  
2.232016e-02 9.791685e+03 1.772856e+04 2.385236e+04 3.522358e+04  
2.263130e-02 9.714869e+03 1.758769e+04 2.366118e+04 3.493731e+04  
2.294676e-02 9.635059e+03 1.744141e+04 2.346271e+04 3.464030e+04  
2.326663e-02 9.552278e+03 1.728975e+04 2.325704e+04 3.433265e+04  
2.359095e-02 9.466552e+03 1.713278e+04 2.304422e+04 3.401448e+04  
2.391980e-02 9.377915e+03 1.697056e+04 2.282437e+04 3.368599e+04  
2.425323e-02 9.286404e+03 1.680316e+04 2.259756e+04 3.334726e+04  
2.459130e-02 9.192067e+03 1.663067e+04 2.236392e+04 3.299848e+04  
2.493409e-02 9.094961e+03 1.645319e+04 2.212360e+04 3.263990e+04  
2.528166e-02 8.995151e+03 1.627086e+04 2.187679e+04 3.227182e+04  
2.563407e-02 8.892704e+03 1.608379e+04 2.162362e+04 3.189441e+04  
2.599140e-02 8.787681e+03 1.589209e+04 2.136426e+04 3.150792e+04  
2.635371e-02 8.680155e+03 1.569590e+04 2.109891e+04 3.111269e+04  
2.672106e-02 8.570204e+03 1.549538e+04 2.082777e+04 3.070901e+04  
2.709354e-02 8.457919e+03 1.529068e+04 2.055105e+04 3.029717e+04  
2.747121e-02 8.343400e+03 1.508198e+04 2.026900e+04 2.987755e+04  
2.785414e-02 8.226763e+03 1.486952e+04 1.998192e+04 2.945064e+04  
2.824241e-02 8.108122e+03 1.465349e+04 1.969011e+04 2.901686e+04  
2.863610e-02 7.987580e+03 1.443407e+04 1.939380e+04 2.857654e+04  
2.903527e-02 7.865245e+03 1.421148e+04 1.909326e+04 2.813009e+04  
2.944000e-02 7.741241e+03 1.398594e+04 1.878883e+04 2.767804e+04  
2.985038e-02 7.615698e+03 1.375769e+04 1.848081e+04 2.722083e+04  
3.026648e-02 7.488759e+03 1.352698e+04 1.816954e+04 2.675895e+04  
3.068838e-02 7.360584e+03 1.329411e+04 1.785542e+04 2.629297e+04  
3.111616e-02 7.231339e+03 1.305938e+04 1.753888e+04 2.582361e+04  
3.154990e-02 7.101164e+03 1.282305e+04 1.722025e+04 2.535129e+04  
3.198969e-02 6.970196e+03 1.258536e+04 1.689985e+04 2.487649e+04  
3.243561e-02 6.838586e+03 1.234659e+04 1.657806e+04 2.439977e+04  
3.288774e-02 6.706500e+03 1.210704e+04 1.625532e+04 2.392182e+04  
3.334618e-02 6.574110e+03 1.186703e+04 1.593200e+04 2.344317e+04  
3.381101e-02 6.441605e+03 1.162688e+04 1.560857e+04 2.296448e+04  
3.428231e-02 6.309183e+03 1.138696e+04 1.528551e+04 2.248647e+04  
3.476019e-02 6.177022e+03 1.114761e+04 1.496329e+04 2.200988e+04  
3.524473e-02 6.045278e+03 1.090908e+04 1.464225e+04 2.153514e+04  
3.573602e-02 5.914122e+03 1.067169e+04 1.432279e+04 2.106288e+04  
3.623416e-02 5.783735e+03 1.043576e+04 1.400536e+04 2.059374e+04  
3.673925e-02 5.654314e+03 1.020166e+04 1.369047e+04 2.012850e+04  
3.725137e-02 5.526060e+03 9.969739e+03 1.337855e+04 1.966778e+04  
3.777064e-02 5.399190e+03 9.740384e+03 1.307014e+04 1.921233e+04  
3.829714e-02 5.273879e+03 9.513908e+03 1.276565e+04 1.876278e+04  
3.883098e-02 5.150250e+03 9.290544e+03 1.246541e+04 1.831964e+04  
3.937226e-02 5.028426e+03 9.070496e+03 1.216967e+04 1.788324e+04  
3.992109e-02 4.908536e+03 8.853995e+03 1.187875e+04 1.745402e+04  
4.047757e-02 4.790715e+03 8.641287e+03 1.159296e+04 1.703249e+04  
4.104181e-02 4.675103e+03 8.432627e+03 1.131267e+04 1.661919e+04  
4.161391e-02 4.561843e+03 8.228258e+03 1.103818e+04 1.621451e+04  
4.219398e-02 4.451083e+03 8.028439e+03 1.076983e+04 1.581896e+04  
4.278214e-02 4.342970e+03 7.833440e+03 1.050800e+04 1.543310e+04  
4.337850e-02 4.237656e+03 7.643535e+03 1.025305e+04 1.505746e+04  
4.398317e-02 4.135297e+03 7.458985e+03 1.000531e+04 1.469251e+04  
4.459628e-02 4.036054e+03 7.280077e+03 9.765172e+03 1.433880e+04  
4.521792e-02 3.940097e+03 7.107120e+03 9.533044e+03 1.399696e+04  
4.584824e-02 3.847597e+03 6.940413e+03 9.309327e+03 1.366756e+04  
4.648734e-02 3.758670e+03 6.780151e+03 9.094268e+03 1.335093e+04  
4.713535e-02 3.673351e+03 6.626393e+03 8.887942e+03 1.304718e+04  
4.779239e-02 3.591666e+03 6.479190e+03 8.690426e+03 1.275645e+04  
4.845859e-02 3.513631e+03 6.338560e+03 8.501735e+03 1.247874e+04  
4.913407e-02 3.439252e+03 6.204504e+03 8.321861e+03 1.221401e+04  
4.981898e-02 3.368530e+03 6.077018e+03 8.150793e+03 1.196224e+04  
5.051342e-02 3.301458e+03 5.956095e+03 7.988534e+03 1.172347e+04  
5.121755e-02 3.238014e+03 5.841683e+03 7.834999e+03 1.149755e+04  
5.193150e-02 3.178165e+03 5.733713e+03 7.690089e+03 1.128430e+04  
5.265540e-02 3.121869e+03 5.632104e+03 7.553688e+03 1.108356e+04  
5.338938e-02 3.069074e+03 5.536768e+03 7.425695e+03 1.089521e+04  
5.413360e-02 3.019709e+03 5.447563e+03 7.305901e+03 1.071890e+04  
5.488820e-02 2.973702e+03 5.364350e+03 7.194114e+03 1.055435e+04  
5.565331e-02 2.930982e+03 5.286999e+03 7.090155e+03 1.040129e+04  
5.642908e-02 2.891473e+03 5.215378e+03 6.993862e+03 1.025953e+04  
5.721568e-02 2.855073e+03 5.149287e+03 6.904949e+03 1.012859e+04  
5.801323e-02 2.821672e+03 5.088520e+03 6.823133e+03 1.000806e+04  
5.882190e-02 2.791137e+03 5.032835e+03 6.748090e+03 9.897461e+03  
5.964185e-02 2.763304e+03 4.981949e+03 6.679457e+03 9.796312e+03  
6.047322e-02 2.737978e+03 4.935490e+03 6.616717e+03 9.703810e+03  
6.131619e-02 2.714943e+03 4.893072e+03 6.559352e+03 9.619199e+03  
6.217090e-02 2.693962e+03 4.854270e+03 6.506798e+03 9.541665e+03  
6.303753e-02 2.674788e+03 4.818654e+03 6.458493e+03 9.470422e+03  
6.391624e-02 2.657199e+03 4.785807e+03 6.413865e+03 9.404602e+03  
6.480720e-02 2.640964e+03 4.755323e+03 6.372372e+03 9.343416e+03  
6.571058e-02 2.625837e+03 4.726761e+03 6.333435e+03 9.286039e+03  
6.662655e-02 2.611545e+03 4.699651e+03 6.296436e+03 9.231598e+03  
6.755528e-02 2.597801e+03 4.673470e+03 6.260669e+03 9.179035e+03  
6.849697e-02 2.584318e+03 4.647713e+03 6.225464e+03 9.127383e+03  
6.945178e-02 2.570790e+03 4.621847e+03 6.190125e+03 9.075652e+03  
7.041990e-02 2.556883e+03 4.595295e+03 6.153894e+03 9.022755e+03  
7.140151e-02 2.542247e+03 4.567433e+03 6.115936e+03 8.967455e+03  
7.239681e-02 2.526574e+03 4.537730e+03 6.075552e+03 8.908739e+03  
7.340598e-02 2.509559e+03 4.505666e+03 6.032067e+03 8.845652e+03  
7.442922e-02 2.490871e+03 4.470673e+03 5.984734e+03 8.777110e+03  
7.546673e-02 2.470164e+03 4.432147e+03 5.932754e+03 8.701924e+03  
7.651869e-02 2.447177e+03 4.389644e+03 5.875541e+03 8.619244e+03  
7.758532e-02 2.421677e+03 4.342784e+03 5.812611e+03 8.528384e+03  
7.866682e-02 2.393414e+03 4.291142e+03 5.743407e+03 8.428517e+03  
7.976339e-02 2.362148e+03 4.234305e+03 5.667380e+03 8.318818e+03  
8.087525e-02 2.327765e+03 4.172093e+03 5.584296e+03 8.198936e+03  
8.200261e-02 2.290198e+03 4.104417e+03 5.494056e+03 8.068740e+03  
8.314568e-02 2.249374e+03 4.031158e+03 5.396501e+03 7.927968e+03  
8.430468e-02 2.205271e+03 3.952287e+03 5.291588e+03 7.776534e+03  
8.547985e-02 2.157989e+03 3.867987e+03 5.179565e+03 7.614781e+03  
8.667139e-02 2.107659e+03 3.778515e+03 5.060784e+03 7.443236e+03  
8.787954e-02 2.054428e+03 3.684121e+03 4.935569e+03 7.262338e+03  
8.910453e-02 1.998539e+03 3.585233e+03 4.804479e+03 7.072887e+03  
9.034660e-02 1.940313e+03 3.482408e+03 4.668251e+03 6.875948e+03  
9.160598e-02 1.880105e+03 3.376280e+03 4.527734e+03 6.672777e+03  
9.288292e-02 1.818292e+03 3.267490e+03 4.383760e+03 6.464563e+03  
9.417766e-02 1.755297e+03 3.156766e+03 4.237288e+03 6.252699e+03  
9.549045e-02 1.691587e+03 3.044912e+03 4.089375e+03 6.038731e+03  
9.682153e-02 1.627672e+03 2.932822e+03 3.941211e+03 5.824417e+03  
9.817117e-02 1.564091e+03 2.821405e+03 3.793980e+03 5.611465e+03  
9.953962e-02 1.501343e+03 2.711520e+03 3.648811e+03 5.401528e+03  
1.009272e-01 1.439901e+03 2.603975e+03 3.506769e+03 5.196164e+03  
1.023340e-01 1.380271e+03 2.499654e+03 3.369023e+03 4.997089e+03  
1.037605e-01 1.322967e+03 2.399421e+03 3.236700e+03 4.805937e+03  
1.052069e-01 1.268368e+03 2.303927e+03 3.110655e+03 4.623955e+03  
1.066734e-01 1.216815e+03 2.213757e+03 2.991658e+03 4.452264e+03  
1.081604e-01 1.168671e+03 2.129537e+03 2.880534e+03 4.292071e+03  
1.096681e-01 1.124216e+03 2.051738e+03 2.777895e+03 4.144256e+03  
1.111968e-01 1.083590e+03 1.980596e+03 2.684048e+03 4.009265e+03  
1.127468e-01 1.046923e+03 1.916329e+03 2.599280e+03 3.887513e+03  
1.143184e-01 1.014320e+03 1.859117e+03 2.523823e+03 3.779340e+03  
1.159120e-01 9.857668e+02 1.808921e+03 2.457622e+03 3.684661e+03  
1.175277e-01 9.612074e+02 1.765633e+03 2.400530e+03 3.603267e+03  
1.191660e-01 9.405641e+02 1.729113e+03 2.352361e+03 3.534892e+03  
1.208271e-01 9.236711e+02 1.699065e+03 2.312721e+03 3.478972e+03  
1.225114e-01 9.102949e+02 1.675070e+03 2.281054e+03 3.434710e+03  
1.242191e-01 9.001732e+02 1.656662e+03 2.256746e+03 3.401229e+03  
1.259506e-01 8.929689e+02 1.643253e+03 2.239022e+03 3.377417e+03  
1.277063e-01 8.882738e+02 1.634129e+03 2.226941e+03 3.361923e+03  
1.294865e-01 8.856372e+02 1.628503e+03 2.219469e+03 3.353265e+03  
1.312915e-01 8.845562e+02 1.625505e+03 2.215462e+03 3.349792e+03  
1.331216e-01 8.844780e+02 1.624190e+03 2.213679e+03 3.349698e+03  
1.349772e-01 8.848081e+02 1.623538e+03 2.212784e+03 3.351037e+03  
1.368587e-01 8.849642e+02 1.622557e+03 2.211472e+03 3.351903e+03  
1.387665e-01 8.843463e+02 1.620232e+03 2.208412e+03 3.350323e+03  
1.407008e-01 8.823598e+02 1.615567e+03 2.202291e+03 3.344329e+03  
1.426621e-01 8.785136e+02 1.607737e+03 2.192025e+03 3.332293e+03  
1.446507e-01 8.723173e+02 1.595925e+03 2.176536e+03 3.312577e+03  
1.466671e-01 8.633746e+02 1.579476e+03 2.154956e+03 3.283840e+03  
1.487115e-01 8.514187e+02 1.557958e+03 2.126708e+03 3.245149e+03  
1.507845e-01 8.362089e+02 1.530975e+03 2.091266e+03 3.195682e+03  
1.528864e-01 8.177295e+02 1.498512e+03 2.048607e+03 3.135360e+03  
1.550175e-01 7.960558e+02 1.460706e+03 1.998905e+03 3.064407e+03  
1.571784e-01 7.714269e+02 1.417971e+03 1.942698e+03 2.983582e+03  
1.593694e-01 7.442785e+02 1.371041e+03 1.880960e+03 2.894359e+03  
1.615909e-01 7.151332e+02 1.320797e+03 1.814854e+03 2.798487e+03  
1.638434e-01 6.846738e+02 1.268390e+03 1.745896e+03 2.698255e+03  
1.661273e-01 6.536608e+02 1.215097e+03 1.675771e+03 2.596179e+03  
1.684430e-01 6.228281e+02 1.162150e+03 1.606109e+03 2.494743e+03  
1.707910e-01 5.929248e+02 1.110808e+03 1.538568e+03 2.396436e+03  
1.731717e-01 5.645947e+02 1.062151e+03 1.474571e+03 2.303380e+03  
1.755856e-01 5.383717e+02 1.017076e+03 1.415290e+03 2.217304e+03  
1.780332e-01 5.146892e+02 9.763105e+02 1.361685e+03 2.139649e+03  
1.805149e-01 4.938218e+02 9.403155e+02 1.314359e+03 2.071294e+03  
1.830312e-01 4.759774e+02 9.094376e+02 1.273761e+03 2.012890e+03  
1.855825e-01 4.612409e+02 8.838145e+02 1.240066e+03 1.964678e+03  
1.881694e-01 4.496174e+02 8.634495e+02 1.213282e+03 1.926690e+03  
1.907924e-01 4.409773e+02 8.481159e+02 1.193109e+03 1.898495e+03  
1.934520e-01 4.350944e+02 8.374230e+02 1.179034e+03 1.879343e+03  
1.961486e-01 4.315873e+02 8.307188e+02 1.170202e+03 1.867991e+03  
1.988828e-01 4.299707e+02 8.271808e+02 1.165541e+03 1.862894e+03  
2.016551e-01 4.296347e+02 8.257789e+02 1.163702e+03 1.862074e+03  
2.044661e-01 4.299188e+02 8.254021e+02 1.163224e+03 1.863352e+03  
2.073162e-01 4.301241e+02 8.248816e+02 1.162570e+03 1.864425e+03  
2.102061e-01 4.295969e+02 8.231303e+02 1.160309e+03 1.863138e+03  
2.131362e-01 4.277393e+02 8.191574e+02 1.155130e+03 1.857473e+03  
2.161073e-01 4.240840e+02 8.121886e+02 1.145995e+03 1.845794e+03  
2.191197e-01 4.182661e+02 8.016253e+02 1.132106e+03 1.826840e+03  
2.221741e-01 4.101104e+02 7.871849e+02 1.113085e+03 1.800000e+03  
2.252711e-01 3.996092e+02 7.688609e+02 1.088917e+03 1.765220e+03  
2.284112e-01 3.869743e+02 7.470070e+02 1.060060e+03 1.723168e+03  
2.315951e-01 3.726104e+02 7.223014e+02 1.027418e+03 1.675246e+03  
2.348235e-01 3.570796e+02 6.956815e+02 9.922410e+02 1.623390e+03  
2.380968e-01 3.410628e+02 6.682787e+02 9.560295e+02 1.569915e+03  
2.414157e-01 3.252554e+02 6.412435e+02 9.203005e+02 1.517129e+03  
2.447809e-01 3.103091e+02 6.156600e+02 8.864924e+02 1.467243e+03  
2.481930e-01 2.967555e+02 5.924099e+02 8.557674e+02 1.422014e+03  
2.516527e-01 2.850028e+02 5.721678e+02 8.290096e+02 1.382765e+03  
2.551606e-01 2.753069e+02 5.553506e+02 8.067553e+02 1.350265e+03  
2.587174e-01 2.677469e+02 5.420896e+02 7.891794e+02 1.324785e+03  
2.623238e-01 2.622461e+02 5.322519e+02 7.761062e+02 1.306060e+03  
2.659804e-01 2.585679e+02 5.254396e+02 7.670125e+02 1.293311e+03  
2.696881e-01 2.563192e+02 5.209911e+02 7.610236e+02 1.285217e+03  
2.734474e-01 2.550026e+02 5.180846e+02 7.570692e+02 1.280202e+03  
2.772591e-01 2.540606e+02 5.157966e+02 7.539351e+02 1.276434e+03  
2.811239e-01 2.529217e+02 5.131828e+02 7.503744e+02 1.272016e+03  
2.850426e-01 2.510652e+02 5.093812e+02 7.452394e+02 1.265166e+03  
2.890160e-01 2.480690e+02 5.037042e+02 7.376225e+02 1.254487e+03  
2.930447e-01 2.436640e+02 4.957121e+02 7.269360e+02 1.239055e+03  
2.971296e-01 2.377808e+02 4.852930e+02 7.130264e+02 1.218614e+03  
3.012714e-01 2.305666e+02 4.726899e+02 6.962116e+02 1.193643e+03  
3.054710e-01 2.223651e+02 4.584765e+02 6.772613e+02 1.165353e+03  
3.097291e-01 2.136618e+02 4.434540e+02 6.572401e+02 1.135396e+03  
3.140465e-01 2.049944e+02 4.285047e+02 6.373161e+02 1.105567e+03  
3.184242e-01 1.968594e+02 4.144420e+02 6.185616e+02 1.077502e+03  
3.228628e-01 1.896552e+02 4.019218e+02 6.018436e+02 1.052524e+03  
3.273634e-01 1.836387e+02 3.913623e+02 5.877084e+02 1.031447e+03  
3.319266e-01 1.789154e+02 3.829297e+02 5.763675e+02 1.014571e+03  
3.365535e-01 1.754259e+02 3.765217e+02 5.676833e+02 1.001679e+03  
3.412449e-01 1.729488e+02 3.717755e+02 5.611812e+02 9.920607e+02  
3.460016e-01 1.711351e+02 3.681169e+02 5.561070e+02 9.845793e+02  
3.508247e-01 1.695603e+02 3.648476e+02 5.515396e+02 9.778347e+02  
3.557150e-01 1.678020e+02 3.612785e+02 5.465714e+02 9.704475e+02  
3.606735e-01 1.655210e+02 3.568592e+02 5.404779e+02 9.613152e+02  
3.657011e-01 1.624958e+02 3.512308e+02 5.327840e+02 9.497082e+02  
3.707988e-01 1.586601e+02 3.442843e+02 5.233425e+02 9.353942e+02  
3.759675e-01 1.541160e+02 3.361907e+02 5.123827e+02 9.187345e+02  
3.812083e-01 1.491208e+02 3.273735e+02 5.004683e+02 9.006039e+02  
3.865221e-01 1.440334e+02 3.184181e+02 4.883731e+02 8.821885e+02  
3.919100e-01 1.392061e+02 3.098930e+02 4.768422e+02 8.646126e+02  
3.973730e-01 1.349172e+02 3.022507e+02 4.664709e+02 8.487751e+02  
4.029122e-01 1.313287e+02 2.957524e+02 4.575992e+02 8.351794e+02  
4.085286e-01 1.284689e+02 2.904402e+02 4.502793e+02 8.238931e+02  
4.142232e-01 1.262318e+02 2.861359e+02 4.442722e+02 8.145442e+02  
4.199973e-01 1.243934e+02 2.824785e+02 4.391074e+02 8.064304e+02  
4.258518e-01 1.226781e+02 2.790225e+02 4.342018e+02 7.986783e+02  
4.317880e-01 1.208235e+02 2.753449e+02 4.290018e+02 7.904578e+02  
4.378069e-01 1.186359e+02 2.711302e+02 4.230907e+02 7.811386e+02  
4.439097e-01 1.160291e+02 2.662456e+02 4.162994e+02 7.704788e+02  
4.500975e-01 1.130522e+02 2.607726e+02 4.087366e+02 7.586491e+02  
4.563716e-01 1.098705e+02 2.549784e+02 4.007541e+02 7.461828e+02  
4.627332e-01 1.067002e+02 2.492077e+02 3.928005e+02 7.337486e+02  
4.691835e-01 1.037464e+02 2.437923e+02 3.853114e+02 7.219982e+02  
4.757236e-01 1.011488e+02 2.389543e+02 3.785739e+02 7.113500e+02  
4.823549e-01 9.895828e+01 2.347715e+02 3.726862e+02 7.019402e+02  
4.890787e-01 9.710986e+01 2.311361e+02 3.675046e+02 6.935478e+02  
4.958962e-01 9.546261e+01 2.278248e+02 3.627407e+02 6.857495e+02  
5.028087e-01 9.385121e+01 2.245740e+02 3.580521e+02 6.780429e+02  
5.098176e-01 9.213486e+01 2.211593e+02 3.531479e+02 6.700028e+02  
5.169242e-01 9.022923e+01 2.174467e+02 3.478548e+02 6.613788e+02  
5.241298e-01 8.814054e+01 2.134500e+02 3.421941e+02 6.522107e+02  
5.314359e-01 8.596062e+01 2.093157e+02 3.363566e+02 6.427816e+02  
5.388438e-01 8.381426e+01 2.052403e+02 3.305957e+02 6.334593e+02  
5.463550e-01 8.181022e+01 2.013943e+02 3.251301e+02 6.245571e+02  
5.539709e-01 8.001550e+01 1.978835e+02 3.200957e+02 6.162679e+02  
5.616930e-01 7.842576e+01 1.946996e+02 3.154799e+02 6.085687e+02  
5.695227e-01 7.697203e+01 1.917319e+02 3.111392e+02 6.012497e+02  
5.774615e-01 7.556273e+01 1.888365e+02 3.068892e+02 5.940481e+02  
5.855110e-01 7.411731e+01 1.858892e+02 3.025722e+02 5.867436e+02  
5.936727e-01 7.259082e+01 1.828204e+02 2.981007e+02 5.792157e+02  
6.019482e-01 7.100110e+01 1.796577e+02 2.935098e+02 5.715165e+02  
6.103390e-01 6.940451e+01 1.764896e+02 2.889133e+02 5.638084e+02  
6.188468e-01 6.786603e+01 1.734176e+02 2.844407e+02 5.562727e+02  
6.274732e-01 6.643565e+01 1.705183e+02 2.801879e+02 5.490406e+02  
6.362198e-01 6.511875e+01 1.677978e+02 2.761609e+02 5.421155e+02  
6.450884e-01 6.388033e+01 1.652020e+02 2.722915e+02 5.354029e+02  
6.540806e-01 6.267322e+01 1.626590e+02 2.684891e+02 5.287787e+02  
6.631981e-01 6.145030e+01 1.600967e+02 2.646637e+02 5.221217e+02  
6.724427e-01 6.020184e+01 1.574994e+02 2.607955e+02 5.154064e+02  
6.818162e-01 5.895445e+01 1.549091e+02 2.569382e+02 5.087076e+02  
6.913204e-01 5.773850e+01 1.523722e+02 2.531499e+02 5.021035e+02  
7.009570e-01 5.658202e+01 1.499309e+02 2.494825e+02 4.956621e+02  
7.107280e-01 5.548163e+01 1.475781e+02 2.459261e+02 4.893680e+02  
7.206351e-01 5.441996e+01 1.452887e+02 2.424500e+02 4.831809e+02  
7.306804e-01 5.337771e+01 1.430335e+02 2.390184e+02 4.770542e+02  
7.408657e-01 5.234237e+01 1.407940e+02 2.356085e+02 4.709589e+02  
7.511929e-01 5.131897e+01 1.385765e+02 2.322278e+02 4.649047e+02  
7.616642e-01 5.031652e+01 1.363957e+02 2.288950e+02 4.589163e+02  
7.722814e-01 4.934368e+01 1.342643e+02 2.256252e+02 4.530130e+02  
7.830465e-01 4.840172e+01 1.321837e+02 2.224201e+02 4.471960e+02  
7.939618e-01 4.748531e+01 1.301452e+02 2.192685e+02 4.414508e+02  
8.050292e-01 4.658928e+01 1.281419e+02 2.161627e+02 4.357682e+02  
8.162509e-01 4.570890e+01 1.261670e+02 2.130944e+02 4.301381e+02  
8.276289e-01 4.484483e+01 1.242211e+02 2.100643e+02 4.245614e+02  
8.391656e-01 4.399923e+01 1.223069e+02 2.070754e+02 4.190415e+02  
8.508632e-01 4.317497e+01 1.204291e+02 2.041335e+02 4.135857e+02  
8.627237e-01 4.237274e+01 1.185884e+02 2.012394e+02 4.081946e+02  
8.747496e-01 4.159018e+01 1.167812e+02 1.983886e+02 4.028624e+02  
8.869432e-01 4.082457e+01 1.150032e+02 1.955760e+02 3.975831e+02  
8.993067e-01 4.007363e+01 1.132516e+02 1.927985e+02 3.923535e+02  
9.118425e-01 3.933710e+01 1.115261e+02 1.900556e+02 3.871729e+02  
9.245531e-01 3.861579e+01 1.098273e+02 1.873482e+02 3.820422e+02  
9.374409e-01 3.791074e+01 1.081567e+02 1.846776e+02 3.769629e+02  
9.505083e-01 3.722273e+01 1.065155e+02 1.820455e+02 3.719366e+02  
9.637579e-01 3.655087e+01 1.049024e+02 1.794502e+02 3.669615e+02  
9.771921e-01 3.589373e+01 1.033150e+02 1.768889e+02 3.620341e+02  
9.908137e-01 3.525006e+01 1.017516e+02 1.743597e+02 3.571525e+02  
1.004625e+00 3.461936e+01 1.002117e+02 1.718619e+02 3.523160e+02  
1.018629e+00 3.400159e+01 9.869510e+01 1.693955e+02 3.475245e+02  
1.032828e+00 3.339648e+01 9.720117e+01 1.669595e+02 3.427767e+02  
1.047225e+00 3.280407e+01 9.572999e+01 1.645540e+02 3.380729e+02  
1.061823e+00 3.222421e+01 9.428142e+01 1.621790e+02 3.334128e+02  
1.076624e+00 3.165654e+01 9.285489e+01 1.598337e+02 3.287957e+02  
1.091632e+00 3.110042e+01 9.144923e+01 1.575166e+02 3.242200e+02  
1.106848e+00 3.055565e+01 9.006429e+01 1.552278e+02 3.196823e+02  
1.122277e+00 3.002203e+01 8.869982e+01 1.529669e+02 3.151962e+02  
1.137921e+00 2.949927e+01 8.735534e+01 1.507334e+02 3.107432e+02  
1.153783e+00 2.898680e+01 8.602981e+01 1.485259e+02 3.063293e+02  
1.169866e+00 2.848456e+01 8.472331e+01 1.463447e+02 3.019547e+02  
1.186174e+00 2.799234e+01 8.343554e+01 1.441895e+02 2.976190e+02  
1.202708e+00 2.750986e+01 8.216608e+01 1.420596e+02 2.933216e+02  
1.219473e+00 2.703659e+01 8.091398e+01 1.399540e+02 2.890617e+02  
1.236472e+00 2.657258e+01 7.967946e+01 1.378731e+02 2.848393e+02  
1.253708e+00 2.611760e+01 7.846216e+01 1.358164e+02 2.806463e+02  
1.271184e+00 2.567137e+01 7.726168e+01 1.337833e+02 2.764978e+02  
1.288904e+00 2.523350e+01 7.607730e+01 1.317733e+02 2.723855e+02  
1.306870e+00 2.480400e+01 7.490917e+01 1.297863e+02 2.683094e+02  
1.325087e+00 2.438266e+01 7.375696e+01 1.278220e+02 2.642693e+02  
1.343558e+00 2.396921e+01 7.262027e+01 1.258800e+02 2.602648e+02  
1.362287e+00 2.356335e+01 7.149858e+01 1.239598e+02 2.562954e+02  
1.381276e+00 2.316506e+01 7.039195e+01 1.220613e+02 2.523613e+02  
1.400531e+00 2.277415e+01 6.930008e+01 1.201843e+02 2.484621e+02  
1.420053e+00 2.239035e+01 6.822257e+01 1.183289e+02 2.445977e+02  
1.439848e+00 2.201344e+01 6.715908e+01 1.164935e+02 2.407677e+02  
1.459919e+00 2.164338e+01 6.610958e+01 1.146788e+02 2.369722e+02  
1.480269e+00 2.127998e+01 6.507379e+01 1.128845e+02 2.332110e+02  
1.500903e+00 2.092301e+01 6.405139e+01 1.111101e+02 2.294839e+02  
1.521825e+00 2.057232e+01 6.304212e+01 1.093554e+02 2.257908e+02  
1.543038e+00 2.022784e+01 6.204593e+01 1.076204e+02 2.221318e+02  
1.564548e+00 1.988943e+01 6.106259e+01 1.059047e+02 2.185067e+02  
1.586357e+00 1.955687e+01 6.009179e+01 1.042082e+02 2.149154e+02  
1.608469e+00 1.923003e+01 5.913335e+01 1.025306e+02 2.113578e+02  
1.630891e+00 1.890884e+01 5.818716e+01 1.008717e+02 2.078341e+02  
1.653624e+00 1.859316e+01 5.725304e+01 9.923107e+01 2.043441e+02  
1.676675e+00 1.828281e+01 5.633070e+01 9.760915e+01 2.008878e+02  
1.700047e+00 1.797768e+01 5.542004e+01 9.600541e+01 1.974653e+02  
1.723745e+00 1.767771e+01 5.452092e+01 9.441974e+01 1.940765e+02  
1.747773e+00 1.738279e+01 5.363319e+01 9.285197e+01 1.907215e+02  
1.772136e+00 1.709271e+01 5.275658e+01 9.130186e+01 1.874002e+02  
1.796838e+00 1.680741e+01 5.189102e+01 8.976929e+01 1.841128e+02  
1.821885e+00 1.652681e+01 5.103636e+01 8.825416e+01 1.808593e+02  
1.847281e+00 1.625081e+01 5.019248e+01 8.675631e+01 1.776397e+02  
1.873032e+00 1.597925e+01 4.935916e+01 8.527555e+01 1.744541e+02  
1.899141e+00 1.571208e+01 4.853632e+01 8.381181e+01 1.713025e+02  
1.925614e+00 1.544924e+01 4.772386e+01 8.236496e+01 1.681851e+02  
1.952456e+00 1.519064e+01 4.692165e+01 8.093489e+01 1.651019e+02  
1.979672e+00 1.493610e+01 4.612787e+01 7.952143e+01 1.620530e+02  
2.007267e+00 1.468562e+01 4.534729e+01 7.812450e+01 1.590384e+02  
2.035248e+00 1.443912e+01 4.457501e+01 7.674400e+01 1.560582e+02  
2.063618e+00 1.419652e+01 4.381251e+01 7.537983e+01 1.531125e+02  
2.092383e+00 1.395766e+01 4.305960e+01 7.403183e+01 1.502014e+02  
2.121550e+00 1.372253e+01 4.231624e+01 7.269995e+01 1.473250e+02  
2.151123e+00 1.349107e+01 4.158233e+01 7.138410e+01 1.444833e+02  
2.181109e+00 1.326319e+01 4.085776e+01 7.008418e+01 1.416765e+02  
2.211512e+00 1.303878e+01 4.014239e+01 6.880007e+01 1.389044e+02  
2.242340e+00 1.281784e+01 3.943618e+01 6.753171e+01 1.361674e+02  
2.273597e+00 1.260029e+01 3.873903e+01 6.627904e+01 1.334653e+02  
2.305289e+00 1.238606e+01 3.805083e+01 6.504194e+01 1.308048e+02  
2.337424e+00 1.217506e+01 3.737148e+01 6.382034e+01 1.281728e+02  
2.370006e+00 1.196727e+01 3.670093e+01 6.261418e+01 1.255759e+02  
2.403043e+00 1.176263e+01 3.603908e+01 6.142338e+01 1.230143e+02  
2.436540e+00 1.156107e+01 3.538585e+01 6.024785e+01 1.204878e+02  
2.470504e+00 1.136251e+01 3.474113e+01 5.908754e+01 1.179965e+02  
2.504942e+00 1.116694e+01 3.410489e+01 5.794236e+01 1.155407e+02  
2.539859e+00 1.097431e+01 3.347702e+01 5.681227e+01 1.131141e+02  
2.575263e+00 1.078454e+01 3.285746e+01 5.569719e+01 1.107286e+02  
2.611161e+00 1.059758e+01 3.224612e+01 5.459704e+01 1.083783e+02  
2.647559e+00 1.041342e+01 3.164295e+01 5.351183e+01 1.060631e+02  
2.684465e+00 1.023199e+01 3.104788e+01 5.244138e+01 1.037831e+02  
2.721885e+00 1.005323e+01 3.046082e+01 5.138569e+01 1.015381e+02  
2.759826e+00 9.877119e+00 2.988171e+01 5.034468e+01 9.932802e+01  
2.798297e+00 9.703615e+00 2.931049e+01 4.931831e+01 9.715286e+01  
2.837304e+00 9.532678e+00 2.874709e+01 4.830651e+01 9.501249e+01  
2.876854e+00 9.364249e+00 2.819145e+01 4.730922e+01 9.290679e+01  
2.916956e+00 9.198301e+00 2.764351e+01 4.632636e+01 9.083564e+01  
2.957617e+00 9.034802e+00 2.710320e+01 4.535790e+01 8.879892e+01  
2.998844e+00 8.873713e+00 2.657047e+01 4.440373e+01 8.679647e+01  
3.040646e+00 8.714982e+00 2.604525e+01 4.346384e+01 8.482812e+01  
3.083031e+00 8.558588e+00 2.552752e+01 4.253815e+01 8.289371e+01  
3.126007e+00 8.404682e+00 2.501716e+01 4.162658e+01 8.099306e+01  
3.169582e+00 8.252869e+00 2.451414e+01 4.072907e+01 7.912596e+01  
3.213764e+00 8.103281e+00 2.401840e+01 3.984556e+01 7.729220e+01  
3.258562e+00 7.955901e+00 2.352990e+01 3.897597e+01 7.549156e+01  
3.303985e+00 7.810693e+00 2.304763e+01 3.812023e+01 7.372382e+01  
3.350041e+00 7.667631e+00 2.257345e+01 3.727827e+01 7.198872e+01  
3.396739e+00 7.526670e+00 2.210632e+01 3.645002e+01 7.028599e+01  
3.444087e+00 7.387797e+00 2.164622e+01 3.563539e+01 6.861895e+01  
3.492096e+00 7.250983e+00 2.119309e+01 3.483432e+01 6.698014e+01  
3.540774e+00 7.116199e+00 2.074687e+01 3.404672e+01 6.536914e+01  
3.590130e+00 6.983409e+00 2.030751e+01 3.327250e+01 6.379347e+01  
3.640175e+00 6.852596e+00 1.987496e+01 3.251159e+01 6.224846e+01  
3.690917e+00 6.723734e+00 1.944918e+01 3.176389e+01 6.073409e+01  
3.742366e+00 6.596797e+00 1.903010e+01 3.102931e+01 5.925003e+01  
3.794533e+00 6.471754e+00 1.861768e+01 3.030777e+01 5.779593e+01  
3.847427e+00 6.348587e+00 1.821187e+01 2.959916e+01 5.637146e+01  
3.901058e+00 6.227273e+00 1.781262e+01 2.890338e+01 5.497629e+01  
3.955436e+00 6.107787e+00 1.741989e+01 2.822033e+01 5.361004e+01  
4.010573e+00 5.990103e+00 1.703361e+01 2.754993e+01 5.227236e+01  
4.066478e+00 5.874203e+00 1.665374e+01 2.689203e+01 5.096288e+01  
4.123163e+00 5.760066e+00 1.628023e+01 2.624651e+01 4.968123e+01  
4.180637e+00 5.647667e+00 1.591303e+01 2.561337e+01 4.842703e+01  
4.238913e+00 5.536983e+00 1.555280e+01 2.499238e+01 4.719990e+01  
4.298001e+00 5.427998e+00 1.519805e+01 2.438346e+01 4.599944e+01  
4.357913e+00 5.320691e+00 1.484947e+01 2.378649e+01 4.482529e+01  
4.418660e+00 5.215039e+00 1.450700e+01 2.320135e+01 4.367702e+01  
4.480254e+00 5.111023e+00 1.417058e+01 2.262790e+01 4.255426e+01  
4.542706e+00 5.008626e+00 1.383949e+01 2.206604e+01 4.145660e+01  
4.606029e+00 4.907828e+00 1.351503e+01 2.151561e+01 4.038365e+01  
4.670234e+00 4.808608e+00 1.319647e+01 2.097650e+01 3.933500e+01  
4.735335e+00 4.710949e+00 1.288376e+01 2.044857e+01 3.831025e+01  
4.801343e+00 4.614833e+00 1.257684e+01 1.993168e+01 3.731042e+01  
4.868271e+00 4.520242e+00 1.227565e+01 1.942569e+01 3.633117e+01  
4.936132e+00 4.427157e+00 1.198014e+01 1.893047e+01 3.537537e+01  
5.004939e+00 4.335561e+00 1.169026e+01 1.844587e+01 3.444219e+01  
5.074705e+00 4.245438e+00 1.140595e+01 1.797174e+01 3.353090e+01  
5.145444e+00 4.156770e+00 1.112716e+01 1.750796e+01 3.264109e+01  
5.217169e+00 4.069539e+00 1.085382e+01 1.705436e+01 3.177237e+01  
5.289893e+00 3.983548e+00 1.058587e+01 1.661081e+01 3.092434e+01  
5.363631e+00 3.899149e+00 1.032326e+01 1.617714e+01 3.009661e+01  
5.438397e+00 3.816140e+00 1.006593e+01 1.575323e+01 2.928879e+01  
5.514206e+00 3.734671e+00 9.813814e+00 1.533893e+01 2.850048e+01  
5.591071e+00 3.654386e+00 9.566859e+00 1.493405e+01 2.773130e+01  
5.669007e+00 3.575443e+00 9.325000e+00 1.453847e+01 2.698157e+01  
5.748030e+00 3.497827e+00 9.088174e+00 1.415203e+01 2.624949e+01  
5.828155e+00 3.421520e+00 8.856319e+00 1.377466e+01 2.553539e+01  
5.909396e+00 3.346510e+00 8.629372e+00 1.340604e+01 2.483831e+01  
5.991770e+00 3.272780e+00 8.407268e+00 1.304604e+01 2.415913e+01  
6.075292e+00 3.200317e+00 8.189945e+00 1.269464e+01 2.349818e+01  
6.159978e+00 3.129104e+00 7.977336e+00 1.235170e+01 2.285066e+01  
6.245845e+00 3.059128e+00 7.769377e+00 1.201691e+01 2.222155e+01  
6.332908e+00 2.990375e+00 7.566003e+00 1.169009e+01 2.160834e+01  
6.421186e+00 2.922830e+00 7.367146e+00 1.137130e+01 2.101011e+01  
6.510694e+00 2.856479e+00 7.172736e+00 1.105870e+01 2.042702e+01  
6.601449e+00 2.791309e+00 6.983300e+00 1.075533e+01 1.985877e+01  
6.693470e+00 2.727304e+00 6.797590e+00 1.045947e+01 1.930502e+01  
6.786773e+00 2.664452e+00 6.616126e+00 1.017247e+01 1.876544e+01  
6.881377e+00 2.602740e+00 6.438845e+00 9.821036e+00 1.823973e+01  
6.977300e+00 2.542152e+00 6.265679e+00 9.616691e+00 1.772757e+01  
7.074559e+00 2.482677e+00 6.096561e+00 9.349237e+00 1.722867e+01  
7.173175e+00 2.424301e+00 5.931424e+00 9.088678e+00 1.674236e+01  
7.273165e+00 2.367011e+00 5.769729e+00 8.834592e+00 1.626904e+01  
7.374549e+00 2.310793e+00 5.612367e+00 8.586968e+00 1.580809e+01  
7.477346e+00 2.255635e+00 5.458783e+00 8.345691e+00 1.535955e+01  
7.581576e+00 2.201523e+00 5.308909e+00 8.109152e+00 1.492248e+01  
7.687260e+00 2.148381e+00 5.162679e+00 7.881590e+00 1.449694e+01  
7.794416e+00 2.096388e+00 5.020025e+00 7.658498e+00 1.408266e+01  
7.903066e+00 2.045341e+00 4.880882e+00 7.441055e+00 1.368183e+01  
8.013230e+00 1.995289e+00 4.745182e+00 7.229426e+00 1.328925e+01  
8.124930e+00 1.946220e+00 4.612859e+00 7.023339e+00 1.290478e+01  
8.238187e+00 1.898122e+00 4.483848e+00 6.822787e+00 1.253298e+01  
8.353023e+00 1.850982e+00 4.358083e+00 6.627286e+00 1.217119e+01  
8.469460e+00 1.804789e+00 4.235498e+00 6.437074e+00 1.181895e+01  
8.587519e+00 1.759530e+00 4.116030e+00 6.251911e+00 1.147641e+01  
8.707225e+00 1.715138e+00 3.999614e+00 6.071681e+00 1.114343e+01  
8.828599e+00 1.671711e+00 3.886188e+00 5.896260e+00 1.081931e+01  
8.951665e+00 1.629182e+00 3.775679e+00 5.725547e+00 1.050405e+01  
9.076446e+00 1.587538e+00 3.668053e+00 5.559426e+00 1.019743e+01  
9.202967e+00 1.546767e+00 3.563405e+00 5.396964e+00 9.899242e+00  
9.331251e+00 1.506857e+00 3.460905e+00 5.240532e+00 9.609288e+00  
9.461324e+00 1.467796e+00 3.361504e+00 5.087675e+00 9.327356e+00  
9.593209e+00 1.429584e+00 3.264727e+00 4.938830e+00 9.053252e+00  
9.726934e+00 1.392206e+00 3.170513e+00 4.794062e+00 8.786781e+00  
9.862522e+00 1.355626e+00 3.078806e+00 4.653275e+00 8.527604e+00  
1.000000e+01 1.319840e+00 2.989546e+00 4.516458e+00 8.275988e+00  
