1.000000e-02 5.772775e+03 1.049941e+04 1.417321e+04 2.105044e+04  
1.013939e-02 5.804979e+03 1.055774e+04 1.425172e+04 2.116650e+04  
1.028073e-02 5.836699e+03 1.061519e+04 1.432903e+04 2.128076e+04  
1.042404e-02 5.867912e+03 1.067170e+04 1.440509e+04 2.139314e+04  
1.056935e-02 5.898599e+03 1.072726e+04 1.447983e+04 2.150357e+04  
1.071668e-02 5.928736e+03 1.078181e+04 1.455321e+04 2.161197e+04  
1.086606e-02 5.958303e+03 1.083531e+04 1.462518e+04 2.171824e+04  
1.101753e-02 5.987277e+03 1.088773e+04 1.469568e+04 2.182233e+04  
1.117111e-02 6.015638e+03 1.093903e+04 1.476465e+04 2.192415e+04  
1.132683e-02 6.043365e+03 1.098917e+04 1.483206e+04 2.202362e+04  
1.148472e-02 6.070436e+03 1.103811e+04 1.489784e+04 2.212067e+04  
1.164481e-02 6.096833e+03 1.108582e+04 1.496196e+04 2.221523e+04  
1.180713e-02 6.122532e+03 1.113225e+04 1.502434e+04 2.230721e+04  
1.197171e-02 6.147516e+03 1.117737e+04 1.508496e+04 2.239655e+04  
1.213859e-02 6.171762e+03 1.122115e+04 1.514375e+04 2.248317e+04  
1.230780e-02 6.195246e+03 1.126353e+04 1.520065e+04 2.256699e+04  
1.247936e-02 6.217946e+03 1.130449e+04 1.525562e+04 2.264790e+04  
1.265332e-02 6.239836e+03 1.134396e+04 1.530858e+04 2.272584e+04  
1.282970e-02 6.260893e+03 1.138191e+04 1.535949e+04 2.280071e+04  
1.300854e-02 6.281094e+03 1.141830e+04 1.540828e+04 2.287243e+04  
1.318987e-02 6.300414e+03 1.145308e+04 1.545489e+04 2.294091e+04  
1.337373e-02 6.318829e+03 1.148621e+04 1.549927e+04 2.300606e+04  
1.356015e-02 6.336317e+03 1.151764e+04 1.554136e+04 2.306780e+04  
1.374917e-02 6.352850e+03 1.154733e+04 1.558109e+04 2.312603e+04  
1.394083e-02 6.368406e+03 1.157524e+04 1.561841e+04 2.318068e+04  
1.413516e-02 6.382961e+03 1.160133e+04 1.565326e+04 2.323164e+04  
1.433219e-02 6.396489e+03 1.162554e+04 1.568558e+04 2.327885e+04  
1.453198e-02 6.408969e+03 1.164783e+04 1.571531e+04 2.332220e+04  
1.473454e-02 6.420377e+03 1.166818e+04 1.574240e+04 2.336162e+04  
1.493993e-02 6.430690e+03 1.168652e+04 1.576679e+04 2.339703e+04  
1.514819e-02 6.439884e+03 1.170283e+04 1.578842e+04 2.342834e+04  
1.535935e-02 6.447936e+03 1.171705e+04 1.580723e+04 2.345546e+04  
1.557345e-02 6.454824e+03 1.172916e+04 1.582318e+04 2.347832e+04  
1.579053e-02 6.460526e+03 1.173910e+04 1.583621e+04 2.349684e+04  
1.601064e-02 6.465022e+03 1.174684e+04 1.584627e+04 2.351095e+04  
1.623382e-02 6.468292e+03 1.175235e+04 1.585331e+04 2.352057e+04  
1.646012e-02 6.470315e+03 1.175559e+04 1.585728e+04 2.352564e+04  
1.668956e-02 6.471070e+03 1.175651e+04 1.585813e+04 2.352606e+04  
1.692220e-02 6.470536e+03 1.175509e+04 1.585581e+04 2.352178e+04  
1.715809e-02 6.468693e+03 1.175129e+04 1.585026e+04 2.351272e+04  
1.739726e-02 6.465524e+03 1.174507e+04 1.584146e+04 2.349881e+04  
1.763977e-02 6.461011e+03 1.173640e+04 1.582935e+04 2.348000e+04  
1.788566e-02 6.455138e+03 1.172526e+04 1.581390e+04 2.345623e+04  
1.813498e-02 6.447890e+03 1.171162e+04 1.579507e+04 2.342744e+04  
1.838777e-02 6.439249e+03 1.169544e+04 1.577282e+04 2.339358e+04  
1.864409e-02 6.429198e+03 1.167670e+04 1.574711e+04 2.335458e+04  
1.890397e-02 6.417724e+03 1.165536e+04 1.571790e+04 2.331039e+04  
1.916748e-02 6.404814e+03 1.163142e+04 1.568516e+04 2.326098e+04  
1.943467e-02 6.390458e+03 1.160484e+04 1.564888e+04 2.320630e+04  
1.970558e-02 6.374645e+03 1.157562e+04 1.560902e+04 2.314632e+04  
1.998026e-02 6.357369e+03 1.154373e+04 1.556557e+04 2.308102e+04  
2.025878e-02 6.338621e+03 1.150917e+04 1.551851e+04 2.301037e+04  
2.054117e-02 6.318396e+03 1.147193e+04 1.546784e+04 2.293435e+04  
2.082751e-02 6.296691e+03 1.143199e+04 1.541353e+04 2.285296e+04  
2.111783e-02 6.273505e+03 1.138937e+04 1.535560e+04 2.276619e+04  
2.141220e-02 6.248841e+03 1.134406e+04 1.529404e+04 2.267405e+04  
2.171068e-02 6.222704e+03 1.129608e+04 1.522888e+04 2.257657e+04  
2.201331e-02 6.195099e+03 1.124543e+04 1.516013e+04 2.247377e+04  
2.232016e-02 6.166030e+03 1.119212e+04 1.508779e+04 2.236566e+04  
2.263130e-02 6.135498e+03 1.113616e+04 1.501187e+04 2.225226e+04  
2.294676e-02 6.103512e+03 1.107756e+04 1.493240e+04 2.213358e+04  
2.326663e-02 6.070081e+03 1.101634e+04 1.484939e+04 2.200968e+04  
2.359095e-02 6.035219e+03 1.095253e+04 1.476289e+04 2.188061e+04  
2.391980e-02 5.998944e+03 1.088615e+04 1.467294e+04 2.174642e+04  
2.425323e-02 5.961274e+03 1.081724e+04 1.457958e+04 2.160720e+04  
2.459130e-02 5.922230e+03 1.074585e+04 1.448287e+04 2.146302e+04  
2.493409e-02 5.881833e+03 1.067200e+04 1.438286e+04 2.131395e+04  
2.528166e-02 5.840109e+03 1.059575e+04 1.427962e+04 2.116010e+04  
2.563407e-02 5.797087e+03 1.051715e+04 1.417321e+04 2.100157e+04  
2.599140e-02 5.752804e+03 1.043627e+04 1.406373e+04 2.083850e+04  
2.635371e-02 5.707298e+03 1.035318e+04 1.395127e+04 2.067104e+04  
2.672106e-02 5.660614e+03 1.026796e+04 1.383595e+04 2.049933e+04  
2.709354e-02 5.612788e+03 1.018067e+04 1.371785e+04 2.032353e+04  
2.747121e-02 5.563857e+03 1.009139e+04 1.359707e+04 2.014376e+04  
2.785414e-02 5.513861e+03 1.000018e+04 1.347370e+04 1.996018e+04  
2.824241e-02 5.462848e+03 9.907144e+03 1.334787e+04 1.977296e+04  
2.863610e-02 5.410868e+03 9.812361e+03 1.321970e+04 1.958228e+04  
2.903527e-02 5.357979e+03 9.715941e+03 1.308933e+04 1.938835e+04  
2.944000e-02 5.304244e+03 9.617996e+03 1.295691e+04 1.919142e+04  
2.985038e-02 5.249717e+03 9.518629e+03 1.282258e+04 1.899167e+04  
3.026648e-02 5.194452e+03 9.417935e+03 1.268648e+04 1.878930e+04  
3.068838e-02 5.138507e+03 9.316021e+03 1.254874e+04 1.858452e+04  
3.111616e-02 5.081945e+03 9.213001e+03 1.240952e+04 1.837757e+04  
3.154990e-02 5.024836e+03 9.109003e+03 1.226899e+04 1.816870e+04  
3.198969e-02 4.967255e+03 9.004165e+03 1.212734e+04 1.795819e+04  
3.243561e-02 4.909283e+03 8.898633e+03 1.198477e+04 1.774633e+04  
3.288774e-02 4.850994e+03 8.792540e+03 1.184145e+04 1.753338e+04  
3.334618e-02 4.792448e+03 8.685997e+03 1.169754e+04 1.731957e+04  
3.381101e-02 4.733713e+03 8.579126e+03 1.155319e+04 1.710515e+04  
3.428231e-02 4.674859e+03 8.472057e+03 1.140859e+04 1.689037e+04  
3.476019e-02 4.615965e+03 8.364929e+03 1.126393e+04 1.667551e+04  
3.524473e-02 4.557112e+03 8.257893e+03 1.111940e+04 1.646088e+04  
3.573602e-02 4.498390e+03 8.151109e+03 1.097522e+04 1.624680e+04  
3.623416e-02 4.439880e+03 8.044726e+03 1.083160e+04 1.603355e+04  
3.673925e-02 4.381650e+03 7.938867e+03 1.068869e+04 1.582140e+04  
3.725137e-02 4.323771e+03 7.833660e+03 1.054668e+04 1.561060e+04  
3.777064e-02 4.266319e+03 7.729242e+03 1.040574e+04 1.540141e+04  
3.829714e-02 4.209374e+03 7.625757e+03 1.026607e+04 1.519414e+04  
3.883098e-02 4.153020e+03 7.523359e+03 1.012788e+04 1.498908e+04  
3.937226e-02 4.097348e+03 7.422209e+03 9.991388e+03 1.478657e+04  
3.992109e-02 4.042433e+03 7.322446e+03 9.856773e+03 1.458688e+04  
4.047757e-02 3.988313e+03 7.224136e+03 9.724130e+03 1.439014e+04  
4.104181e-02 3.935021e+03 7.127340e+03 9.593539e+03 1.419647e+04  
4.161391e-02 3.882589e+03 7.032115e+03 9.465079e+03 1.400599e+04  
4.219398e-02 3.831052e+03 6.938522e+03 9.338829e+03 1.381882e+04  
4.278214e-02 3.780441e+03 6.846620e+03 9.214871e+03 1.363509e+04  
4.337850e-02 3.730790e+03 6.756468e+03 9.093283e+03 1.345491e+04  
4.398317e-02 3.682138e+03 6.668136e+03 8.974160e+03 1.327841e+04  
4.459628e-02 3.634549e+03 6.581736e+03 8.857655e+03 1.310584e+04  
4.521792e-02 3.588090e+03 6.497395e+03 8.743934e+03 1.293743e+04  
4.584824e-02 3.542836e+03 6.415242e+03 8.633173e+03 1.277346e+04  
4.648734e-02 3.498862e+03 6.335411e+03 8.525554e+03 1.261419e+04  
4.713535e-02 3.456245e+03 6.258044e+03 8.421265e+03 1.245990e+04  
4.779239e-02 3.415067e+03 6.183285e+03 8.320503e+03 1.231089e+04  
4.845859e-02 3.375373e+03 6.111214e+03 8.223372e+03 1.216732e+04  
4.913407e-02 3.337106e+03 6.041727e+03 8.129736e+03 1.202899e+04  
4.981898e-02 3.300186e+03 5.974680e+03 8.039396e+03 1.189560e+04  
5.051342e-02 3.264521e+03 5.909906e+03 7.952133e+03 1.176683e+04  
5.121755e-02 3.230011e+03 5.847221e+03 7.867697e+03 1.164231e+04  
5.193150e-02 3.196540e+03 5.786421e+03 7.785812e+03 1.152164e+04  
5.265540e-02 3.163997e+03 5.727301e+03 7.706204e+03 1.140440e+04  
5.338938e-02 3.132333e+03 5.669772e+03 7.628755e+03 1.129043e+04  
5.413360e-02 3.101522e+03 5.613787e+03 7.553400e+03 1.117963e+04  
5.488820e-02 3.071531e+03 5.559290e+03 7.480062e+03 1.107189e+04  
5.565331e-02 3.042326e+03 5.506213e+03 7.408654e+03 1.096708e+04  
5.642908e-02 3.013865e+03 5.454483e+03 7.339075e+03 1.086505e+04  
5.721568e-02 2.986088e+03 5.403990e+03 7.271181e+03 1.076560e+04  
5.801323e-02 2.958889e+03 5.354546e+03 7.204714e+03 1.066834e+04  
5.882190e-02 2.932145e+03 5.305927e+03 7.139377e+03 1.057283e+04  
5.964185e-02 2.905720e+03 5.257889e+03 7.074840e+03 1.047859e+04  
6.047322e-02 2.879466e+03 5.210166e+03 7.010746e+03 1.038507e+04  
6.131619e-02 2.853226e+03 5.162475e+03 6.946717e+03 1.029171e+04  
6.217090e-02 2.826873e+03 5.114594e+03 6.882450e+03 1.019807e+04  
6.303753e-02 2.800297e+03 5.066319e+03 6.817675e+03 1.010374e+04  
6.391624e-02 2.773375e+03 5.017436e+03 6.752101e+03 1.000828e+04  
6.480720e-02 2.745976e+03 4.967708e+03 6.685411e+03 9.911211e+03  
6.571058e-02 2.717962e+03 4.916889e+03 6.617274e+03 9.812044e+03  
6.662655e-02 2.689217e+03 4.864773e+03 6.547412e+03 9.710355e+03  
6.755528e-02 2.659633e+03 4.811169e+03 6.475568e+03 9.605755e+03  
6.849697e-02 2.629096e+03 4.755873e+03 6.401467e+03 9.497825e+03  
6.945178e-02 2.597483e+03 4.698666e+03 6.324814e+03 9.386116e+03  
7.041990e-02 2.564683e+03 4.639354e+03 6.245347e+03 9.270227e+03  
7.140151e-02 2.530647e+03 4.577852e+03 6.162951e+03 9.149976e+03  
7.239681e-02 2.495339e+03 4.514093e+03 6.077536e+03 9.025220e+03  
7.340598e-02 2.458717e+03 4.448010e+03 5.989011e+03 8.895811e+03  
7.442922e-02 2.420749e+03 4.379543e+03 5.897292e+03 8.761615e+03  
7.546673e-02 2.381449e+03 4.308724e+03 5.802423e+03 8.622685e+03  
7.651869e-02 2.340868e+03 4.235645e+03 5.704527e+03 8.479197e+03  
7.758532e-02 2.299064e+03 4.160410e+03 5.603741e+03 8.331349e+03  
7.866682e-02 2.256101e+03 4.083137e+03 5.500226e+03 8.179372e+03  
7.976339e-02 2.212083e+03 4.004014e+03 5.394233e+03 8.023634e+03  
8.087525e-02 2.167150e+03 3.923291e+03 5.286096e+03 7.864635e+03  
8.200261e-02 2.121453e+03 3.841242e+03 5.176184e+03 7.702921e+03  
8.314568e-02 2.075159e+03 3.758162e+03 5.064895e+03 7.539088e+03  
8.430468e-02 2.028440e+03 3.674361e+03 4.952645e+03 7.373757e+03  
8.547985e-02 1.981477e+03 3.590165e+03 4.839872e+03 7.207586e+03  
8.667139e-02 1.934470e+03 3.505925e+03 4.727050e+03 7.041288e+03  
8.787954e-02 1.887624e+03 3.422013e+03 4.614675e+03 6.875612e+03  
8.910453e-02 1.841138e+03 3.338779e+03 4.503224e+03 6.711275e+03  
9.034660e-02 1.795219e+03 3.256592e+03 4.393189e+03 6.549021e+03  
9.160598e-02 1.750087e+03 3.175843e+03 4.285098e+03 6.389649e+03  
9.288292e-02 1.705951e+03 3.096902e+03 4.179449e+03 6.233913e+03  
9.417766e-02 1.663001e+03 3.020106e+03 4.076695e+03 6.082501e+03  
9.549045e-02 1.621438e+03 2.945812e+03 3.977315e+03 5.936141e+03  
9.682153e-02 1.581477e+03 2.874399e+03 3.881820e+03 5.795607e+03  
9.817117e-02 1.543302e+03 2.806191e+03 3.790649e+03 5.661567e+03  
9.953962e-02 1.507033e+03 2.741401e+03 3.704082e+03 5.534454e+03  
1.009272e-01 1.472789e+03 2.680233e+03 3.622398e+03 5.414692e+03  
1.023340e-01 1.440691e+03 2.622900e+03 3.545883e+03 5.302722e+03  
1.037605e-01 1.410801e+03 2.569512e+03 3.474683e+03 5.198773e+03  
1.052069e-01 1.383092e+03 2.520013e+03 3.408725e+03 5.102744e+03  
1.066734e-01 1.357520e+03 2.474323e+03 3.347903e+03 5.014481e+03  
1.081604e-01 1.334030e+03 2.432341e+03 3.292077e+03 4.933786e+03  
1.096681e-01 1.312494e+03 2.393837e+03 3.240941e+03 4.860202e+03  
1.111968e-01 1.292726e+03 2.358478e+03 3.194048e+03 4.793064e+03  
1.127468e-01 1.274521e+03 2.325898e+03 3.150905e+03 4.731631e+03  
1.143184e-01 1.257654e+03 2.295695e+03 3.110972e+03 4.675092e+03  
1.159120e-01 1.241881e+03 2.267438e+03 3.073669e+03 4.622572e+03  
1.175277e-01 1.226938e+03 2.240657e+03 3.038364e+03 4.573112e+03  
1.191660e-01 1.212542e+03 2.214849e+03 3.004378e+03 4.525682e+03  
1.208271e-01 1.198427e+03 2.189545e+03 2.971080e+03 4.479315e+03  
1.225114e-01 1.184332e+03 2.164282e+03 2.937843e+03 4.433050e+03  
1.242191e-01 1.169974e+03 2.138562e+03 2.903995e+03 4.385849e+03  
1.259506e-01 1.155102e+03 2.111941e+03 2.868934e+03 4.336779e+03  
1.277063e-01 1.139499e+03 2.084038e+03 2.832144e+03 4.285033e+03  
1.294865e-01 1.122936e+03 2.054451e+03 2.793078e+03 4.229754e+03  
1.312915e-01 1.105242e+03 2.022877e+03 2.751324e+03 4.170288e+03  
1.331216e-01 1.086328e+03 1.989164e+03 2.706670e+03 4.106289e+03  
1.349772e-01 1.066109e+03 1.953162e+03 2.658915e+03 4.037426e+03  
1.368587e-01 1.044579e+03 1.914865e+03 2.608042e+03 3.963660e+03  
1.387665e-01 1.021833e+03 1.874441e+03 2.554279e+03 3.885324e+03  
1.407008e-01 9.979847e+02 1.832093e+03 2.497897e+03 3.802829e+03  
1.426621e-01 9.732118e+02 1.788135e+03 2.439323e+03 3.716828e+03  
1.446507e-01 9.477520e+02 1.742989e+03 2.379123e+03 3.628195e+03  
1.466671e-01 9.218641e+02 1.697111e+03 2.317917e+03 3.537888e+03  
1.487115e-01 8.958272e+02 1.650993e+03 2.256371e+03 3.446943e+03  
1.507845e-01 8.699431e+02 1.605166e+03 2.195205e+03 3.356476e+03  
1.528864e-01 8.445165e+02 1.560166e+03 2.135143e+03 3.267619e+03  
1.550175e-01 8.198310e+02 1.516490e+03 2.076860e+03 3.181419e+03  
1.571784e-01 7.961797e+02 1.474653e+03 2.021050e+03 3.098959e+03  
1.593694e-01 7.738080e+02 1.435082e+03 1.968294e+03 3.021143e+03  
1.615909e-01 7.529337e+02 1.398157e+03 1.919105e+03 2.948771e+03  
1.638434e-01 7.337302e+02 1.364179e+03 1.873891e+03 2.882481e+03  
1.661273e-01 7.162560e+02 1.333248e+03 1.832784e+03 2.822485e+03  
1.684430e-01 7.005357e+02 1.305403e+03 1.795840e+03 2.768876e+03  
1.707910e-01 6.864711e+02 1.280468e+03 1.762822e+03 2.721296e+03  
1.731717e-01 6.739010e+02 1.258159e+03 1.733346e+03 2.679157e+03  
1.755856e-01 6.626107e+02 1.238097e+03 1.706901e+03 2.641675e+03  
1.780332e-01 6.523311e+02 1.219809e+03 1.682848e+03 2.607867e+03  
1.805149e-01 6.427798e+02 1.202798e+03 1.660518e+03 2.576693e+03  
1.830312e-01 6.336699e+02 1.186564e+03 1.639230e+03 2.547099e+03  
1.855825e-01 6.247080e+02 1.170591e+03 1.618288e+03 2.517994e+03  
1.881694e-01 6.156176e+02 1.154397e+03 1.597037e+03 2.488348e+03  
1.907924e-01 6.061281e+02 1.137509e+03 1.574832e+03 2.457146e+03  
1.934520e-01 5.960221e+02 1.119548e+03 1.551157e+03 2.423566e+03  
1.961486e-01 5.851126e+02 1.100188e+03 1.525567e+03 2.386898e+03  
1.988828e-01 5.733187e+02 1.079290e+03 1.497870e+03 2.346828e+03  
2.016551e-01 5.606194e+02 1.056818e+03 1.468017e+03 2.303270e+03  
2.044661e-01 5.471286e+02 1.032973e+03 1.436280e+03 2.256647e+03  
2.073162e-01 5.330207e+02 1.008062e+03 1.403074e+03 2.207615e+03  
2.102061e-01 5.185411e+02 9.825137e+02 1.368984e+03 2.157096e+03  
2.131362e-01 5.039592e+02 9.567990e+02 1.334651e+03 2.106105e+03  
2.161073e-01 4.895497e+02 9.313966e+02 1.300726e+03 2.055673e+03  
2.191197e-01 4.755760e+02 9.067650e+02 1.267833e+03 2.006786e+03  
2.221741e-01 4.622744e+02 8.833136e+02 1.236528e+03 1.960321e+03  
2.252711e-01 4.498324e+02 8.613671e+02 1.207251e+03 1.916975e+03  
2.284112e-01 4.383859e+02 8.411590e+02 1.180320e+03 1.877247e+03  
2.315951e-01 4.279855e+02 8.227747e+02 1.155849e+03 1.841318e+03  
2.348235e-01 4.186172e+02 8.061871e+02 1.133801e+03 1.809135e+03  
2.380968e-01 4.101838e+02 7.912254e+02 1.113946e+03 1.780334e+03  
2.414157e-01 4.025354e+02 7.776276e+02 1.095928e+03 1.754360e+03  
2.447809e-01 3.954736e+02 7.650484e+02 1.079278e+03 1.730481e+03  
2.481930e-01 3.887690e+02 7.530897e+02 1.063458e+03 1.707845e+03  
2.516527e-01 3.821782e+02 7.413292e+02 1.047892e+03 1.685549e+03  
2.551606e-01 3.754633e+02 7.293553e+02 1.032022e+03 1.662709e+03  
2.587174e-01 3.684360e+02 7.168428e+02 1.015406e+03 1.638621e+03  
2.623238e-01 3.609762e+02 7.035845e+02 9.977599e+02 1.612838e+03  
2.659804e-01 3.530651e+02 6.895497e+02 9.790431e+02 1.585292e+03  
2.696881e-01 3.447668e+02 6.748504e+02 9.594080e+02 1.556226e+03  
2.734474e-01 3.362054e+02 6.597022e+02 9.391485e+02 1.526108e+03  
2.772591e-01 3.275395e+02 6.443801e+02 9.186393e+02 1.495534e+03  
2.811239e-01 3.189363e+02 6.291730e+02 8.982737e+02 1.465131e+03  
2.850426e-01 3.105667e+02 6.143752e+02 8.784523e+02 1.435532e+03  
2.890160e-01 3.025952e+02 6.002692e+02 8.595582e+02 1.407345e+03  
2.930447e-01 2.951468e+02 5.870688e+02 8.418813e+02 1.381025e+03  
2.971296e-01 2.882873e+02 5.748851e+02 8.255718e+02 1.356809e+03  
3.012714e-01 2.820075e+02 5.637004e+02 8.106046e+02 1.334656e+03  
3.054710e-01 2.762216e+02 5.533657e+02 7.967775e+02 1.314247e+03  
3.097291e-01 2.708039e+02 5.436642e+02 7.837963e+02 1.295118e+03  
3.140465e-01 2.656172e+02 5.343597e+02 7.713408e+02 1.276766e+03  
3.184242e-01 2.605237e+02 5.252160e+02 7.590911e+02 1.258687e+03  
3.228628e-01 2.553973e+02 5.160173e+02 7.467547e+02 1.240423e+03  
3.273634e-01 2.501438e+02 5.066028e+02 7.341142e+02 1.221631e+03  
3.319266e-01 2.447198e+02 4.968996e+02 7.210714e+02 1.202161e+03  
3.365535e-01 2.391472e+02 4.869457e+02 7.076786e+02 1.182097e+03  
3.412449e-01 2.335045e+02 4.768763e+02 6.941198e+02 1.161732e+03  
3.460016e-01 2.278966e+02 4.668707e+02 6.806384e+02 1.141451e+03  
3.508247e-01 2.224251e+02 4.571017e+02 6.674685e+02 1.121622e+03  
3.557150e-01 2.171760e+02 4.477154e+02 6.548074e+02 1.102555e+03  
3.606735e-01 2.122110e+02 4.388154e+02 6.427946e+02 1.084467e+03  
3.657011e-01 2.075509e+02 4.304362e+02 6.314761e+02 1.067429e+03  
3.707988e-01 2.031727e+02 4.225371e+02 6.207965e+02 1.051352e+03  
3.759675e-01 1.990151e+02 4.150138e+02 6.106146e+02 1.036016e+03  
3.812083e-01 1.950021e+02 4.077367e+02 6.007556e+02 1.021147e+03  
3.865221e-01 1.910620e+02 4.005846e+02 5.910563e+02 1.006493e+03  
3.919100e-01 1.871342e+02 3.934552e+02 5.813793e+02 9.918420e+02  
3.973730e-01 1.831802e+02 3.862839e+02 5.716383e+02 9.770616e+02  
4.029122e-01 1.791956e+02 3.790640e+02 5.618252e+02 9.621418e+02  
4.085286e-01 1.752189e+02 3.718606e+02 5.520278e+02 9.472211e+02  
4.142232e-01 1.713071e+02 3.647697e+02 5.423755e+02 9.325009e+02  
4.199973e-01 1.675043e+02 3.578653e+02 5.329677e+02 9.181349e+02  
4.258518e-01 1.638434e+02 3.512019e+02 5.238772e+02 9.042348e+02  
4.317880e-01 1.603409e+02 3.448067e+02 5.151400e+02 8.908552e+02  
4.378069e-01 1.569997e+02 3.386834e+02 5.067607e+02 8.780017e+02  
4.439097e-01 1.537885e+02 3.327795e+02 4.986688e+02 8.655657e+02  
4.500975e-01 1.506626e+02 3.270200e+02 4.907639e+02 8.533939e+02  
4.563716e-01 1.475885e+02 3.213490e+02 4.829720e+02 8.413740e+02  
4.627332e-01 1.445520e+02 3.157431e+02 4.752618e+02 8.294599e+02  
4.691835e-01 1.415417e+02 3.101836e+02 4.676091e+02 8.176159e+02  
4.757236e-01 1.385604e+02 3.046752e+02 4.600205e+02 8.058537e+02  
4.823549e-01 1.356359e+02 2.992640e+02 4.525571e+02 7.942663e+02  
4.890787e-01 1.327957e+02 2.939952e+02 4.452793e+02 7.829444e+02  
4.958962e-01 1.300443e+02 2.888757e+02 4.381956e+02 7.719007e+02  
5.028087e-01 1.273871e+02 2.839140e+02 4.313175e+02 7.611515e+02  
5.098176e-01 1.248164e+02 2.790973e+02 4.246274e+02 7.506702e+02  
5.169242e-01 1.223168e+02 2.743998e+02 4.180913e+02 7.404060e+02  
5.241298e-01 1.198668e+02 2.697862e+02 4.116630e+02 7.302905e+02  
5.314359e-01 1.174603e+02 2.652469e+02 4.053296e+02 7.203053e+02  
5.388438e-01 1.150942e+02 2.607764e+02 3.990846e+02 7.104414e+02  
5.463550e-01 1.127714e+02 2.563796e+02 3.929343e+02 7.007085e+02  
5.539709e-01 1.105025e+02 2.520736e+02 3.869009e+02 6.911394e+02  
5.616930e-01 1.082966e+02 2.478729e+02 3.810035e+02 6.817616e+02  
5.695227e-01 1.061508e+02 2.437726e+02 3.752354e+02 6.725651e+02  
5.774615e-01 1.040634e+02 2.397694e+02 3.695925e+02 6.635435e+02  
5.855110e-01 1.020293e+02 2.358553e+02 3.640640e+02 6.546812e+02  
5.936727e-01 1.000392e+02 2.320150e+02 3.586302e+02 6.459500e+02  
6.019482e-01 9.808944e+01 2.282427e+02 3.532835e+02 6.373393e+02  
6.103390e-01 9.618052e+01 2.245391e+02 3.480251e+02 6.288507e+02  
6.188468e-01 9.431192e+01 2.209032e+02 3.428536e+02 6.204825e+02  
6.274732e-01 9.248876e+01 2.173430e+02 3.377793e+02 6.122490e+02  
6.362198e-01 9.071156e+01 2.138592e+02 3.328029e+02 6.041508e+02  
6.450884e-01 8.897766e+01 2.104474e+02 3.279186e+02 5.961798e+02  
6.540806e-01 8.728515e+01 2.071044e+02 3.231224e+02 5.883302e+02  
6.631981e-01 8.563138e+01 2.038259e+02 3.184087e+02 5.805941e+02  
6.724427e-01 8.401217e+01 2.006052e+02 3.137693e+02 5.729600e+02  
6.818162e-01 8.242758e+01 1.974425e+02 3.092039e+02 5.654279e+02  
6.913204e-01 8.087841e+01 1.943387e+02 3.047140e+02 5.579995e+02  
7.009570e-01 7.936534e+01 1.912949e+02 3.003008e+02 5.506760e+02  
7.107280e-01 7.788780e+01 1.883099e+02 2.959627e+02 5.434553e+02  
7.206351e-01 7.644419e+01 1.853812e+02 2.916964e+02 5.363328e+02  
7.306804e-01 7.503272e+01 1.825058e+02 2.874984e+02 5.293034e+02  
7.408657e-01 7.365170e+01 1.796812e+02 2.833652e+02 5.223627e+02  
7.511929e-01 7.230059e+01 1.769064e+02 2.792957e+02 5.155088e+02  
7.616642e-01 7.097902e+01 1.741807e+02 2.752890e+02 5.087404e+02  
7.722814e-01 6.968654e+01 1.715033e+02 2.713439e+02 5.020560e+02  
7.830465e-01 6.842255e+01 1.688731e+02 2.674593e+02 4.954537e+02  
7.939618e-01 6.718626e+01 1.662890e+02 2.636333e+02 4.889312e+02  
8.050292e-01 6.597675e+01 1.637493e+02 2.598643e+02 4.824858e+02  
8.162509e-01 6.479306e+01 1.612526e+02 2.561501e+02 4.761152e+02  
8.276289e-01 6.363452e+01 1.587977e+02 2.524896e+02 4.698172e+02  
8.391656e-01 6.250058e+01 1.563838e+02 2.488815e+02 4.635904e+02  
8.508632e-01 6.139060e+01 1.540098e+02 2.453244e+02 4.574329e+02  
8.627237e-01 6.030392e+01 1.516746e+02 2.418172e+02 4.513430e+02  
8.747496e-01 5.924001e+01 1.493774e+02 2.383586e+02 4.453192e+02  
8.869432e-01 5.819829e+01 1.471173e+02 2.349476e+02 4.393598e+02  
8.993067e-01 5.717811e+01 1.448931e+02 2.315827e+02 4.334632e+02  
9.118425e-01 5.617889e+01 1.427040e+02 2.282630e+02 4.276279e+02  
9.245531e-01 5.520017e+01 1.405493e+02 2.249875e+02 4.218526e+02  
9.374409e-01 5.424140e+01 1.384280e+02 2.217551e+02 4.161360e+02  
9.505083e-01 5.330198e+01 1.363392e+02 2.185647e+02 4.104766e+02  
9.637579e-01 5.238145e+01 1.342823e+02 2.154153e+02 4.048733e+02  
9.771921e-01 5.147935e+01 1.322564e+02 2.123062e+02 3.993249e+02  
9.908137e-01 5.059512e+01 1.302607e+02 2.092363e+02 3.938302e+02  
1.004625e+00 4.972827e+01 1.282945e+02 2.062046e+02 3.883880e+02  
1.018629e+00 4.887842e+01 1.263571e+02 2.032105e+02 3.829974e+02  
1.032828e+00 4.804513e+01 1.244479e+02 2.002531e+02 3.776574e+02  
1.047225e+00 4.722794e+01 1.225663e+02 1.973317e+02 3.723672e+02  
1.061823e+00 4.642645e+01 1.207114e+02 1.944455e+02 3.671258e+02  
1.076624e+00 4.564027e+01 1.188829e+02 1.915938e+02 3.619324e+02  
1.091632e+00 4.486896e+01 1.170800e+02 1.887759e+02 3.567861e+02  
1.106848e+00 4.411209e+01 1.153021e+02 1.859911e+02 3.516862e+02  
1.122277e+00 4.336936e+01 1.135488e+02 1.832387e+02 3.466321e+02  
1.137921e+00 4.264045e+01 1.118195e+02 1.805184e+02 3.416231e+02  
1.153783e+00 4.192501e+01 1.101138e+02 1.778294e+02 3.366586e+02  
1.169866e+00 4.122270e+01 1.084311e+02 1.751712e+02 3.317381e+02  
1.186174e+00 4.053321e+01 1.067711e+02 1.725433e+02 3.268611e+02  
1.202708e+00 3.985622e+01 1.051331e+02 1.699452e+02 3.220269e+02  
1.219473e+00 3.919134e+01 1.035168e+02 1.673763e+02 3.172352e+02  
1.236472e+00 3.853831e+01 1.019217e+02 1.648362e+02 3.124854e+02  
1.253708e+00 3.789685e+01 1.003474e+02 1.623245e+02 3.077772e+02  
1.271184e+00 3.726664e+01 9.879346e+01 1.598407e+02 3.031103e+02  
1.288904e+00 3.664741e+01 9.725955e+01 1.573843e+02 2.984843e+02  
1.306870e+00 3.603892e+01 9.574531e+01 1.549550e+02 2.938989e+02  
1.325087e+00 3.544091e+01 9.425039e+01 1.525525e+02 2.893538e+02  
1.343558e+00 3.485313e+01 9.277443e+01 1.501764e+02 2.848489e+02  
1.362287e+00 3.427532e+01 9.131711e+01 1.478263e+02 2.803839e+02  
1.381276e+00 3.370729e+01 8.987814e+01 1.455019e+02 2.759586e+02  
1.400531e+00 3.314879e+01 8.845720e+01 1.432030e+02 2.715728e+02  
1.420053e+00 3.259958e+01 8.705398e+01 1.409292e+02 2.672265e+02  
1.439848e+00 3.205946e+01 8.566822e+01 1.386802e+02 2.629195e+02  
1.459919e+00 3.152824e+01 8.429964e+01 1.364558e+02 2.586518e+02  
1.480269e+00 3.100569e+01 8.294798e+01 1.342557e+02 2.544232e+02  
1.500903e+00 3.049161e+01 8.161298e+01 1.320797e+02 2.502337e+02  
1.521825e+00 2.998583e+01 8.029441e+01 1.299275e+02 2.460833e+02  
1.543038e+00 2.948817e+01 7.899204e+01 1.277989e+02 2.419720e+02  
1.564548e+00 2.899843e+01 7.770563e+01 1.256938e+02 2.378997e+02  
1.586357e+00 2.851645e+01 7.643498e+01 1.236119e+02 2.338666e+02  
1.608469e+00 2.804208e+01 7.517990e+01 1.215530e+02 2.298726e+02  
1.630891e+00 2.757516e+01 7.394018e+01 1.195169e+02 2.259178e+02  
1.653624e+00 2.711550e+01 7.271561e+01 1.175036e+02 2.220023e+02  
1.676675e+00 2.666298e+01 7.150602e+01 1.155127e+02 2.181261e+02  
1.700047e+00 2.621745e+01 7.031125e+01 1.135442e+02 2.142893e+02  
1.723745e+00 2.577875e+01 6.913110e+01 1.115979e+02 2.104921e+02  
1.747773e+00 2.534675e+01 6.796542e+01 1.096737e+02 2.067345e+02  
1.772136e+00 2.492132e+01 6.681404e+01 1.077714e+02 2.030166e+02  
1.796838e+00 2.450232e+01 6.567682e+01 1.058909e+02 1.993385e+02  
1.821885e+00 2.408963e+01 6.455360e+01 1.040320e+02 1.957005e+02  
1.847281e+00 2.368313e+01 6.344424e+01 1.021948e+02 1.921025e+02  
1.873032e+00 2.328271e+01 6.234861e+01 1.003790e+02 1.885447e+02  
1.899141e+00 2.288826e+01 6.126658e+01 9.858450e+01 1.850273e+02  
1.925614e+00 2.249966e+01 6.019801e+01 9.681127e+01 1.815503e+02  
1.952456e+00 2.211681e+01 5.914280e+01 9.505919e+01 1.781140e+02  
1.979672e+00 2.173961e+01 5.810080e+01 9.332815e+01 1.747183e+02  
2.007267e+00 2.136794e+01 5.707191e+01 9.161807e+01 1.713635e+02  
2.035248e+00 2.100172e+01 5.605600e+01 8.992885e+01 1.680497e+02  
2.063618e+00 2.064084e+01 5.505297e+01 8.826041e+01 1.647769e+02  
2.092383e+00 2.028523e+01 5.406271e+01 8.661268e+01 1.615452e+02  
2.121550e+00 1.993478e+01 5.308512e+01 8.498555e+01 1.583548e+02  
2.151123e+00 1.958942e+01 5.212010e+01 8.337897e+01 1.552058e+02  
2.181109e+00 1.924907e+01 5.116755e+01 8.179285e+01 1.520982e+02  
2.211512e+00 1.891363e+01 5.022738e+01 8.022712e+01 1.490320e+02  
2.242340e+00 1.858304e+01 4.929948e+01 7.868171e+01 1.460074e+02  
2.273597e+00 1.825722e+01 4.838376e+01 7.715654e+01 1.430244e+02  
2.305289e+00 1.793610e+01 4.748015e+01 7.565153e+01 1.400830e+02  
2.337424e+00 1.761961e+01 4.658855e+01 7.416663e+01 1.371832e+02  
2.370006e+00 1.730766e+01 4.570886e+01 7.270175e+01 1.343250e+02  
2.403043e+00 1.700021e+01 4.484102e+01 7.125683e+01 1.315084e+02  
2.436540e+00 1.669718e+01 4.398493e+01 6.983180e+01 1.287334e+02  
2.470504e+00 1.639850e+01 4.314051e+01 6.842658e+01 1.260000e+02  
2.504942e+00 1.610412e+01 4.230767e+01 6.704110e+01 1.233080e+02  
2.539859e+00 1.581398e+01 4.148636e+01 6.567528e+01 1.206574e+02  
2.575263e+00 1.552803e+01 4.067647e+01 6.432906e+01 1.180482e+02  
2.611161e+00 1.524620e+01 3.987794e+01 6.300236e+01 1.154801e+02  
2.647559e+00 1.496844e+01 3.909069e+01 6.169509e+01 1.129531e+02  
2.684465e+00 1.469470e+01 3.831464e+01 6.040718e+01 1.104671e+02  
2.721885e+00 1.442491e+01 3.754972e+01 5.913855e+01 1.080218e+02  
2.759826e+00 1.415903e+01 3.679584e+01 5.788912e+01 1.056172e+02  
2.798297e+00 1.389702e+01 3.605294e+01 5.665879e+01 1.032529e+02  
2.837304e+00 1.363882e+01 3.532095e+01 5.544748e+01 1.009289e+02  
2.876854e+00 1.338439e+01 3.459978e+01 5.425510e+01 9.864488e+01  
2.916956e+00 1.313369e+01 3.388936e+01 5.308155e+01 9.640062e+01  
2.957617e+00 1.288666e+01 3.318963e+01 5.192674e+01 9.419585e+01  
2.998844e+00 1.264327e+01 3.250050e+01 5.079056e+01 9.203034e+01  
3.040646e+00 1.240346e+01 3.182190e+01 4.967291e+01 8.990378e+01  
3.083031e+00 1.216720e+01 3.115377e+01 4.857368e+01 8.781589e+01  
3.126007e+00 1.193445e+01 3.049601e+01 4.749277e+01 8.576637e+01  
3.169582e+00 1.170516e+01 2.984857e+01 4.643005e+01 8.375489e+01  
3.213764e+00 1.147930e+01 2.921137e+01 4.538542e+01 8.178113e+01  
3.258562e+00 1.125683e+01 2.858433e+01 4.435873e+01 7.984474e+01  
3.303985e+00 1.103771e+01 2.796738e+01 4.334988e+01 7.794537e+01  
3.350041e+00 1.082189e+01 2.736044e+01 4.235873e+01 7.608266e+01  
3.396739e+00 1.060936e+01 2.676344e+01 4.138515e+01 7.425623e+01  
3.444087e+00 1.040007e+01 2.617630e+01 4.042899e+01 7.246570e+01  
3.492096e+00 1.019398e+01 2.559895e+01 3.949012e+01 7.071068e+01  
3.540774e+00 9.991055e+00 2.503130e+01 3.856839e+01 6.899077e+01  
3.590130e+00 9.791270e+00 2.447327e+01 3.766365e+01 6.730556e+01  
3.640175e+00 9.594585e+00 2.392480e+01 3.677576e+01 6.565464e+01  
3.690917e+00 9.400968e+00 2.338579e+01 3.590454e+01 6.403758e+01  
3.742366e+00 9.210385e+00 2.285618e+01 3.504985e+01 6.245396e+01  
3.794533e+00 9.022805e+00 2.233587e+01 3.421152e+01 6.090335e+01  
3.847427e+00 8.838193e+00 2.182479e+01 3.338939e+01 5.938531e+01  
3.901058e+00 8.656520e+00 2.132285e+01 3.258327e+01 5.789940e+01  
3.955436e+00 8.477753e+00 2.082996e+01 3.179300e+01 5.644516e+01  
4.010573e+00 8.301860e+00 2.034605e+01 3.101841e+01 5.502216e+01  
4.066478e+00 8.128812e+00 1.987103e+01 3.025931e+01 5.362994e+01  
4.123163e+00 7.958577e+00 1.940480e+01 2.951552e+01 5.226804e+01  
4.180637e+00 7.791126e+00 1.894729e+01 2.878687e+01 5.093602e+01  
4.238913e+00 7.626428e+00 1.849840e+01 2.807315e+01 4.963340e+01  
4.298001e+00 7.464453e+00 1.805804e+01 2.737419e+01 4.835973e+01  
4.357913e+00 7.305173e+00 1.762612e+01 2.668979e+01 4.711456e+01  
4.418660e+00 7.148557e+00 1.720256e+01 2.601976e+01 4.589741e+01  
4.480254e+00 6.994577e+00 1.678725e+01 2.536391e+01 4.470784e+01  
4.542706e+00 6.843203e+00 1.638011e+01 2.472204e+01 4.354537e+01  
4.606029e+00 6.694407e+00 1.598103e+01 2.409396e+01 4.240955e+01  
4.670234e+00 6.548161e+00 1.558993e+01 2.347946e+01 4.129993e+01  
4.735335e+00 6.404436e+00 1.520670e+01 2.287834e+01 4.021604e+01  
4.801343e+00 6.263203e+00 1.483125e+01 2.229042e+01 3.915742e+01  
4.868271e+00 6.124436e+00 1.446349e+01 2.171548e+01 3.812364e+01  
4.936132e+00 5.988106e+00 1.410331e+01 2.115333e+01 3.711423e+01  
5.004939e+00 5.854185e+00 1.375061e+01 2.060377e+01 3.612874e+01  
5.074705e+00 5.722646e+00 1.340529e+01 2.006659e+01 3.516673e+01  
5.145444e+00 5.593462e+00 1.306726e+01 1.954159e+01 3.422777e+01  
5.217169e+00 5.466604e+00 1.273642e+01 1.902857e+01 3.331140e+01  
5.289893e+00 5.342046e+00 1.241265e+01 1.852734e+01 3.241719e+01  
5.363631e+00 5.219762e+00 1.209586e+01 1.803769e+01 3.154471e+01  
5.438397e+00 5.099723e+00 1.178595e+01 1.755941e+01 3.069354e+01  
5.514206e+00 4.981903e+00 1.148282e+01 1.709232e+01 2.986324e+01  
5.591071e+00 4.866275e+00 1.118635e+01 1.663621e+01 2.905340e+01  
5.669007e+00 4.752813e+00 1.089646e+01 1.619089e+01 2.826360e+01  
5.748030e+00 4.641490e+00 1.061303e+01 1.575615e+01 2.749344e+01  
5.828155e+00 4.532280e+00 1.033597e+01 1.533181e+01 2.674250e+01  
5.909396e+00 4.425157e+00 1.006517e+01 1.491767e+01 2.601038e+01  
5.991770e+00 4.320093e+00 9.800532e+00 1.451353e+01 2.529669e+01  
6.075292e+00 4.217064e+00 9.541948e+00 1.411922e+01 2.460103e+01  
6.159978e+00 4.116043e+00 9.289318e+00 1.373452e+01 2.392303e+01  
6.245845e+00 4.017004e+00 9.042541e+00 1.335927e+01 2.326229e+01  
6.332908e+00 3.919921e+00 8.801515e+00 1.299327e+01 2.261844e+01  
6.421186e+00 3.824769e+00 8.566140e+00 1.263633e+01 2.199112e+01  
6.510694e+00 3.731522e+00 8.336314e+00 1.228828e+01 2.137994e+01  
6.601449e+00 3.640153e+00 8.111937e+00 1.194893e+01 2.078457e+01  
6.693470e+00 3.550639e+00 7.892910e+00 1.161810e+01 2.020463e+01  
6.786773e+00 3.462952e+00 7.679135e+00 1.129562e+01 1.963979e+01  
6.881377e+00 3.377068e+00 7.470513e+00 1.098132e+01 1.908970e+01  
6.977300e+00 3.292962e+00 7.266946e+00 1.067501e+01 1.855401e+01  
7.074559e+00 3.210608e+00 7.068338e+00 1.037653e+01 1.803241e+01  
7.173175e+00 3.129981e+00 6.874593e+00 1.008572e+01 1.752456e+01  
7.273165e+00 3.051056e+00 6.685615e+00 9.802393e+00 1.703014e+01  
7.374549e+00 2.973808e+00 6.501311e+00 9.526401e+00 1.654883e+01  
7.477346e+00 2.898212e+00 6.321588e+00 9.257577e+00 1.608034e+01  
7.581576e+00 2.824244e+00 6.146352e+00 8.995763e+00 1.562434e+01  
7.687260e+00 2.751879e+00 5.975512e+00 8.740801e+00 1.518055e+01  
7.794416e+00 2.681091e+00 5.808979e+00 8.492537e+00 1.474867e+01  
7.903066e+00 2.611857e+00 5.646662e+00 8.250819e+00 1.432841e+01  
8.013230e+00 2.544152e+00 5.488474e+00 8.015498e+00 1.391949e+01  
8.124930e+00 2.477951e+00 5.334326e+00 7.786425e+00 1.352164e+01  
8.238187e+00 2.413231e+00 5.184133e+00 7.563456e+00 1.313457e+01  
8.353023e+00 2.349967e+00 5.037811e+00 7.346448e+00 1.275804e+01  
8.469460e+00 2.288135e+00 4.895273e+00 7.135261e+00 1.239177e+01  
8.587519e+00 2.227712e+00 4.756439e+00 6.929758e+00 1.203551e+01  
8.707225e+00 2.168673e+00 4.621227e+00 6.729803e+00 1.168901e+01  
8.828599e+00 2.110995e+00 4.489555e+00 6.535263e+00 1.135203e+01  
8.951665e+00 2.054655e+00 4.361345e+00 6.346009e+00 1.102432e+01  
9.076446e+00 1.999628e+00 4.236518e+00 6.161912e+00 1.070566e+01  
9.202967e+00 1.945892e+00 4.114999e+00 5.982846e+00 1.039580e+01  
9.331251e+00 1.893424e+00 3.996710e+00 5.808688e+00 1.009453e+01  
9.461324e+00 1.842200e+00 3.881577e+00 5.639317e+00 9.801626e+00  
9.593209e+00 1.792199e+00 3.769528e+00 5.474615e+00 9.516873e+00  
9.726934e+00 1.743396e+00 3.660490e+00 5.314466e+00 9.240059e+00  
9.862522e+00 1.695771e+00 3.554392e+00 5.158755e+00 8.970981e+00  
1.000000e+01 1.649300e+00 3.451165e+00 5.007372e+00 8.709435e+00  
