1.000000e-02 5.207739e+03 9.473075e+03 1.278882e+04 1.899649e+04  
1.013939e-02 5.236805e+03 9.525749e+03 1.285973e+04 1.910136e+04  
1.028073e-02 5.265434e+03 9.577624e+03 1.292956e+04 1.920460e+04  
1.042404e-02 5.293608e+03 9.628664e+03 1.299826e+04 1.930615e+04  
1.056935e-02 5.321306e+03 9.678835e+03 1.306578e+04 1.940594e+04  
1.071668e-02 5.348509e+03 9.728100e+03 1.313208e+04 1.950390e+04  
1.086606e-02 5.375198e+03 9.776424e+03 1.319710e+04 1.959995e+04  
1.101753e-02 5.401353e+03 9.823771e+03 1.326079e+04 1.969402e+04  
1.117111e-02 5.426954e+03 9.870107e+03 1.332312e+04 1.978605e+04  
1.132683e-02 5.451984e+03 9.915398e+03 1.338403e+04 1.987597e+04  
1.148472e-02 5.476424e+03 9.959609e+03 1.344347e+04 1.996370e+04  
1.164481e-02 5.500254e+03 1.000271e+04 1.350141e+04 2.004918e+04  
1.180713e-02 5.523457e+03 1.004466e+04 1.355780e+04 2.013235e+04  
1.197171e-02 5.546013e+03 1.008543e+04 1.361258e+04 2.021313e+04  
1.213859e-02 5.567905e+03 1.012498e+04 1.366572e+04 2.029146e+04  
1.230780e-02 5.589111e+03 1.016329e+04 1.371717e+04 2.036725e+04  
1.247936e-02 5.609608e+03 1.020030e+04 1.376686e+04 2.044044e+04  
1.265332e-02 5.629376e+03 1.023597e+04 1.381475e+04 2.051094e+04  
1.282970e-02 5.648393e+03 1.027028e+04 1.386079e+04 2.057867e+04  
1.300854e-02 5.666637e+03 1.030317e+04 1.390491e+04 2.064355e+04  
1.318987e-02 5.684087e+03 1.033462e+04 1.394708e+04 2.070552e+04  
1.337373e-02 5.700722e+03 1.036457e+04 1.398723e+04 2.076448e+04  
1.356015e-02 5.716520e+03 1.039300e+04 1.402531e+04 2.082037e+04  
1.374917e-02 5.731457e+03 1.041986e+04 1.406127e+04 2.087309e+04  
1.394083e-02 5.745514e+03 1.044511e+04 1.409506e+04 2.092258e+04  
1.413516e-02 5.758666e+03 1.046872e+04 1.412661e+04 2.096874e+04  
1.433219e-02 5.770894e+03 1.049063e+04 1.415588e+04 2.101151e+04  
1.453198e-02 5.782177e+03 1.051082e+04 1.418282e+04 2.105081e+04  
1.473454e-02 5.792492e+03 1.052925e+04 1.420738e+04 2.108656e+04  
1.493993e-02 5.801820e+03 1.054588e+04 1.422950e+04 2.111869e+04  
1.514819e-02 5.810138e+03 1.056066e+04 1.424913e+04 2.114712e+04  
1.535935e-02 5.817427e+03 1.057357e+04 1.426623e+04 2.117177e+04  
1.557345e-02 5.823666e+03 1.058457e+04 1.428074e+04 2.119257e+04  
1.579053e-02 5.828836e+03 1.059361e+04 1.429261e+04 2.120946e+04  
1.601064e-02 5.832918e+03 1.060068e+04 1.430181e+04 2.122237e+04  
1.623382e-02 5.835894e+03 1.060573e+04 1.430828e+04 2.123122e+04  
1.646012e-02 5.837746e+03 1.060873e+04 1.431198e+04 2.123596e+04  
1.668956e-02 5.838453e+03 1.060964e+04 1.431287e+04 2.123652e+04  
1.692220e-02 5.837998e+03 1.060844e+04 1.431089e+04 2.123282e+04  
1.715809e-02 5.836362e+03 1.060509e+04 1.430601e+04 2.122481e+04  
1.739726e-02 5.833530e+03 1.059956e+04 1.429819e+04 2.121242e+04  
1.763977e-02 5.829486e+03 1.059182e+04 1.428739e+04 2.119561e+04  
1.788566e-02 5.824216e+03 1.058185e+04 1.427357e+04 2.117432e+04  
1.813498e-02 5.817704e+03 1.056962e+04 1.425670e+04 2.114850e+04  
1.838777e-02 5.809936e+03 1.055510e+04 1.423674e+04 2.111810e+04  
1.864409e-02 5.800897e+03 1.053827e+04 1.421366e+04 2.108306e+04  
1.890397e-02 5.790574e+03 1.051911e+04 1.418742e+04 2.104333e+04  
1.916748e-02 5.778955e+03 1.049758e+04 1.415801e+04 2.099888e+04  
1.943467e-02 5.766031e+03 1.047368e+04 1.412538e+04 2.094968e+04  
1.970558e-02 5.751793e+03 1.044740e+04 1.408954e+04 2.089570e+04  
1.998026e-02 5.736235e+03 1.041871e+04 1.405045e+04 2.083690e+04  
2.025878e-02 5.719349e+03 1.038761e+04 1.400811e+04 2.077328e+04  
2.054117e-02 5.701131e+03 1.035409e+04 1.396249e+04 2.070480e+04  
2.082751e-02 5.681577e+03 1.031814e+04 1.391361e+04 2.063148e+04  
2.111783e-02 5.660687e+03 1.027976e+04 1.386144e+04 2.055329e+04  
2.141220e-02 5.638463e+03 1.023895e+04 1.380601e+04 2.047026e+04  
2.171068e-02 5.614910e+03 1.019574e+04 1.374732e+04 2.038240e+04  
2.201331e-02 5.590033e+03 1.015012e+04 1.368539e+04 2.028974e+04  
2.232016e-02 5.563833e+03 1.010209e+04 1.362022e+04 2.019227e+04  
2.263130e-02 5.536315e+03 1.005168e+04 1.355183e+04 2.009003e+04  
2.294676e-02 5.507484e+03 9.998879e+03 1.348022e+04 1.998303e+04  
2.326663e-02 5.477349e+03 9.943714e+03 1.340542e+04 1.987130e+04  
2.359095e-02 5.445922e+03 9.886206e+03 1.332747e+04 1.975490e+04  
2.391980e-02 5.413219e+03 9.826385e+03 1.324639e+04 1.963388e+04  
2.425323e-02 5.379259e+03 9.764282e+03 1.316225e+04 1.950831e+04  
2.459130e-02 5.344057e+03 9.699930e+03 1.307507e+04 1.937825e+04  
2.493409e-02 5.307634e+03 9.633366e+03 1.298491e+04 1.924378e+04  
2.528166e-02 5.270013e+03 9.564630e+03 1.289183e+04 1.910499e+04  
2.563407e-02 5.231221e+03 9.493774e+03 1.279590e+04 1.896198e+04  
2.599140e-02 5.191290e+03 9.420856e+03 1.269719e+04 1.881486e+04  
2.635371e-02 5.150255e+03 9.345941e+03 1.259579e+04 1.866376e+04  
2.672106e-02 5.108156e+03 9.269102e+03 1.249180e+04 1.850884e+04  
2.709354e-02 5.065026e+03 9.190398e+03 1.238531e+04 1.835021e+04  
2.747121e-02 5.020898e+03 9.109891e+03 1.227639e+04 1.818799e+04  
2.785414e-02 4.975808e+03 9.027647e+03 1.216513e+04 1.802233e+04  
2.824241e-02 4.929800e+03 8.943744e+03 1.205164e+04 1.785338e+04  
2.863610e-02 4.882918e+03 8.858266e+03 1.193604e+04 1.768130e+04  
2.903527e-02 4.835215e+03 8.771308e+03 1.181845e+04 1.750629e+04  
2.944000e-02 4.786748e+03 8.682973e+03 1.169901e+04 1.732855e+04  
2.985038e-02 4.737565e+03 8.593350e+03 1.157784e+04 1.714827e+04  
3.026648e-02 4.687715e+03 8.502528e+03 1.145507e+04 1.696562e+04  
3.068838e-02 4.637250e+03 8.410602e+03 1.133082e+04 1.678079e+04  
3.111616e-02 4.586227e+03 8.317676e+03 1.120522e+04 1.659399e+04  
3.154990e-02 4.534709e+03 8.223864e+03 1.107844e+04 1.640546e+04  
3.198969e-02 4.482765e+03 8.129290e+03 1.095065e+04 1.621544e+04  
3.243561e-02 4.430467e+03 8.034089e+03 1.082202e+04 1.602419e+04  
3.288774e-02 4.377881e+03 7.938377e+03 1.069271e+04 1.583196e+04  
3.334618e-02 4.325062e+03 7.842258e+03 1.056286e+04 1.563895e+04  
3.381101e-02 4.272071e+03 7.745839e+03 1.043262e+04 1.544537e+04  
3.428231e-02 4.218973e+03 7.649238e+03 1.030214e+04 1.525147e+04  
3.476019e-02 4.165836e+03 7.552582e+03 1.017160e+04 1.505750e+04  
3.524473e-02 4.112736e+03 7.456006e+03 1.004118e+04 1.486372e+04  
3.573602e-02 4.059752e+03 7.359655e+03 9.911076e+03 1.467043e+04  
3.623416e-02 4.006959e+03 7.263663e+03 9.781463e+03 1.447789e+04  
3.673925e-02 3.954417e+03 7.168140e+03 9.652496e+03 1.428633e+04  
3.725137e-02 3.902192e+03 7.073204e+03 9.524329e+03 1.409598e+04  
3.777064e-02 3.850351e+03 6.978977e+03 9.397129e+03 1.390709e+04  
3.829714e-02 3.798965e+03 6.885590e+03 9.271073e+03 1.371992e+04  
3.883098e-02 3.748113e+03 6.793181e+03 9.146345e+03 1.353474e+04  
3.937226e-02 3.697875e+03 6.701897e+03 9.023145e+03 1.335185e+04  
3.992109e-02 3.648320e+03 6.611862e+03 8.901637e+03 1.317149e+04  
4.047757e-02 3.599481e+03 6.523137e+03 8.781906e+03 1.299380e+04  
4.104181e-02 3.551389e+03 6.435775e+03 8.664022e+03 1.281887e+04  
4.161391e-02 3.504073e+03 6.349830e+03 8.548058e+03 1.264681e+04  
4.219398e-02 3.457564e+03 6.265356e+03 8.434086e+03 1.247773e+04  
4.278214e-02 3.411890e+03 6.182406e+03 8.322178e+03 1.231174e+04  
4.337850e-02 3.367082e+03 6.101033e+03 8.212406e+03 1.214895e+04  
4.398317e-02 3.323176e+03 6.021302e+03 8.104855e+03 1.198948e+04  
4.459628e-02 3.280228e+03 5.943314e+03 7.999663e+03 1.183353e+04  
4.521792e-02 3.238301e+03 5.867181e+03 7.896980e+03 1.168134e+04  
4.584824e-02 3.197461e+03 5.793023e+03 7.796966e+03 1.153313e+04  
4.648734e-02 3.157776e+03 5.720960e+03 7.699784e+03 1.138915e+04  
4.713535e-02 3.119316e+03 5.651119e+03 7.605604e+03 1.124967e+04  
4.779239e-02 3.082157e+03 5.583633e+03 7.514603e+03 1.111493e+04  
4.845859e-02 3.046337e+03 5.518572e+03 7.426878e+03 1.098508e+04  
4.913407e-02 3.011805e+03 5.455843e+03 7.342302e+03 1.085994e+04  
4.981898e-02 2.978491e+03 5.395316e+03 7.260698e+03 1.073925e+04  
5.051342e-02 2.946310e+03 5.336840e+03 7.181867e+03 1.062272e+04  
5.121755e-02 2.915172e+03 5.280250e+03 7.105584e+03 1.051000e+04  
5.193150e-02 2.884973e+03 5.225360e+03 7.031599e+03 1.040073e+04  
5.265540e-02 2.855612e+03 5.171985e+03 6.959664e+03 1.029455e+04  
5.338938e-02 2.827046e+03 5.120047e+03 6.889673e+03 1.019129e+04  
5.413360e-02 2.799249e+03 5.069501e+03 6.821567e+03 1.009088e+04  
5.488820e-02 2.772195e+03 5.020296e+03 6.755277e+03 9.993210e+03  
5.565331e-02 2.745851e+03 4.972373e+03 6.690723e+03 9.898164e+03  
5.642908e-02 2.720178e+03 4.925664e+03 6.627815e+03 9.805611e+03  
5.721568e-02 2.695125e+03 4.880072e+03 6.566421e+03 9.715357e+03  
5.801323e-02 2.670595e+03 4.835425e+03 6.506310e+03 9.627061e+03  
5.882190e-02 2.646475e+03 4.791520e+03 6.447212e+03 9.540321e+03  
5.964185e-02 2.622645e+03 4.748139e+03 6.388830e+03 9.454698e+03  
6.047322e-02 2.598968e+03 4.705039e+03 6.330841e+03 9.369713e+03  
6.131619e-02 2.575305e+03 4.661966e+03 6.272903e+03 9.284858e+03  
6.217090e-02 2.551540e+03 4.618718e+03 6.214744e+03 9.199727e+03  
6.303753e-02 2.527572e+03 4.575112e+03 6.156119e+03 9.113956e+03  
6.391624e-02 2.503293e+03 4.530952e+03 6.096764e+03 9.027152e+03  
6.480720e-02 2.478581e+03 4.486026e+03 6.036396e+03 8.938891e+03  
6.571058e-02 2.453313e+03 4.440110e+03 5.974714e+03 8.848723e+03  
6.662655e-02 2.427384e+03 4.393018e+03 5.911468e+03 8.756273e+03  
6.755528e-02 2.400695e+03 4.344578e+03 5.846426e+03 8.661194e+03  
6.849697e-02 2.373144e+03 4.294605e+03 5.779340e+03 8.563110e+03  
6.945178e-02 2.344618e+03 4.242900e+03 5.709945e+03 8.461621e+03  
7.041990e-02 2.315017e+03 4.189288e+03 5.638004e+03 8.356370e+03  
7.140151e-02 2.284298e+03 4.133691e+03 5.563413e+03 8.247196e+03  
7.239681e-02 2.252424e+03 4.076051e+03 5.486093e+03 8.133974e+03  
7.340598e-02 2.219362e+03 4.016305e+03 5.405961e+03 8.016573e+03  
7.442922e-02 2.185078e+03 3.954399e+03 5.322942e+03 7.894879e+03  
7.546673e-02 2.149587e+03 3.890361e+03 5.237077e+03 7.768941e+03  
7.651869e-02 2.112935e+03 3.824276e+03 5.148477e+03 7.638921e+03  
7.758532e-02 2.075173e+03 3.756237e+03 5.057267e+03 7.505000e+03  
7.866682e-02 2.036359e+03 3.686350e+03 4.963592e+03 7.367388e+03  
7.976339e-02 1.996587e+03 3.614786e+03 4.867678e+03 7.226419e+03  
8.087525e-02 1.955983e+03 3.541771e+03 4.769830e+03 7.082542e+03  
8.200261e-02 1.914685e+03 3.467551e+03 4.670379e+03 6.936250e+03  
8.314568e-02 1.872843e+03 3.392395e+03 4.569685e+03 6.788080e+03  
8.430468e-02 1.830612e+03 3.316582e+03 4.468123e+03 6.638588e+03  
8.547985e-02 1.788158e+03 3.240407e+03 4.366089e+03 6.488367e+03  
8.667139e-02 1.745659e+03 3.164189e+03 4.264011e+03 6.338055e+03  
8.787954e-02 1.703304e+03 3.088262e+03 4.162338e+03 6.188325e+03  
8.910453e-02 1.661271e+03 3.012945e+03 4.061498e+03 6.039818e+03  
9.034660e-02 1.619748e+03 2.938570e+03 3.961935e+03 5.893202e+03  
9.160598e-02 1.578934e+03 2.865493e+03 3.864127e+03 5.749191e+03  
9.288292e-02 1.539019e+03 2.794047e+03 3.768523e+03 5.608461e+03  
9.417766e-02 1.500175e+03 2.724538e+03 3.675531e+03 5.471626e+03  
9.549045e-02 1.462585e+03 2.657289e+03 3.585583e+03 5.339337e+03  
9.682153e-02 1.426444e+03 2.592643e+03 3.499141e+03 5.212286e+03  
9.817117e-02 1.391918e+03 2.530894e+03 3.416600e+03 5.091069e+03  
9.953962e-02 1.359117e+03 2.472234e+03 3.338213e+03 4.976071e+03  
1.009272e-01 1.328149e+03 2.416850e+03 3.264231e+03 4.867672e+03  
1.023340e-01 1.299123e+03 2.364933e+03 3.194913e+03 4.766262e+03  
1.037605e-01 1.272097e+03 2.316583e+03 3.130388e+03 4.672044e+03  
1.052069e-01 1.247047e+03 2.271751e+03 3.070593e+03 4.584923e+03  
1.066734e-01 1.223932e+03 2.230365e+03 3.015429e+03 4.504761e+03  
1.081604e-01 1.202704e+03 2.192332e+03 2.964772e+03 4.431375e+03  
1.096681e-01 1.183246e+03 2.157445e+03 2.918343e+03 4.364354e+03  
1.111968e-01 1.165392e+03 2.125404e+03 2.875740e+03 4.303100e+03  
1.127468e-01 1.148954e+03 2.095876e+03 2.836516e+03 4.246946e+03  
1.143184e-01 1.133729e+03 2.068498e+03 2.800185e+03 4.195165e+03  
1.159120e-01 1.119497e+03 2.042880e+03 2.766223e+03 4.146973e+03  
1.175277e-01 1.106018e+03 2.018597e+03 2.734060e+03 4.101513e+03  
1.191660e-01 1.093034e+03 1.995193e+03 2.703085e+03 4.057863e+03  
1.208271e-01 1.080306e+03 1.972245e+03 2.672727e+03 4.015162e+03  
1.225114e-01 1.067595e+03 1.949332e+03 2.642424e+03 3.972554e+03  
1.242191e-01 1.054646e+03 1.926004e+03 2.611568e+03 3.929114e+03  
1.259506e-01 1.041229e+03 1.901860e+03 2.579621e+03 3.884016e+03  
1.277063e-01 1.027149e+03 1.876555e+03 2.546117e+03 3.836545e+03  
1.294865e-01 1.012196e+03 1.849725e+03 2.510566e+03 3.785943e+03  
1.312915e-01 9.962140e+02 1.821097e+03 2.472598e+03 3.731633e+03  
1.331216e-01 9.791226e+02 1.790531e+03 2.432024e+03 3.673315e+03  
1.349772e-01 9.608441e+02 1.757895e+03 2.388664e+03 3.610698e+03  
1.368587e-01 9.413728e+02 1.723181e+03 2.342506e+03 3.543754e+03  
1.387665e-01 9.207940e+02 1.686542e+03 2.293755e+03 3.472783e+03  
1.407008e-01 8.992106e+02 1.648161e+03 2.242655e+03 3.398151e+03  
1.426621e-01 8.767845e+02 1.608324e+03 2.189592e+03 3.320443e+03  
1.446507e-01 8.537308e+02 1.567411e+03 2.135075e+03 3.240435e+03  
1.466671e-01 8.302849e+02 1.525835e+03 2.079662e+03 3.158977e+03  
1.487115e-01 8.067003e+02 1.484043e+03 2.023951e+03 3.076989e+03  
1.507845e-01 7.832512e+02 1.442513e+03 1.968589e+03 2.995462e+03  
1.528864e-01 7.602149e+02 1.401731e+03 1.914229e+03 2.915396e+03  
1.550175e-01 7.378491e+02 1.362147e+03 1.861475e+03 2.837721e+03  
1.571784e-01 7.164207e+02 1.324227e+03 1.810955e+03 2.763397e+03  
1.593694e-01 6.961530e+02 1.288358e+03 1.763187e+03 2.693224e+03  
1.615909e-01 6.772444e+02 1.254885e+03 1.718635e+03 2.627911e+03  
1.638434e-01 6.598530e+02 1.224081e+03 1.677665e+03 2.568021e+03  
1.661273e-01 6.440324e+02 1.196035e+03 1.640397e+03 2.513743e+03  
1.684430e-01 6.298054e+02 1.170783e+03 1.606878e+03 2.465155e+03  
1.707910e-01 6.170832e+02 1.148168e+03 1.576897e+03 2.421937e+03  
1.731717e-01 6.057196e+02 1.127930e+03 1.550106e+03 2.383564e+03  
1.755856e-01 5.955195e+02 1.109727e+03 1.526046e+03 2.349340e+03  
1.780332e-01 5.862385e+02 1.093131e+03 1.504141e+03 2.318388e+03  
1.805149e-01 5.776196e+02 1.077693e+03 1.483788e+03 2.289787e+03  
1.830312e-01 5.694020e+02 1.062958e+03 1.464377e+03 2.262600e+03  
1.855825e-01 5.613185e+02 1.048460e+03 1.445281e+03 2.235863e+03  
1.881694e-01 5.531173e+02 1.033763e+03 1.425911e+03 2.208665e+03  
1.907924e-01 5.445516e+02 1.018438e+03 1.405690e+03 2.180110e+03  
1.934520e-01 5.354234e+02 1.002143e+03 1.384155e+03 2.149475e+03  
1.961486e-01 5.255617e+02 9.845830e+02 1.360908e+03 2.116134e+03  
1.988828e-01 5.148927e+02 9.656314e+02 1.335776e+03 2.079814e+03  
2.016551e-01 5.033968e+02 9.452572e+02 1.308718e+03 2.040441e+03  
2.044661e-01 4.911775e+02 9.236416e+02 1.279976e+03 1.998390e+03  
2.073162e-01 4.783934e+02 9.010616e+02 1.249925e+03 1.954240e+03  
2.102061e-01 4.652681e+02 8.779058e+02 1.219088e+03 1.908805e+03  
2.131362e-01 4.520472e+02 8.546002e+02 1.188041e+03 1.862978e+03  
2.161073e-01 4.389811e+02 8.315781e+02 1.157368e+03 1.817671e+03  
2.191197e-01 4.263102e+02 8.092545e+02 1.127628e+03 1.773750e+03  
2.221741e-01 4.142498e+02 7.880003e+02 1.099320e+03 1.731992e+03  
2.252711e-01 4.029715e+02 7.681097e+02 1.072839e+03 1.693010e+03  
2.284112e-01 3.925994e+02 7.497943e+02 1.048470e+03 1.657245e+03  
2.315951e-01 3.831800e+02 7.331317e+02 1.026317e+03 1.624857e+03  
2.348235e-01 3.747008e+02 7.180977e+02 1.006346e+03 1.595797e+03  
2.380968e-01 3.670736e+02 7.045377e+02 9.883485e+02 1.569744e+03  
2.414157e-01 3.601617e+02 6.922144e+02 9.720064e+02 1.546207e+03  
2.447809e-01 3.537843e+02 6.808151e+02 9.568988e+02 1.524536e+03  
2.481930e-01 3.477322e+02 6.699791e+02 9.425408e+02 1.503982e+03  
2.516527e-01 3.417831e+02 6.593240e+02 9.284175e+02 1.483746e+03  
2.551606e-01 3.357197e+02 6.484770e+02 9.140270e+02 1.463048e+03  
2.587174e-01 3.293700e+02 6.371434e+02 8.989724e+02 1.441267e+03  
2.623238e-01 3.226238e+02 6.251358e+02 8.830008e+02 1.418011e+03  
2.659804e-01 3.154640e+02 6.124261e+02 8.660749e+02 1.393219e+03  
2.696881e-01 3.079488e+02 5.991157e+02 8.483312e+02 1.367105e+03  
2.734474e-01 3.001916e+02 5.853997e+02 8.300334e+02 1.340081e+03  
2.772591e-01 2.923372e+02 5.715271e+02 8.115171e+02 1.312671e+03  
2.811239e-01 2.845384e+02 5.577594e+02 7.931349e+02 1.285427e+03  
2.850426e-01 2.769516e+02 5.443635e+02 7.752458e+02 1.258908e+03  
2.890160e-01 2.697272e+02 5.315952e+02 7.581939e+02 1.233650e+03  
2.930447e-01 2.629798e+02 5.196486e+02 7.422393e+02 1.210054e+03  
2.971296e-01 2.567698e+02 5.086247e+02 7.275170e+02 1.188329e+03  
3.012714e-01 2.510890e+02 4.985075e+02 7.140046e+02 1.168440e+03  
3.054710e-01 2.458591e+02 4.891622e+02 7.015208e+02 1.150105e+03  
3.097291e-01 2.409652e+02 4.803922e+02 6.898013e+02 1.132915e+03  
3.140465e-01 2.362818e+02 4.719835e+02 6.785587e+02 1.116425e+03  
3.184242e-01 2.316829e+02 4.637218e+02 6.675056e+02 1.100190e+03  
3.228628e-01 2.270529e+02 4.554114e+02 6.563793e+02 1.083803e+03  
3.273634e-01 2.223054e+02 4.469064e+02 6.449845e+02 1.066964e+03  
3.319266e-01 2.174008e+02 4.381405e+02 6.332329e+02 1.049537e+03  
3.365535e-01 2.123588e+02 4.291480e+02 6.211709e+02 1.031597e+03  
3.412449e-01 2.072513e+02 4.200513e+02 6.089636e+02 1.013401e+03  
3.460016e-01 2.021746e+02 4.110132e+02 5.968293e+02 9.952889e+02  
3.508247e-01 1.972217e+02 4.021905e+02 5.849784e+02 9.775860e+02  
3.557150e-01 1.924715e+02 3.937157e+02 5.735880e+02 9.605660e+02  
3.606735e-01 1.879807e+02 3.856831e+02 5.627837e+02 9.444217e+02  
3.657011e-01 1.837686e+02 3.781242e+02 5.526072e+02 9.292156e+02  
3.707988e-01 1.798141e+02 3.710021e+02 5.430085e+02 9.148701e+02  
3.759675e-01 1.760612e+02 3.642223e+02 5.338611e+02 9.011897e+02  
3.812083e-01 1.724400e+02 3.576670e+02 5.250074e+02 8.879329e+02  
3.865221e-01 1.688850e+02 3.512260e+02 5.163007e+02 8.748748e+02  
3.919100e-01 1.653404e+02 3.448064e+02 5.076172e+02 8.618270e+02  
3.973730e-01 1.617709e+02 3.383493e+02 4.988789e+02 8.486719e+02  
4.029122e-01 1.581724e+02 3.318486e+02 4.900782e+02 8.353996e+02  
4.085286e-01 1.545801e+02 3.253632e+02 4.812941e+02 8.221324e+02  
4.142232e-01 1.510465e+02 3.189806e+02 4.726430e+02 8.090491e+02  
4.199973e-01 1.476122e+02 3.127680e+02 4.642143e+02 7.962859e+02  
4.258518e-01 1.443074e+02 3.067751e+02 4.560738e+02 7.839425e+02  
4.317880e-01 1.411474e+02 3.010268e+02 4.482542e+02 7.720676e+02  
4.378069e-01 1.381349e+02 2.955265e+02 4.407595e+02 7.606666e+02  
4.439097e-01 1.352413e+02 2.902265e+02 4.335264e+02 7.496429e+02  
4.500975e-01 1.324253e+02 2.850583e+02 4.264642e+02 7.388598e+02  
4.563716e-01 1.296563e+02 2.799713e+02 4.195059e+02 7.282168e+02  
4.627332e-01 1.269210e+02 2.749439e+02 4.126232e+02 7.176723e+02  
4.691835e-01 1.242092e+02 2.699590e+02 4.057940e+02 7.071941e+02  
4.757236e-01 1.215233e+02 2.650210e+02 3.990241e+02 6.967921e+02  
4.823549e-01 1.188889e+02 2.601717e+02 3.923689e+02 6.865496e+02  
4.890787e-01 1.163314e+02 2.554525e+02 3.858828e+02 6.765476e+02  
4.958962e-01 1.138550e+02 2.508697e+02 3.795739e+02 6.667977e+02  
5.028087e-01 1.114647e+02 2.464313e+02 3.734522e+02 6.573147e+02  
5.098176e-01 1.091535e+02 2.421254e+02 3.675023e+02 6.480749e+02  
5.169242e-01 1.069072e+02 2.379286e+02 3.616931e+02 6.390326e+02  
5.241298e-01 1.047059e+02 2.338086e+02 3.559826e+02 6.301260e+02  
5.314359e-01 1.025442e+02 2.297565e+02 3.503593e+02 6.213387e+02  
5.388438e-01 1.004190e+02 2.257674e+02 3.448170e+02 6.126621e+02  
5.463550e-01 9.833310e+01 2.218457e+02 3.393613e+02 6.041049e+02  
5.539709e-01 9.629631e+01 2.180070e+02 3.340126e+02 5.956968e+02  
5.616930e-01 9.431709e+01 2.142648e+02 3.287883e+02 5.874626e+02  
5.695227e-01 9.239277e+01 2.106144e+02 3.236821e+02 5.793933e+02  
5.774615e-01 9.052174e+01 2.070530e+02 3.186905e+02 5.714834e+02  
5.855110e-01 8.869945e+01 2.035733e+02 3.138036e+02 5.637187e+02  
5.936727e-01 8.691720e+01 2.001611e+02 3.090035e+02 5.560735e+02  
6.019482e-01 8.517162e+01 1.968111e+02 3.042831e+02 5.485380e+02  
6.103390e-01 8.346324e+01 1.935240e+02 2.996435e+02 5.411137e+02  
6.188468e-01 8.179157e+01 1.902989e+02 2.950835e+02 5.337992e+02  
6.274732e-01 8.016139e+01 1.871432e+02 2.906125e+02 5.266073e+02  
6.362198e-01 7.857320e+01 1.840575e+02 2.862311e+02 5.195389e+02  
6.450884e-01 7.702453e+01 1.810377e+02 2.819341e+02 5.125865e+02  
6.540806e-01 7.551366e+01 1.780810e+02 2.777178e+02 5.057448e+02  
6.631981e-01 7.403814e+01 1.751834e+02 2.735771e+02 4.990067e+02  
6.724427e-01 7.259410e+01 1.723389e+02 2.695043e+02 4.923615e+02  
6.818162e-01 7.118160e+01 1.695473e+02 2.654994e+02 4.858093e+02  
6.913204e-01 6.980143e+01 1.668098e+02 2.615636e+02 4.793516e+02  
7.009570e-01 6.845422e+01 1.641272e+02 2.576980e+02 4.729896e+02  
7.107280e-01 6.713946e+01 1.614986e+02 2.539012e+02 4.667216e+02  
7.206351e-01 6.585569e+01 1.589216e+02 2.501704e+02 4.605432e+02  
7.306804e-01 6.460124e+01 1.563935e+02 2.465019e+02 4.544498e+02  
7.408657e-01 6.337458e+01 1.539119e+02 2.428929e+02 4.484372e+02  
7.511929e-01 6.217519e+01 1.514759e+02 2.393421e+02 4.425039e+02  
7.616642e-01 6.100277e+01 1.490848e+02 2.358488e+02 4.366486e+02  
7.722814e-01 5.985691e+01 1.467381e+02 2.324120e+02 4.308700e+02  
7.830465e-01 5.873704e+01 1.444346e+02 2.290305e+02 4.251663e+02  
7.939618e-01 5.764247e+01 1.421733e+02 2.257027e+02 4.195355e+02  
8.050292e-01 5.657234e+01 1.399528e+02 2.224270e+02 4.139751e+02  
8.162509e-01 5.552576e+01 1.377716e+02 2.192016e+02 4.084829e+02  
8.276289e-01 5.450214e+01 1.356287e+02 2.160251e+02 4.030570e+02  
8.391656e-01 5.350097e+01 1.335233e+02 2.128966e+02 3.976959e+02  
8.508632e-01 5.252165e+01 1.314545e+02 2.098147e+02 3.923982e+02  
8.627237e-01 5.156360e+01 1.294212e+02 2.067784e+02 3.871620e+02  
8.747496e-01 5.062632e+01 1.274226e+02 2.037865e+02 3.819860e+02  
8.869432e-01 4.970929e+01 1.254579e+02 2.008380e+02 3.768689e+02  
8.993067e-01 4.881189e+01 1.235261e+02 1.979317e+02 3.718089e+02  
9.118425e-01 4.793362e+01 1.216264e+02 1.950666e+02 3.668047e+02  
9.245531e-01 4.707404e+01 1.197581e+02 1.922417e+02 3.618552e+02  
9.374409e-01 4.623265e+01 1.179203e+02 1.894561e+02 3.569590e+02  
9.505083e-01 4.540890e+01 1.161122e+02 1.867087e+02 3.521149e+02  
9.637579e-01 4.460237e+01 1.143332e+02 1.839987e+02 3.473217e+02  
9.771921e-01 4.381263e+01 1.125824e+02 1.813253e+02 3.425784e+02  
9.908137e-01 4.303918e+01 1.108593e+02 1.786875e+02 3.378837e+02  
1.004625e+00 4.228155e+01 1.091629e+02 1.760844e+02 3.332367e+02  
1.018629e+00 4.153940e+01 1.074928e+02 1.735154e+02 3.286364e+02  
1.032828e+00 4.081234e+01 1.058484e+02 1.709798e+02 3.240819e+02  
1.047225e+00 4.009993e+01 1.042290e+02 1.684766e+02 3.195723e+02  
1.061823e+00 3.940179e+01 1.026340e+02 1.660053e+02 3.151068e+02  
1.076624e+00 3.871759e+01 1.010628e+02 1.635652e+02 3.106846e+02  
1.091632e+00 3.804690e+01 9.951489e+01 1.611556e+02 3.063048e+02  
1.106848e+00 3.738934e+01 9.798965e+01 1.587757e+02 3.019666e+02  
1.122277e+00 3.674463e+01 9.648662e+01 1.564252e+02 2.976696e+02  
1.137921e+00 3.611247e+01 9.500537e+01 1.541034e+02 2.934130e+02  
1.153783e+00 3.549253e+01 9.354540e+01 1.518097e+02 2.891962e+02  
1.169866e+00 3.488452e+01 9.210624e+01 1.495438e+02 2.850187e+02  
1.186174e+00 3.428813e+01 9.068747e+01 1.473049e+02 2.808800e+02  
1.202708e+00 3.370307e+01 8.928863e+01 1.450928e+02 2.767794e+02  
1.219473e+00 3.312900e+01 8.790924e+01 1.429067e+02 2.727164e+02  
1.236472e+00 3.256564e+01 8.654891e+01 1.407463e+02 2.686907e+02  
1.253708e+00 3.201276e+01 8.520726e+01 1.386111e+02 2.647017e+02  
1.271184e+00 3.147007e+01 8.388390e+01 1.365007e+02 2.607491e+02  
1.288904e+00 3.093729e+01 8.257843e+01 1.344148e+02 2.568325e+02  
1.306870e+00 3.041421e+01 8.129054e+01 1.323528e+02 2.529516e+02  
1.325087e+00 2.990060e+01 8.001991e+01 1.303145e+02 2.491060e+02  
1.343558e+00 2.939620e+01 7.876617e+01 1.282996e+02 2.452955e+02  
1.362287e+00 2.890081e+01 7.752903e+01 1.263076e+02 2.415197e+02  
1.381276e+00 2.841421e+01 7.630819e+01 1.243382e+02 2.377785e+02  
1.400531e+00 2.793620e+01 7.510337e+01 1.223912e+02 2.340716e+02  
1.420053e+00 2.746654e+01 7.391424e+01 1.204663e+02 2.303988e+02  
1.439848e+00 2.700506e+01 7.274056e+01 1.185631e+02 2.267599e+02  
1.459919e+00 2.655156e+01 7.158206e+01 1.166814e+02 2.231548e+02  
1.480269e+00 2.610583e+01 7.043848e+01 1.148209e+02 2.195832e+02  
1.500903e+00 2.566769e+01 6.930956e+01 1.129813e+02 2.160451e+02  
1.521825e+00 2.523699e+01 6.819509e+01 1.111625e+02 2.125403e+02  
1.543038e+00 2.481355e+01 6.709483e+01 1.093643e+02 2.090688e+02  
1.564548e+00 2.439718e+01 6.600856e+01 1.075863e+02 2.056304e+02  
1.586357e+00 2.398774e+01 6.493607e+01 1.058283e+02 2.022252e+02  
1.608469e+00 2.358508e+01 6.387717e+01 1.040903e+02 1.988531e+02  
1.630891e+00 2.318905e+01 6.283167e+01 1.023720e+02 1.955137e+02  
1.653624e+00 2.279949e+01 6.179935e+01 1.006732e+02 1.922075e+02  
1.676675e+00 2.241626e+01 6.078005e+01 9.899369e+01 1.889342e+02  
1.700047e+00 2.203924e+01 5.977359e+01 9.733338e+01 1.856938e+02  
1.723745e+00 2.166827e+01 5.877980e+01 9.569207e+01 1.824864e+02  
1.747773e+00 2.130323e+01 5.779850e+01 9.406961e+01 1.793119e+02  
1.772136e+00 2.094400e+01 5.682956e+01 9.246586e+01 1.761704e+02  
1.796838e+00 2.059045e+01 5.587281e+01 9.088067e+01 1.730619e+02  
1.821885e+00 2.024245e+01 5.492810e+01 8.931391e+01 1.699865e+02  
1.847281e+00 1.989990e+01 5.399529e+01 8.776545e+01 1.669441e+02  
1.873032e+00 1.956270e+01 5.307426e+01 8.623516e+01 1.639348e+02  
1.899141e+00 1.923074e+01 5.216486e+01 8.472293e+01 1.609586e+02  
1.925614e+00 1.890391e+01 5.126698e+01 8.322864e+01 1.580157e+02  
1.952456e+00 1.858212e+01 5.038048e+01 8.175219e+01 1.551060e+02  
1.979672e+00 1.826526e+01 4.950525e+01 8.029345e+01 1.522297e+02  
2.007267e+00 1.795323e+01 4.864117e+01 7.885233e+01 1.493867e+02  
2.035248e+00 1.764595e+01 4.778811e+01 7.742871e+01 1.465771e+02  
2.063618e+00 1.734332e+01 4.694599e+01 7.602252e+01 1.438011e+02  
2.092383e+00 1.704526e+01 4.611468e+01 7.463365e+01 1.410585e+02  
2.121550e+00 1.675168e+01 4.529408e+01 7.326201e+01 1.383496e+02  
2.151123e+00 1.646251e+01 4.448411e+01 7.190752e+01 1.356743e+02  
2.181109e+00 1.617767e+01 4.368465e+01 7.057008e+01 1.330326e+02  
2.211512e+00 1.589708e+01 4.289561e+01 6.924961e+01 1.304247e+02  
2.242340e+00 1.562066e+01 4.211691e+01 6.794603e+01 1.278505e+02  
2.273597e+00 1.534836e+01 4.134845e+01 6.665926e+01 1.253101e+02  
2.305289e+00 1.508009e+01 4.059014e+01 6.538922e+01 1.228035e+02  
2.337424e+00 1.481579e+01 3.984190e+01 6.413583e+01 1.203308e+02  
2.370006e+00 1.455539e+01 3.910365e+01 6.289901e+01 1.178918e+02  
2.403043e+00 1.429883e+01 3.837530e+01 6.167869e+01 1.154867e+02  
2.436540e+00 1.404605e+01 3.765676e+01 6.047478e+01 1.131154e+02  
2.470504e+00 1.379698e+01 3.694796e+01 5.928722e+01 1.107779e+02  
2.504942e+00 1.355157e+01 3.624882e+01 5.811593e+01 1.084741e+02  
2.539859e+00 1.330977e+01 3.555928e+01 5.696084e+01 1.062041e+02  
2.575263e+00 1.307152e+01 3.487924e+01 5.582188e+01 1.039678e+02  
2.611161e+00 1.283676e+01 3.420864e+01 5.469896e+01 1.017650e+02  
2.647559e+00 1.260546e+01 3.354741e+01 5.359202e+01 9.959585e+01  
2.684465e+00 1.237755e+01 3.289547e+01 5.250097e+01 9.746012e+01  
2.721885e+00 1.215297e+01 3.225275e+01 5.142575e+01 9.535775e+01  
2.759826e+00 1.193170e+01 3.161918e+01 5.036628e+01 9.328865e+01  
2.798297e+00 1.171367e+01 3.099470e+01 4.932247e+01 9.125268e+01  
2.837304e+00 1.149886e+01 3.037922e+01 4.829426e+01 8.924972e+01  
2.876854e+00 1.128721e+01 2.977269e+01 4.728157e+01 8.727962e+01  
2.916956e+00 1.107868e+01 2.917505e+01 4.628431e+01 8.534224e+01  
2.957617e+00 1.087323e+01 2.858621e+01 4.530240e+01 8.343741e+01  
2.998844e+00 1.067081e+01 2.800612e+01 4.433576e+01 8.156495e+01  
3.040646e+00 1.047140e+01 2.743470e+01 4.338430e+01 7.972467e+01  
3.083031e+00 1.027495e+01 2.687190e+01 4.244793e+01 7.791638e+01  
3.126007e+00 1.008142e+01 2.631765e+01 4.152658e+01 7.613986e+01  
3.169582e+00 9.890770e+00 2.577187e+01 4.062014e+01 7.439489e+01  
3.213764e+00 9.702974e+00 2.523452e+01 3.972852e+01 7.268124e+01  
3.258562e+00 9.517993e+00 2.470551e+01 3.885164e+01 7.099867e+01  
3.303985e+00 9.335792e+00 2.418479e+01 3.798938e+01 6.934693e+01  
3.350041e+00 9.156336e+00 2.367229e+01 3.714166e+01 6.772575e+01  
3.396739e+00 8.979595e+00 2.316795e+01 3.630837e+01 6.613488e+01  
3.444087e+00 8.805536e+00 2.267170e+01 3.548940e+01 6.457402e+01  
3.492096e+00 8.634126e+00 2.218348e+01 3.468465e+01 6.304290e+01  
3.540774e+00 8.465336e+00 2.170322e+01 3.389402e+01 6.154121e+01  
3.590130e+00 8.299135e+00 2.123085e+01 3.311738e+01 6.006866e+01  
3.640175e+00 8.135491e+00 2.076631e+01 3.235462e+01 5.862494e+01  
3.690917e+00 7.974376e+00 2.030954e+01 3.160563e+01 5.720974e+01  
3.742366e+00 7.815762e+00 1.986047e+01 3.087029e+01 5.582272e+01  
3.794533e+00 7.659619e+00 1.941903e+01 3.014847e+01 5.446357e+01  
3.847427e+00 7.505920e+00 1.898515e+01 2.944005e+01 5.313195e+01  
3.901058e+00 7.354636e+00 1.855878e+01 2.874490e+01 5.182752e+01  
3.955436e+00 7.205742e+00 1.813983e+01 2.806289e+01 5.054995e+01  
4.010573e+00 7.059209e+00 1.772825e+01 2.739389e+01 4.929887e+01  
4.066478e+00 6.915011e+00 1.732396e+01 2.673777e+01 4.807396e+01  
4.123163e+00 6.773122e+00 1.692690e+01 2.609439e+01 4.687484e+01  
4.180637e+00 6.633518e+00 1.653699e+01 2.546361e+01 4.570117e+01  
4.238913e+00 6.496171e+00 1.615417e+01 2.484528e+01 4.455259e+01  
4.298001e+00 6.361057e+00 1.577837e+01 2.423928e+01 4.342873e+01  
4.357913e+00 6.228151e+00 1.540951e+01 2.364544e+01 4.232923e+01  
4.418660e+00 6.097428e+00 1.504752e+01 2.306363e+01 4.125373e+01  
4.480254e+00 5.968864e+00 1.469234e+01 2.249369e+01 4.020186e+01  
4.542706e+00 5.842434e+00 1.434389e+01 2.193549e+01 3.917326e+01  
4.606029e+00 5.718114e+00 1.400209e+01 2.138885e+01 3.816755e+01  
4.670234e+00 5.595882e+00 1.366688e+01 2.085365e+01 3.718437e+01  
4.735335e+00 5.475712e+00 1.333818e+01 2.032971e+01 3.622335e+01  
4.801343e+00 5.357582e+00 1.301590e+01 1.981688e+01 3.528413e+01  
4.868271e+00 5.241470e+00 1.269999e+01 1.931502e+01 3.436634e+01  
4.936132e+00 5.127350e+00 1.239036e+01 1.882395e+01 3.346961e+01  
5.004939e+00 5.015202e+00 1.208694e+01 1.834353e+01 3.259358e+01  
5.074705e+00 4.905001e+00 1.178964e+01 1.787360e+01 3.173787e+01  
5.145444e+00 4.796726e+00 1.149840e+01 1.741400e+01 3.090215e+01  
5.217169e+00 4.690355e+00 1.121313e+01 1.696457e+01 3.008603e+01  
5.289893e+00 4.585864e+00 1.093375e+01 1.652515e+01 2.928917e+01  
5.363631e+00 4.483232e+00 1.066019e+01 1.609558e+01 2.851120e+01  
5.438397e+00 4.382437e+00 1.039237e+01 1.567570e+01 2.775178e+01  
5.514206e+00 4.283457e+00 1.013021e+01 1.526536e+01 2.701056e+01  
5.591071e+00 4.186269e+00 9.873634e+00 1.486440e+01 2.628718e+01  
5.669007e+00 4.090854e+00 9.622552e+00 1.447265e+01 2.558130e+01  
5.748030e+00 3.997189e+00 9.376891e+00 1.408997e+01 2.489258e+01  
5.828155e+00 3.905251e+00 9.136569e+00 1.371618e+01 2.422068e+01  
5.909396e+00 3.815023e+00 8.901506e+00 1.335115e+01 2.356527e+01  
5.991770e+00 3.726480e+00 8.671623e+00 1.299470e+01 2.292600e+01  
6.075292e+00 3.639602e+00 8.446838e+00 1.264669e+01 2.230256e+01  
6.159978e+00 3.554369e+00 8.227071e+00 1.230695e+01 2.169462e+01  
6.245845e+00 3.470759e+00 8.012242e+00 1.197535e+01 2.110185e+01  
6.332908e+00 3.388752e+00 7.802272e+00 1.165172e+01 2.052394e+01  
6.421186e+00 3.308326e+00 7.597080e+00 1.133592e+01 1.996058e+01  
6.510694e+00 3.229462e+00 7.396586e+00 1.102778e+01 1.941146e+01  
6.601449e+00 3.152139e+00 7.200710e+00 1.072718e+01 1.887626e+01  
6.693470e+00 3.076337e+00 7.009374e+00 1.043395e+01 1.835470e+01  
6.786773e+00 3.002035e+00 6.822498e+00 1.014795e+01 1.784647e+01  
6.881377e+00 2.929213e+00 6.640003e+00 9.869045e+00 1.735128e+01  
6.977300e+00 2.857851e+00 6.461812e+00 9.597080e+00 1.686884e+01  
7.074559e+00 2.787928e+00 6.287847e+00 9.331917e+00 1.639887e+01  
7.173175e+00 2.719426e+00 6.118030e+00 9.073417e+00 1.594109e+01  
7.273165e+00 2.652324e+00 5.952285e+00 8.821440e+00 1.549522e+01  
7.374549e+00 2.586603e+00 5.790535e+00 8.575850e+00 1.506099e+01  
7.477346e+00 2.522242e+00 5.632704e+00 8.336512e+00 1.463814e+01  
7.581576e+00 2.459222e+00 5.478718e+00 8.103292e+00 1.422640e+01  
7.687260e+00 2.397524e+00 5.328503e+00 7.876058e+00 1.382552e+01  
7.794416e+00 2.337128e+00 5.181983e+00 7.654682e+00 1.343524e+01  
7.903066e+00 2.278016e+00 5.039086e+00 7.439034e+00 1.305531e+01  
8.013230e+00 2.220166e+00 4.899741e+00 7.228988e+00 1.268549e+01  
8.124930e+00 2.163561e+00 4.763874e+00 7.024420e+00 1.232554e+01  
8.238187e+00 2.108182e+00 4.631415e+00 6.825207e+00 1.197522e+01  
8.353023e+00 2.054009e+00 4.502295e+00 6.631228e+00 1.163431e+01  
8.469460e+00 2.001023e+00 4.376443e+00 6.442364e+00 1.130257e+01  
8.587519e+00 1.949207e+00 4.253792e+00 6.258499e+00 1.097978e+01  
8.707225e+00 1.898540e+00 4.134273e+00 6.079516e+00 1.066572e+01  
8.828599e+00 1.849004e+00 4.017821e+00 5.905304e+00 1.036019e+01  
8.951665e+00 1.800582e+00 3.904368e+00 5.735750e+00 1.006297e+01  
9.076446e+00 1.753254e+00 3.793850e+00 5.570745e+00 9.773847e+00  
9.202967e+00 1.707002e+00 3.686203e+00 5.410182e+00 9.492630e+00  
9.331251e+00 1.661808e+00 3.581364e+00 5.253954e+00 9.219119e+00  
9.461324e+00 1.617654e+00 3.479269e+00 5.101959e+00 8.953120e+00  
9.593209e+00 1.574522e+00 3.379859e+00 4.954093e+00 8.694445e+00  
9.726934e+00 1.532394e+00 3.283071e+00 4.810257e+00 8.442907e+00  
9.862522e+00 1.491252e+00 3.188847e+00 4.670354e+00 8.198325e+00  
1.000000e+01 1.451078e+00 3.097128e+00 4.534286e+00 7.960523e+00  
